3.670131740192850850e-02
3.669133291011283937e-02
3.666053442909440047e-02
3.660648270175023700e-02
3.652539497202868246e-02
3.641252634267678340e-02
3.626263350665753782e-02
3.607042318050950047e-02
3.583098361124938125e-02
3.554013052275148410e-02
3.519462127857811429e-02
3.479232064197493313e-02
3.433222145789500274e-02
3.381442896623416267e-02
3.324007458874393695e-02
3.261120895901381544e-02
3.193068257830090212e-02
3.120202133798754066e-02
3.042931088120247665e-02
2.961707799513881023e-02
2.877019591873340026e-02
2.789379258784677185e-02
2.699315702387875687e-02
2.607368550207649072e-02
2.514078257082145301e-02
2.419982961832671878e-02
2.325610477373903778e-02
2.231474299194981942e-02
2.138068560918311017e-02
2.045864326472812342e-02
1.955305145550814694e-02
1.866804460997413886e-02
1.780743362775454031e-02
1.697466999576067656e-02
1.617283921497807142e-02
1.540464246630550427e-02
1.467239064548830386e-02
1.397799299393978276e-02
1.332295794682302609e-02
1.270839681440643493e-02
1.213503209076576689e-02
1.160319635309964119e-02
1.111285614515220878e-02
1.066361607717502408e-02
1.025474312663794858e-02
9.885180344898669008e-03
9.553574124774906126e-03
9.258287963083719138e-03
8.997439915545107914e-03
8.768911536723102487e-03
8.570389721457467858e-03
8.399380863548936912e-03
8.253248043219186397e-03
8.129229291062023410e-03
8.024470881888651208e-03
7.936053269770570670e-03
7.861012424265156548e-03
7.796371437937351170e-03
7.739161887983085110e-03
7.686446102585235002e-03
7.635343569228858658e-03
7.583047029774626219e-03
7.526845940366559684e-03
7.464142846114154434e-03
7.392467314996205990e-03
7.309496734285035949e-03
7.213063472586396692e-03
7.101169356385442048e-03
6.971993952880693735e-03
6.823905038609747245e-03
6.655461008439774589e-03
6.465420592209471067e-03
6.252739857282276631e-03
6.016578385835912555e-03
5.756298332446181665e-03
5.471460557402412460e-03
5.161824593031910657e-03
4.827344066864226735e-03
4.468159683319384776e-03
4.084594892744108224e-03
3.677147502530851101e-03
3.246480613352259979e-03
2.793415565160644459e-03
2.318920904679510914e-03
1.824101557873190633e-03
1.310188665493860647e-03
7.785283277792157813e-04
2.305706473965918844e-04
-3.321453321437084234e-04
-9.079988974981802966e-04
-1.495303248965454933e-03
-2.092315639248320050e-03
-2.697249338139262338e-03
-3.308287127104730420e-03
-3.923590381925346621e-03
-4.541310258323302644e-03
-5.159600278094898101e-03
-5.776624258497509157e-03
-6.390568894783323940e-03
-6.999650282671337348e-03
-7.602122294300838259e-03
-8.196289599253180763e-03
-8.780509030394534689e-03
-9.353200247487853877e-03
-9.912851727180415143e-03
-1.045802300939801741e-02
-1.098735530627544324e-02
-1.149957277766164992e-02
-1.199348471711690275e-02
-1.246799051061405622e-02
-1.292208364239307017e-02
-1.335485102258793071e-02
-1.376547415593356964e-02
-1.415323215174504184e-02
-1.451750005621703712e-02
-1.485774902672272642e-02
-1.517354555464982442e-02
-1.546454973737631730e-02
-1.573051539401129628e-02
-1.597128457505350013e-02
-1.618678950525577823e-02
-1.637704519670986347e-02
-1.654214949680314281e-02
-1.668227753341026964e-02
-1.679768173407091350e-02
-1.688868438154348534e-02
-1.695567388249938703e-02
-1.699910475025896012e-02
-1.701948453864724625e-02
-1.701738311810546689e-02
-1.699341214084946691e-02
-1.694823616320308840e-02
-1.688255582127239432e-02
-1.679711335216675996e-02
-1.669267762068374003e-02
-1.657005335566668833e-02
-1.643006244266210711e-02
-1.627355129024809360e-02
-1.610137956716991767e-02
-1.591442197584163470e-02
-1.571355884837953923e-02
-1.549967605478115747e-02
-1.527366304786058511e-02
-1.503640438877577173e-02
-1.478878058604091335e-02
-1.453166707253575156e-02
-1.426592573291652483e-02
-1.399240574555369807e-02
-1.371194256340265392e-02
-1.342535224009592208e-02
-1.313343320867102308e-02
-1.283696154329379106e-02
-1.253668994869281197e-02
-1.223334861480685626e-02
-1.192764141750857036e-02
-1.162024491608270281e-02
-1.131180921621715262e-02
-1.100295604195178009e-02
-1.069427774191676443e-02
-1.038633816120750238e-02
-1.007967072229222667e-02
-9.774781165527634749e-03
-9.472143773393171262e-03
-9.172203185607916490e-03
-8.875375285831096223e-03
-8.582047159896594862e-03
-8.292575194199453339e-03
-8.007290627395208943e-03
-7.726493928886796550e-03
-7.450460821425235018e-03
-7.179438992981983757e-03
-6.913650864629571416e-03
-6.653294032436574829e-03
-6.398543108575197903e-03
-6.149547373611161105e-03
-5.906436347073875867e-03
-5.669316046742855011e-03
-5.438274097343998199e-03
-5.213376924753067125e-03
-4.994673471110727507e-03
-4.782195186206154164e-03
-4.575957417310466853e-03
-4.375959869061911423e-03
-4.182186598974864562e-03
-3.994609273775638972e-03
-3.813187400053023261e-03
-3.637867624617046377e-03
-3.468586295438281109e-03
-3.305269927986112001e-03
-3.147835905198833727e-03
-2.996193643845634219e-03
-2.850244597398228150e-03
-2.709883889315559298e-03
-2.575001015542947944e-03
-2.445480081828808362e-03
-2.321200507126219750e-03
-2.202037960196585008e-03
-2.087864830874310799e-03
-1.978551400099427381e-03
-1.873964914707243424e-03
-1.773971805623895124e-03
-1.678437228663951994e-03
-1.587225536769972271e-03
-1.500201101584803338e-03
-1.417228203757988324e-03
-1.338172203849737757e-03
-1.262898850593226858e-03
-1.191275451782372466e-03
-1.123170648134763465e-03
-1.058455234832369075e-03
-9.970013531701998628e-04
-9.386841850412860726e-04
-8.833806205162683754e-04
-8.309706610636419721e-04
-7.813368435792776004e-04
-7.343645373910663706e-04
-6.899422993232325703e-04
-6.479617047366501795e-04
-6.083174112388680830e-04
-5.709074550588952432e-04
-5.356331980062161184e-04
-5.023992742568711726e-04
-4.711136824834437830e-04
-4.416879651196926751e-04
-4.140369217860883819e-04
-3.880789046137602359e-04
-3.637355604176039378e-04
-3.409320383532015364e-04
-3.195967899436189343e-04
-2.996616890731803001e-04
-2.810619480808883037e-04
-2.637360336821863637e-04
-2.476257573441045454e-04
-2.326760744547563993e-04
-2.188352325737987218e-04
-2.060545557224635193e-04
-1.942885632075782654e-04
-1.834947826978287520e-04
-1.736338396313707197e-04
-1.646693136402360344e-04
-1.565677694475604159e-04
-1.492987003054940072e-04
-1.428345003913293327e-04
-1.371503934043797647e-04
-1.322244483327964925e-04
-1.280375514249013536e-04
-1.245733343666656772e-04
-1.218182332897821234e-04
-1.197613802973307163e-04
-1.183946476502483912e-04
-1.177126408886486835e-04
-1.177126408886486835e-04
-1.183946476502483912e-04
-1.197613802973307163e-04
-1.218182332897821234e-04
-1.245733343666656772e-04
-1.280375514249013536e-04
-1.322244483327964925e-04
-1.371503934043797647e-04
-1.428345003913293327e-04
-1.492987003054940072e-04
-1.565677694475604159e-04
-1.646693136402360344e-04
-1.736338396313707197e-04
-1.834947826978287520e-04
-1.942885632075782654e-04
-2.060545557224635193e-04
-2.188352325737987218e-04
-2.326760744547563993e-04
-2.476257573441045454e-04
-2.637360336821863637e-04
-2.810619480808883037e-04
-2.996616890731803001e-04
-3.195967899436189343e-04
-3.409320383532015364e-04
-3.637355604176039378e-04
-3.880789046137602359e-04
-4.140369217860883819e-04
-4.416879651196926751e-04
-4.711136824834437830e-04
-5.023992742568711726e-04
-5.356331980062161184e-04
-5.709074550588952432e-04
-6.083174112388680830e-04
-6.479617047366501795e-04
-6.899422993232325703e-04
-7.343645373910663706e-04
-7.813368435792776004e-04
-8.309706610636419721e-04
-8.833806205162683754e-04
-9.386841850412860726e-04
-9.970013531701998628e-04
-1.058455234832369075e-03
-1.123170648134763465e-03
-1.191275451782372466e-03
-1.262898850593226858e-03
-1.338172203849737757e-03
-1.417228203757988324e-03
-1.500201101584803338e-03
-1.587225536769972271e-03
-1.678437228663951994e-03
-1.773971805623895124e-03
-1.873964914707243424e-03
-1.978551400099427381e-03
-2.087864830874310799e-03
-2.202037960196585008e-03
-2.321200507126219750e-03
-2.445480081828808362e-03
-2.575001015542947944e-03
-2.709883889315559298e-03
-2.850244597398228150e-03
-2.996193643845634219e-03
-3.147835905198833727e-03
-3.305269927986112001e-03
-3.468586295438281109e-03
-3.637867624617046377e-03
-3.813187400053023261e-03
-3.994609273775638972e-03
-4.182186598974864562e-03
-4.375959869061911423e-03
-4.575957417310466853e-03
-4.782195186206154164e-03
-4.994673471110727507e-03
-5.213376924753067125e-03
-5.438274097343998199e-03
-5.669316046742855011e-03
-5.906436347073875867e-03
-6.149547373611161105e-03
-6.398543108575197903e-03
-6.653294032436574829e-03
-6.913650864629571416e-03
-7.179438992981983757e-03
-7.450460821425235018e-03
-7.726493928886796550e-03
-8.007290627395208943e-03
-8.292575194199453339e-03
-8.582047159896594862e-03
-8.875375285831096223e-03
-9.172203185607916490e-03
-9.472143773393171262e-03
-9.774781165527634749e-03
-1.007967072229222667e-02
-1.038633816120750238e-02
-1.069427774191676443e-02
-1.100295604195178009e-02
-1.131180921621715262e-02
-1.162024491608270281e-02
-1.192764141750857036e-02
-1.223334861480685626e-02
-1.253668994869281197e-02
-1.283696154329379106e-02
-1.313343320867102308e-02
-1.342535224009592208e-02
-1.371194256340265392e-02
-1.399240574555369807e-02
-1.426592573291652483e-02
-1.453166707253575156e-02
-1.478878058604091335e-02
-1.503640438877577173e-02
-1.527366304786058511e-02
-1.549967605478115747e-02
-1.571355884837953923e-02
-1.591442197584163470e-02
-1.610137956716991767e-02
-1.627355129024809360e-02
-1.643006244266210711e-02
-1.657005335566668833e-02
-1.669267762068374003e-02
-1.679711335216675996e-02
-1.688255582127239432e-02
-1.694823616320308840e-02
-1.699341214084946691e-02
-1.701738311810546689e-02
-1.701948453864724625e-02
-1.699910475025896012e-02
-1.695567388249938703e-02
-1.688868438154348534e-02
-1.679768173407091350e-02
-1.668227753341026964e-02
-1.654214949680314281e-02
-1.637704519670986347e-02
-1.618678950525577823e-02
-1.597128457505350013e-02
-1.573051539401129628e-02
-1.546454973737631730e-02
-1.517354555464982442e-02
-1.485774902672272642e-02
-1.451750005621703712e-02
-1.415323215174504184e-02
-1.376547415593356964e-02
-1.335485102258793071e-02
-1.292208364239307017e-02
-1.246799051061405622e-02
-1.199348471711690275e-02
-1.149957277766164992e-02
-1.098735530627544324e-02
-1.045802300939801741e-02
-9.912851727180415143e-03
-9.353200247487853877e-03
-8.780509030394534689e-03
-8.196289599253180763e-03
-7.602122294300838259e-03
-6.999650282671337348e-03
-6.390568894783323940e-03
-5.776624258497509157e-03
-5.159600278094898101e-03
-4.541310258323302644e-03
-3.923590381925346621e-03
-3.308287127104730420e-03
-2.697249338139262338e-03
-2.092315639248320050e-03
-1.495303248965454933e-03
-9.079988974981802966e-04
-3.321453321437084234e-04
2.305706473965918844e-04
7.785283277792157813e-04
1.310188665493860647e-03
1.824101557873190633e-03
2.318920904679510914e-03
2.793415565160644459e-03
3.246480613352259979e-03
3.677147502530851101e-03
4.084594892744108224e-03
4.468159683319384776e-03
4.827344066864226735e-03
5.161824593031910657e-03
5.471460557402412460e-03
5.756298332446181665e-03
6.016578385835912555e-03
6.252739857282276631e-03
6.465420592209471067e-03
6.655461008439774589e-03
6.823905038609747245e-03
6.971993952880693735e-03
7.101169356385442048e-03
7.213063472586396692e-03
7.309496734285035949e-03
7.392467314996205990e-03
7.464142846114154434e-03
7.526845940366559684e-03
7.583047029774626219e-03
7.635343569228858658e-03
7.686446102585235002e-03
7.739161887983085110e-03
7.796371437937351170e-03
7.861012424265156548e-03
7.936053269770570670e-03
8.024470881888651208e-03
8.129229291062023410e-03
8.253248043219186397e-03
8.399380863548938647e-03
8.570389721457467858e-03
8.768911536723102487e-03
8.997439915545107914e-03
9.258287963083719138e-03
9.553574124774906126e-03
9.885180344898669008e-03
1.025474312663794858e-02
1.066361607717502408e-02
1.111285614515220878e-02
1.160319635309964119e-02
1.213503209076576689e-02
1.270839681440643493e-02
1.332295794682302609e-02
1.397799299393978276e-02
1.467239064548830386e-02
1.540464246630550427e-02
1.617283921497807142e-02
1.697466999576067656e-02
1.780743362775454031e-02
1.866804460997413886e-02
1.955305145550814694e-02
2.045864326472812342e-02
2.138068560918311017e-02
2.231474299194981595e-02
2.325610477373903778e-02
2.419982961832671878e-02
2.514078257082145301e-02
2.607368550207649072e-02
2.699315702387875687e-02
2.789379258784677185e-02
2.877019591873340026e-02
2.961707799513881023e-02
3.042931088120247665e-02
3.120202133798754066e-02
3.193068257830090212e-02
3.261120895901381544e-02
3.324007458874393695e-02
3.381442896623416267e-02
3.433222145789500274e-02
3.479232064197493313e-02
3.519462127857811429e-02
3.554013052275148410e-02
3.583098361124938125e-02
3.607042318050950047e-02
3.626263350665753782e-02
3.641252634267677646e-02
3.652539497202868246e-02
3.660648270175023700e-02
3.666053442909439353e-02
3.669133291011283937e-02
3.670131740192850850e-02
3.669133291011283937e-02
3.666053442909440047e-02
3.660648270175023700e-02
3.652539497202868246e-02
3.641252634267678340e-02
3.626263350665753782e-02
3.607042318050950047e-02
3.583098361124938125e-02
3.554013052275148410e-02
3.519462127857811429e-02
3.479232064197493313e-02
3.433222145789500274e-02
3.381442896623416267e-02
3.324007458874393695e-02
3.261120895901381544e-02
3.193068257830090212e-02
3.120202133798754066e-02
3.042931088120247665e-02
2.961707799513881023e-02
2.877019591873340026e-02
2.789379258784677185e-02
2.699315702387875687e-02
2.607368550207649072e-02
2.514078257082145301e-02
2.419982961832671878e-02
2.325610477373903778e-02
2.231474299194981942e-02
2.138068560918311017e-02
2.045864326472812342e-02
1.955305145550814694e-02
1.866804460997413886e-02
1.780743362775454031e-02
1.697466999576067656e-02
1.617283921497807142e-02
1.540464246630550427e-02
1.467239064548830386e-02
1.397799299393978276e-02
1.332295794682302609e-02
1.270839681440643493e-02
1.213503209076576689e-02
1.160319635309964119e-02
1.111285614515220878e-02
1.066361607717502408e-02
1.025474312663794858e-02
9.885180344898669008e-03
9.553574124774906126e-03
9.258287963083719138e-03
8.997439915545107914e-03
8.768911536723102487e-03
8.570389721457467858e-03
8.399380863548936912e-03
8.253248043219186397e-03
8.129229291062023410e-03
8.024470881888651208e-03
7.936053269770570670e-03
7.861012424265156548e-03
7.796371437937351170e-03
7.739161887983085110e-03
7.686446102585235002e-03
7.635343569228858658e-03
7.583047029774626219e-03
7.526845940366559684e-03
7.464142846114154434e-03
7.392467314996205990e-03
7.309496734285035949e-03
7.213063472586396692e-03
7.101169356385442048e-03
6.971993952880693735e-03
6.823905038609747245e-03
6.655461008439774589e-03
6.465420592209471067e-03
6.252739857282276631e-03
6.016578385835912555e-03
5.756298332446181665e-03
5.471460557402412460e-03
5.161824593031910657e-03
4.827344066864226735e-03
4.468159683319384776e-03
4.084594892744108224e-03
3.677147502530851101e-03
3.246480613352259979e-03
2.793415565160644459e-03
2.318920904679510914e-03
1.824101557873190633e-03
1.310188665493860647e-03
7.785283277792157813e-04
2.305706473965918844e-04
-3.321453321437084234e-04
-9.079988974981802966e-04
-1.495303248965454933e-03
-2.092315639248320050e-03
-2.697249338139262338e-03
-3.308287127104730420e-03
-3.923590381925346621e-03
-4.541310258323302644e-03
-5.159600278094898101e-03
-5.776624258497509157e-03
-6.390568894783323940e-03
-6.999650282671337348e-03
-7.602122294300838259e-03
-8.196289599253180763e-03
-8.780509030394534689e-03
-9.353200247487853877e-03
-9.912851727180415143e-03
-1.045802300939801741e-02
-1.098735530627544324e-02
-1.149957277766164992e-02
-1.199348471711690275e-02
-1.246799051061405622e-02
-1.292208364239307017e-02
-1.335485102258793071e-02
-1.376547415593356964e-02
-1.415323215174504184e-02
-1.451750005621703712e-02
-1.485774902672272642e-02
-1.517354555464982442e-02
-1.546454973737631730e-02
-1.573051539401129628e-02
-1.597128457505350013e-02
-1.618678950525577823e-02
-1.637704519670986347e-02
-1.654214949680314281e-02
-1.668227753341026964e-02
-1.679768173407091350e-02
-1.688868438154348534e-02
-1.695567388249938703e-02
-1.699910475025896012e-02
-1.701948453864724625e-02
-1.701738311810546689e-02
-1.699341214084946691e-02
-1.694823616320308840e-02
-1.688255582127239432e-02
-1.679711335216675996e-02
-1.669267762068374003e-02
-1.657005335566668833e-02
-1.643006244266210711e-02
-1.627355129024809360e-02
-1.610137956716991767e-02
-1.591442197584163470e-02
-1.571355884837953923e-02
-1.549967605478115747e-02
-1.527366304786058511e-02
-1.503640438877577173e-02
-1.478878058604091335e-02
-1.453166707253575156e-02
-1.426592573291652483e-02
-1.399240574555369807e-02
-1.371194256340265392e-02
-1.342535224009592208e-02
-1.313343320867102308e-02
-1.283696154329379106e-02
-1.253668994869281197e-02
-1.223334861480685626e-02
-1.192764141750857036e-02
-1.162024491608270281e-02
-1.131180921621715262e-02
-1.100295604195178009e-02
-1.069427774191676443e-02
-1.038633816120750238e-02
-1.007967072229222667e-02
-9.774781165527634749e-03
-9.472143773393171262e-03
-9.172203185607916490e-03
-8.875375285831096223e-03
-8.582047159896594862e-03
-8.292575194199453339e-03
-8.007290627395208943e-03
-7.726493928886796550e-03
-7.450460821425235018e-03
-7.179438992981983757e-03
-6.913650864629571416e-03
-6.653294032436574829e-03
-6.398543108575197903e-03
-6.149547373611161105e-03
-5.906436347073875867e-03
-5.669316046742855011e-03
-5.438274097343998199e-03
-5.213376924753067125e-03
-4.994673471110727507e-03
-4.782195186206154164e-03
-4.575957417310466853e-03
-4.375959869061911423e-03
-4.182186598974864562e-03
-3.994609273775638972e-03
-3.813187400053023261e-03
-3.637867624617046377e-03
-3.468586295438281109e-03
-3.305269927986112001e-03
-3.147835905198833727e-03
-2.996193643845634219e-03
-2.850244597398228150e-03
-2.709883889315559298e-03
-2.575001015542947944e-03
-2.445480081828808362e-03
-2.321200507126219750e-03
-2.202037960196585008e-03
-2.087864830874310799e-03
-1.978551400099427381e-03
-1.873964914707243424e-03
-1.773971805623895124e-03
-1.678437228663951994e-03
-1.587225536769972271e-03
-1.500201101584803338e-03
-1.417228203757988324e-03
-1.338172203849737757e-03
-1.262898850593226858e-03
-1.191275451782372466e-03
-1.123170648134763465e-03
-1.058455234832369075e-03
-9.970013531701998628e-04
-9.386841850412860726e-04
-8.833806205162683754e-04
-8.309706610636419721e-04
-7.813368435792776004e-04
-7.343645373910663706e-04
-6.899422993232325703e-04
-6.479617047366501795e-04
-6.083174112388680830e-04
-5.709074550588952432e-04
-5.356331980062161184e-04
-5.023992742568711726e-04
-4.711136824834437830e-04
-4.416879651196926751e-04
-4.140369217860883819e-04
-3.880789046137602359e-04
-3.637355604176039378e-04
-3.409320383532015364e-04
-3.195967899436189343e-04
-2.996616890731803001e-04
-2.810619480808883037e-04
-2.637360336821863637e-04
-2.476257573441045454e-04
-2.326760744547563993e-04
-2.188352325737987218e-04
-2.060545557224635193e-04
-1.942885632075782654e-04
-1.834947826978287520e-04
-1.736338396313707197e-04
-1.646693136402360344e-04
-1.565677694475604159e-04
-1.492987003054940072e-04
-1.428345003913293327e-04
-1.371503934043797647e-04
-1.322244483327964925e-04
-1.280375514249013536e-04
-1.245733343666656772e-04
-1.218182332897821234e-04
-1.197613802973307163e-04
-1.183946476502483912e-04
-1.177126408886486835e-04
-1.177126408886486835e-04
-1.183946476502483912e-04
-1.197613802973307163e-04
-1.218182332897821234e-04
-1.245733343666656772e-04
-1.280375514249013536e-04
-1.322244483327964925e-04
-1.371503934043797647e-04
-1.428345003913293327e-04
-1.492987003054940072e-04
-1.565677694475604159e-04
-1.646693136402360344e-04
-1.736338396313707197e-04
-1.834947826978287520e-04
-1.942885632075782654e-04
-2.060545557224635193e-04
-2.188352325737987218e-04
-2.326760744547563993e-04
-2.476257573441045454e-04
-2.637360336821863637e-04
-2.810619480808883037e-04
-2.996616890731803001e-04
-3.195967899436189343e-04
-3.409320383532015364e-04
-3.637355604176039378e-04
-3.880789046137602359e-04
-4.140369217860883819e-04
-4.416879651196926751e-04
-4.711136824834437830e-04
-5.023992742568711726e-04
-5.356331980062161184e-04
-5.709074550588952432e-04
-6.083174112388680830e-04
-6.479617047366501795e-04
-6.899422993232325703e-04
-7.343645373910663706e-04
-7.813368435792776004e-04
-8.309706610636419721e-04
-8.833806205162683754e-04
-9.386841850412860726e-04
-9.970013531701998628e-04
-1.058455234832369075e-03
-1.123170648134763465e-03
-1.191275451782372466e-03
-1.262898850593226858e-03
-1.338172203849737757e-03
-1.417228203757988324e-03
-1.500201101584803338e-03
-1.587225536769972271e-03
-1.678437228663951994e-03
-1.773971805623895124e-03
-1.873964914707243424e-03
-1.978551400099427381e-03
-2.087864830874310799e-03
-2.202037960196585008e-03
-2.321200507126219750e-03
-2.445480081828808362e-03
-2.575001015542947944e-03
-2.709883889315559298e-03
-2.850244597398228150e-03
-2.996193643845634219e-03
-3.147835905198833727e-03
-3.305269927986112001e-03
-3.468586295438281109e-03
-3.637867624617046377e-03
-3.813187400053023261e-03
-3.994609273775638972e-03
-4.182186598974864562e-03
-4.375959869061911423e-03
-4.575957417310466853e-03
-4.782195186206154164e-03
-4.994673471110727507e-03
-5.213376924753067125e-03
-5.438274097343998199e-03
-5.669316046742855011e-03
-5.906436347073875867e-03
-6.149547373611161105e-03
-6.398543108575197903e-03
-6.653294032436574829e-03
-6.913650864629571416e-03
-7.179438992981983757e-03
-7.450460821425235018e-03
-7.726493928886796550e-03
-8.007290627395208943e-03
-8.292575194199453339e-03
-8.582047159896594862e-03
-8.875375285831096223e-03
-9.172203185607916490e-03
-9.472143773393171262e-03
-9.774781165527634749e-03
-1.007967072229222667e-02
-1.038633816120750238e-02
-1.069427774191676443e-02
-1.100295604195178009e-02
-1.131180921621715262e-02
-1.162024491608270281e-02
-1.192764141750857036e-02
-1.223334861480685626e-02
-1.253668994869281197e-02
-1.283696154329379106e-02
-1.313343320867102308e-02
-1.342535224009592208e-02
-1.371194256340265392e-02
-1.399240574555369807e-02
-1.426592573291652483e-02
-1.453166707253575156e-02
-1.478878058604091335e-02
-1.503640438877577173e-02
-1.527366304786058511e-02
-1.549967605478115747e-02
-1.571355884837953923e-02
-1.591442197584163470e-02
-1.610137956716991767e-02
-1.627355129024809360e-02
-1.643006244266210711e-02
-1.657005335566668833e-02
-1.669267762068374003e-02
-1.679711335216675996e-02
-1.688255582127239432e-02
-1.694823616320308840e-02
-1.699341214084946691e-02
-1.701738311810546689e-02
-1.701948453864724625e-02
-1.699910475025896012e-02
-1.695567388249938703e-02
-1.688868438154348534e-02
-1.679768173407091350e-02
-1.668227753341026964e-02
-1.654214949680314281e-02
-1.637704519670986347e-02
-1.618678950525577823e-02
-1.597128457505350013e-02
-1.573051539401129628e-02
-1.546454973737631730e-02
-1.517354555464982442e-02
-1.485774902672272642e-02
-1.451750005621703712e-02
-1.415323215174504184e-02
-1.376547415593356964e-02
-1.335485102258793071e-02
-1.292208364239307017e-02
-1.246799051061405622e-02
-1.199348471711690275e-02
-1.149957277766164992e-02
-1.098735530627544324e-02
-1.045802300939801741e-02
-9.912851727180415143e-03
-9.353200247487853877e-03
-8.780509030394534689e-03
-8.196289599253180763e-03
-7.602122294300838259e-03
-6.999650282671337348e-03
-6.390568894783323940e-03
-5.776624258497509157e-03
-5.159600278094898101e-03
-4.541310258323302644e-03
-3.923590381925346621e-03
-3.308287127104730420e-03
-2.697249338139262338e-03
-2.092315639248320050e-03
-1.495303248965454933e-03
-9.079988974981802966e-04
-3.321453321437084234e-04
2.305706473965918844e-04
7.785283277792157813e-04
1.310188665493860647e-03
1.824101557873190633e-03
2.318920904679510914e-03
2.793415565160644459e-03
3.246480613352259979e-03
3.677147502530851101e-03
4.084594892744108224e-03
4.468159683319384776e-03
4.827344066864226735e-03
5.161824593031910657e-03
5.471460557402412460e-03
5.756298332446181665e-03
6.016578385835912555e-03
6.252739857282276631e-03
6.465420592209471067e-03
6.655461008439774589e-03
6.823905038609747245e-03
6.971993952880693735e-03
7.101169356385442048e-03
7.213063472586396692e-03
7.309496734285035949e-03
7.392467314996205990e-03
7.464142846114154434e-03
7.526845940366559684e-03
7.583047029774626219e-03
7.635343569228858658e-03
7.686446102585235002e-03
7.739161887983085110e-03
7.796371437937351170e-03
7.861012424265156548e-03
7.936053269770570670e-03
8.024470881888651208e-03
8.129229291062023410e-03
8.253248043219186397e-03
8.399380863548938647e-03
8.570389721457467858e-03
8.768911536723102487e-03
8.997439915545107914e-03
9.258287963083719138e-03
9.553574124774906126e-03
9.885180344898669008e-03
1.025474312663794858e-02
1.066361607717502408e-02
1.111285614515220878e-02
1.160319635309964119e-02
1.213503209076576689e-02
1.270839681440643493e-02
1.332295794682302609e-02
1.397799299393978276e-02
1.467239064548830386e-02
1.540464246630550427e-02
1.617283921497807142e-02
1.697466999576067656e-02
1.780743362775454031e-02
1.866804460997413886e-02
1.955305145550814694e-02
2.045864326472812342e-02
2.138068560918311017e-02
2.231474299194981595e-02
2.325610477373903778e-02
2.419982961832671878e-02
2.514078257082145301e-02
2.607368550207649072e-02
2.699315702387875687e-02
2.789379258784677185e-02
2.877019591873340026e-02
2.961707799513881023e-02
3.042931088120247665e-02
3.120202133798754066e-02
3.193068257830090212e-02
3.261120895901381544e-02
3.324007458874393695e-02
3.381442896623416267e-02
3.433222145789500274e-02
3.479232064197493313e-02
3.519462127857811429e-02
3.554013052275148410e-02
3.583098361124938125e-02
3.607042318050950047e-02
3.626263350665753782e-02
3.641252634267677646e-02
3.652539497202868246e-02
3.660648270175023700e-02
3.666053442909439353e-02
3.669133291011283937e-02
