-7.991633256449344469e-02
-7.990161167566205147e-02
-7.985878672073963569e-02
-7.979163038052668189e-02
-7.970566860546908494e-02
-7.960720092787705593e-02
-7.950227803638755530e-02
-7.939576534594028345e-02
-7.929075013067836408e-02
-7.918823287002339784e-02
-7.908721735132484554e-02
-7.898502665609177797e-02
-7.887778087524732751e-02
-7.876091963657709527e-02
-7.862962911832846458e-02
-7.847927318518017892e-02
-7.830557469229293410e-02
-7.810477094131776377e-02
-7.787365945568347492e-02
-7.760956706321496534e-02
-7.731029712770458306e-02
-7.697402820392447442e-02
-7.659924860168720873e-02
-7.618468837802910842e-02
-7.572921196734072602e-02
-7.523180803898509017e-02
-7.469151803408340118e-02
-7.410740238775903599e-02
-7.347850813284768912e-02
-7.280387789288400580e-02
-7.208249360095440872e-02
-7.131332436172700684e-02
-7.049526639291701924e-02
-6.962720930226198868e-02
-6.870798162752399241e-02
-6.773642181473067680e-02
-6.671133357512826212e-02
-6.563154842549406842e-02
-6.449591902568080348e-02
-6.330333115871680794e-02
-6.205275177442682449e-02
-6.074320137832379257e-02
-5.937383262113232057e-02
-5.794389773047597947e-02
-5.645279254523070944e-02
-5.490006550333638435e-02
-5.328545020736527582e-02
-5.160885691150305515e-02
-4.987040212505256670e-02
-4.807041756732358118e-02
-4.620946778339789923e-02
-4.428834409219161578e-02
-4.230808767586773794e-02
-4.026998601177130682e-02
-3.817557785549070826e-02
-3.602666089172144870e-02
-3.382527562581241071e-02
-3.157372128807453548e-02
-2.927454210565940892e-02
-2.693051917268017917e-02
-2.454466792585553725e-02
-2.212022509008806578e-02
-1.966063978357374120e-02
-1.716955485238485721e-02
-1.465080266775451584e-02
-1.210837907508984131e-02
-9.546436792569243032e-03
-6.969260160820613462e-03
-4.381251396487458385e-03
-1.786909882865123393e-03
8.091853479629002727e-04
3.402398960033534061e-03
5.988053653295023239e-03
8.561455709583422335e-03
1.111791434531540258e-02
1.365275375522258597e-02
1.616134572064703567e-02
1.863911873636307434e-02
2.108158033788569766e-02
2.348433206937364237e-02
2.584309322733848585e-02
2.815370695117425104e-02
3.041217121744348509e-02
3.261463455228381242e-02
3.475742690828884790e-02
3.683705231219671500e-02
3.885022840915373227e-02
4.079386428525691444e-02
4.266509985763224100e-02
4.446128353765010921e-02
4.618000265138968302e-02
4.781908442170351714e-02
4.937658806032848430e-02
5.085082319668780826e-02
5.224033299808621134e-02
5.354391243524102978e-02
5.476060885529496908e-02
5.588969312222297203e-02
5.693069526388808838e-02
5.788336959404274257e-02
5.874771260432910119e-02
5.952394556345721316e-02
6.021249705310875028e-02
6.081403241235362744e-02
6.132940093072623833e-02
6.175966518306020420e-02
6.210606573315623907e-02
6.237002688884878132e-02
6.255315067246830507e-02
6.265718726807287253e-02
6.268404065945250292e-02
6.263575075170407791e-02
6.251449307705728153e-02
6.232254911968825029e-02
6.206231184423585678e-02
6.173626184936193556e-02
6.134697285977708248e-02
6.089708784888227255e-02
6.038930689201565255e-02
5.982638088169822677e-02
5.921111110719527726e-02
5.854631360316046862e-02
5.783483633526034784e-02
5.707952941669396790e-02
5.628325642322476452e-02
5.544887048459164886e-02
5.457919038013320234e-02
5.367703535054684644e-02
5.274518359268935003e-02
5.178637773072614081e-02
5.080330681192453401e-02
4.979862353853330148e-02
4.877490279959038888e-02
4.773468240869323947e-02
4.668040991656576683e-02
4.561448043719593809e-02
4.453920109830893787e-02
4.345680834420676680e-02
4.236945002532580690e-02
4.127919685628860663e-02
4.018802746747974358e-02
3.909783695414934673e-02
3.801043369665691590e-02
3.692752738728970197e-02
3.585074348985912984e-02
3.478161716343154686e-02
3.372159013420060469e-02
3.267201638630096855e-02
3.163415905810535583e-02
3.060919028580639384e-02
2.959819986500315456e-02
2.860218631018065366e-02
2.762207140911092373e-02
2.665868836780327031e-02
2.571279344959736049e-02
2.478506294612147290e-02
2.387609749617430541e-02
2.298642641329677258e-02
2.211650761832786860e-02
2.126673051535586667e-02
2.043742034289018281e-02
1.962883812879316972e-02
1.884118945845078205e-02
1.807461710379563991e-02
1.732921567467185855e-02
1.660502425923401221e-02
1.590203668265333103e-02
1.522020149625160843e-02
1.455942490659806535e-02
1.391957077317866609e-02
1.330046794866787500e-02
1.270191321937891131e-02
1.212366911171426295e-02
1.156546977421299589e-02
1.102702319280865484e-02
1.050801267456931247e-02
1.000810126908543464e-02
9.526931054569623761e-03
9.064127562798630564e-03
8.619301269986731975e-03
8.192049088923819555e-03
7.781957329959180575e-03
7.388601727366189698e-03
7.011551135867077553e-03
6.650368292228744059e-03
6.304612045083396454e-03
5.973835548729359082e-03
5.657593263731010812e-03
5.355437316330761283e-03
5.066921563627038542e-03
4.791600888429624165e-03
4.529033429471544282e-03
4.278781343608893672e-03
4.040410833822407309e-03
3.813494011547407300e-03
3.597608556925389021e-03
3.392339213281238882e-03
3.197278914137022601e-03
3.012026790667397553e-03
2.836191682680747929e-03
2.669390511807505015e-03
2.511249222636327896e-03
2.361403723192422813e-03
2.219498623097075109e-03
2.085189090043729730e-03
1.958139770054951895e-03
1.838025358279769643e-03
1.724530802153471628e-03
1.617351503861954708e-03
1.516192329555036663e-03
1.420769002989539717e-03
1.330806838169006122e-03
1.246041397752260631e-03
1.166218325182544636e-03
1.091092809224824406e-03
1.020429873482096763e-03
9.540041148747979835e-04
8.915993497736738639e-04
8.330088099476652425e-04
7.780346957833866742e-04
7.264879582768667653e-04
6.781882639457372615e-04
6.329637757368201077e-04
5.906507958128822452e-04
5.510936371757918419e-04
5.141445406716315053e-04
4.796632245849705937e-04
4.475168465878920365e-04
4.175797817799859163e-04
3.897333085697747296e-04
3.638655234858577977e-04
3.398710721234730458e-04
3.176510402477440058e-04
2.971125922583972567e-04
2.781690221096871679e-04
2.607393452129196771e-04
2.447483716200346939e-04
2.301262972792305955e-04
2.168087536599167301e-04
2.047365589411328114e-04
1.938556294492929199e-04
1.841167761483082589e-04
1.754757301975712412e-04
1.678929045082642383e-04
1.613333958488798474e-04
1.557667917636222752e-04
1.511672295186785426e-04
1.475132140041171839e-04
1.447876188712193888e-04
1.429776530374410413e-04
1.420748040286979859e-04
1.420748040286979859e-04
1.429776530374410413e-04
1.447876188712193888e-04
1.475132140041171839e-04
1.511672295186785426e-04
1.557667917636222752e-04
1.613333958488798474e-04
1.678929045082642383e-04
1.754757301975712412e-04
1.841167761483082589e-04
1.938556294492929199e-04
2.047365589411328114e-04
2.168087536599167301e-04
2.301262972792305955e-04
2.447483716200346939e-04
2.607393452129196771e-04
2.781690221096871679e-04
2.971125922583972567e-04
3.176510402477440058e-04
3.398710721234730458e-04
3.638655234858577977e-04
3.897333085697747296e-04
4.175797817799859163e-04
4.475168465878920365e-04
4.796632245849705937e-04
5.141445406716315053e-04
5.510936371757918419e-04
5.906507958128822452e-04
6.329637757368201077e-04
6.781882639457372615e-04
7.264879582768667653e-04
7.780346957833866742e-04
8.330088099476652425e-04
8.915993497736738639e-04
9.540041148747979835e-04
1.020429873482096763e-03
1.091092809224824406e-03
1.166218325182544636e-03
1.246041397752260631e-03
1.330806838169006122e-03
1.420769002989539717e-03
1.516192329555036663e-03
1.617351503861954708e-03
1.724530802153471628e-03
1.838025358279769643e-03
1.958139770054951895e-03
2.085189090043729730e-03
2.219498623097075109e-03
2.361403723192422813e-03
2.511249222636327896e-03
2.669390511807505015e-03
2.836191682680747929e-03
3.012026790667397553e-03
3.197278914137022601e-03
3.392339213281238882e-03
3.597608556925389021e-03
3.813494011547407300e-03
4.040410833822407309e-03
4.278781343608893672e-03
4.529033429471544282e-03
4.791600888429624165e-03
5.066921563627038542e-03
5.355437316330761283e-03
5.657593263731010812e-03
5.973835548729359082e-03
6.304612045083396454e-03
6.650368292228744059e-03
7.011551135867077553e-03
7.388601727366189698e-03
7.781957329959180575e-03
8.192049088923819555e-03
8.619301269986731975e-03
9.064127562798630564e-03
9.526931054569623761e-03
1.000810126908543464e-02
1.050801267456931247e-02
1.102702319280865484e-02
1.156546977421299589e-02
1.212366911171426295e-02
1.270191321937891131e-02
1.330046794866787500e-02
1.391957077317866609e-02
1.455942490659806535e-02
1.522020149625160843e-02
1.590203668265333103e-02
1.660502425923401221e-02
1.732921567467185855e-02
1.807461710379563991e-02
1.884118945845078205e-02
1.962883812879316972e-02
2.043742034289018281e-02
2.126673051535586667e-02
2.211650761832786860e-02
2.298642641329677258e-02
2.387609749617430541e-02
2.478506294612147290e-02
2.571279344959736049e-02
2.665868836780327031e-02
2.762207140911092373e-02
2.860218631018065366e-02
2.959819986500315456e-02
3.060919028580639384e-02
3.163415905810535583e-02
3.267201638630096855e-02
3.372159013420060469e-02
3.478161716343154686e-02
3.585074348985912984e-02
3.692752738728970197e-02
3.801043369665691590e-02
3.909783695414934673e-02
4.018802746747974358e-02
4.127919685628860663e-02
4.236945002532580690e-02
4.345680834420676680e-02
4.453920109830893787e-02
4.561448043719593809e-02
4.668040991656576683e-02
4.773468240869323947e-02
4.877490279959038888e-02
4.979862353853330148e-02
5.080330681192453401e-02
5.178637773072614081e-02
5.274518359268935003e-02
5.367703535054684644e-02
5.457919038013320234e-02
5.544887048459164886e-02
5.628325642322476452e-02
5.707952941669396790e-02
5.783483633526034784e-02
5.854631360316046862e-02
5.921111110719527726e-02
5.982638088169822677e-02
6.038930689201565255e-02
6.089708784888227255e-02
6.134697285977708248e-02
6.173626184936193556e-02
6.206231184423585678e-02
6.232254911968825029e-02
6.251449307705728153e-02
6.263575075170407791e-02
6.268404065945250292e-02
6.265718726807287253e-02
6.255315067246830507e-02
6.237002688884878132e-02
6.210606573315623907e-02
6.175966518306020420e-02
6.132940093072623833e-02
6.081403241235362744e-02
6.021249705310875028e-02
5.952394556345721316e-02
5.874771260432910119e-02
5.788336959404274257e-02
5.693069526388808838e-02
5.588969312222297203e-02
5.476060885529496908e-02
5.354391243524102978e-02
5.224033299808621134e-02
5.085082319668780826e-02
4.937658806032848430e-02
4.781908442170351714e-02
4.618000265138968302e-02
4.446128353765010921e-02
4.266509985763224100e-02
4.079386428525691444e-02
3.885022840915373227e-02
3.683705231219671500e-02
3.475742690828884790e-02
3.261463455228381242e-02
3.041217121744348509e-02
2.815370695117425104e-02
2.584309322733847891e-02
2.348433206937364237e-02
2.108158033788569766e-02
1.863911873636307434e-02
1.616134572064703567e-02
1.365275375522258597e-02
1.111791434531540432e-02
8.561455709583422335e-03
5.988053653295021504e-03
3.402398960033534061e-03
8.091853479629002727e-04
-1.786909882865123393e-03
-4.381251396487458385e-03
-6.969260160820613462e-03
-9.546436792569241298e-03
-1.210837907508984131e-02
-1.465080266775451584e-02
-1.716955485238486068e-02
-1.966063978357374467e-02
-2.212022509008806231e-02
-2.454466792585553725e-02
-2.693051917268017917e-02
-2.927454210565940892e-02
-3.157372128807453548e-02
-3.382527562581241071e-02
-3.602666089172144870e-02
-3.817557785549070826e-02
-4.026998601177130682e-02
-4.230808767586773794e-02
-4.428834409219161578e-02
-4.620946778339789923e-02
-4.807041756732358118e-02
-4.987040212505256670e-02
-5.160885691150305515e-02
-5.328545020736527582e-02
-5.490006550333638435e-02
-5.645279254523070944e-02
-5.794389773047597947e-02
-5.937383262113232057e-02
-6.074320137832379257e-02
-6.205275177442682449e-02
-6.330333115871680794e-02
-6.449591902568080348e-02
-6.563154842549406842e-02
-6.671133357512826212e-02
-6.773642181473067680e-02
-6.870798162752399241e-02
-6.962720930226198868e-02
-7.049526639291701924e-02
-7.131332436172700684e-02
-7.208249360095440872e-02
-7.280387789288400580e-02
-7.347850813284768912e-02
-7.410740238775903599e-02
-7.469151803408340118e-02
-7.523180803898509017e-02
-7.572921196734073990e-02
-7.618468837802910842e-02
-7.659924860168720873e-02
-7.697402820392447442e-02
-7.731029712770458306e-02
-7.760956706321496534e-02
-7.787365945568347492e-02
-7.810477094131777764e-02
-7.830557469229293410e-02
-7.847927318518017892e-02
-7.862962911832846458e-02
-7.876091963657709527e-02
-7.887778087524732751e-02
-7.898502665609176410e-02
-7.908721735132484554e-02
-7.918823287002339784e-02
-7.929075013067836408e-02
-7.939576534594028345e-02
-7.950227803638755530e-02
-7.960720092787705593e-02
-7.970566860546908494e-02
-7.979163038052668189e-02
-7.985878672073962181e-02
-7.990161167566205147e-02
-7.991633256449344469e-02
-7.990161167566205147e-02
-7.985878672073963569e-02
-7.979163038052668189e-02
-7.970566860546908494e-02
-7.960720092787705593e-02
-7.950227803638755530e-02
-7.939576534594028345e-02
-7.929075013067836408e-02
-7.918823287002339784e-02
-7.908721735132484554e-02
-7.898502665609177797e-02
-7.887778087524732751e-02
-7.876091963657709527e-02
-7.862962911832846458e-02
-7.847927318518017892e-02
-7.830557469229293410e-02
-7.810477094131776377e-02
-7.787365945568347492e-02
-7.760956706321496534e-02
-7.731029712770458306e-02
-7.697402820392447442e-02
-7.659924860168720873e-02
-7.618468837802910842e-02
-7.572921196734072602e-02
-7.523180803898509017e-02
-7.469151803408340118e-02
-7.410740238775903599e-02
-7.347850813284768912e-02
-7.280387789288400580e-02
-7.208249360095440872e-02
-7.131332436172700684e-02
-7.049526639291701924e-02
-6.962720930226198868e-02
-6.870798162752399241e-02
-6.773642181473067680e-02
-6.671133357512826212e-02
-6.563154842549406842e-02
-6.449591902568080348e-02
-6.330333115871680794e-02
-6.205275177442682449e-02
-6.074320137832379257e-02
-5.937383262113232057e-02
-5.794389773047597947e-02
-5.645279254523070944e-02
-5.490006550333638435e-02
-5.328545020736527582e-02
-5.160885691150305515e-02
-4.987040212505256670e-02
-4.807041756732358118e-02
-4.620946778339789923e-02
-4.428834409219161578e-02
-4.230808767586773794e-02
-4.026998601177130682e-02
-3.817557785549070826e-02
-3.602666089172144870e-02
-3.382527562581241071e-02
-3.157372128807453548e-02
-2.927454210565940892e-02
-2.693051917268017917e-02
-2.454466792585553725e-02
-2.212022509008806578e-02
-1.966063978357374120e-02
-1.716955485238485721e-02
-1.465080266775451584e-02
-1.210837907508984131e-02
-9.546436792569243032e-03
-6.969260160820613462e-03
-4.381251396487458385e-03
-1.786909882865123393e-03
8.091853479629002727e-04
3.402398960033534061e-03
5.988053653295023239e-03
8.561455709583422335e-03
1.111791434531540258e-02
1.365275375522258597e-02
1.616134572064703567e-02
1.863911873636307434e-02
2.108158033788569766e-02
2.348433206937364237e-02
2.584309322733848585e-02
2.815370695117425104e-02
3.041217121744348509e-02
3.261463455228381242e-02
3.475742690828884790e-02
3.683705231219671500e-02
3.885022840915373227e-02
4.079386428525691444e-02
4.266509985763224100e-02
4.446128353765010921e-02
4.618000265138968302e-02
4.781908442170351714e-02
4.937658806032848430e-02
5.085082319668780826e-02
5.224033299808621134e-02
5.354391243524102978e-02
5.476060885529496908e-02
5.588969312222297203e-02
5.693069526388808838e-02
5.788336959404274257e-02
5.874771260432910119e-02
5.952394556345721316e-02
6.021249705310875028e-02
6.081403241235362744e-02
6.132940093072623833e-02
6.175966518306020420e-02
6.210606573315623907e-02
6.237002688884878132e-02
6.255315067246830507e-02
6.265718726807287253e-02
6.268404065945250292e-02
6.263575075170407791e-02
6.251449307705728153e-02
6.232254911968825029e-02
6.206231184423585678e-02
6.173626184936193556e-02
6.134697285977708248e-02
6.089708784888227255e-02
6.038930689201565255e-02
5.982638088169822677e-02
5.921111110719527726e-02
5.854631360316046862e-02
5.783483633526034784e-02
5.707952941669396790e-02
5.628325642322476452e-02
5.544887048459164886e-02
5.457919038013320234e-02
5.367703535054684644e-02
5.274518359268935003e-02
5.178637773072614081e-02
5.080330681192453401e-02
4.979862353853330148e-02
4.877490279959038888e-02
4.773468240869323947e-02
4.668040991656576683e-02
4.561448043719593809e-02
4.453920109830893787e-02
4.345680834420676680e-02
4.236945002532580690e-02
4.127919685628860663e-02
4.018802746747974358e-02
3.909783695414934673e-02
3.801043369665691590e-02
3.692752738728970197e-02
3.585074348985912984e-02
3.478161716343154686e-02
3.372159013420060469e-02
3.267201638630096855e-02
3.163415905810535583e-02
3.060919028580639384e-02
2.959819986500315456e-02
2.860218631018065366e-02
2.762207140911092373e-02
2.665868836780327031e-02
2.571279344959736049e-02
2.478506294612147290e-02
2.387609749617430541e-02
2.298642641329677258e-02
2.211650761832786860e-02
2.126673051535586667e-02
2.043742034289018281e-02
1.962883812879316972e-02
1.884118945845078205e-02
1.807461710379563991e-02
1.732921567467185855e-02
1.660502425923401221e-02
1.590203668265333103e-02
1.522020149625160843e-02
1.455942490659806535e-02
1.391957077317866609e-02
1.330046794866787500e-02
1.270191321937891131e-02
1.212366911171426295e-02
1.156546977421299589e-02
1.102702319280865484e-02
1.050801267456931247e-02
1.000810126908543464e-02
9.526931054569623761e-03
9.064127562798630564e-03
8.619301269986731975e-03
8.192049088923819555e-03
7.781957329959180575e-03
7.388601727366189698e-03
7.011551135867077553e-03
6.650368292228744059e-03
6.304612045083396454e-03
5.973835548729359082e-03
5.657593263731010812e-03
5.355437316330761283e-03
5.066921563627038542e-03
4.791600888429624165e-03
4.529033429471544282e-03
4.278781343608893672e-03
4.040410833822407309e-03
3.813494011547407300e-03
3.597608556925389021e-03
3.392339213281238882e-03
3.197278914137022601e-03
3.012026790667397553e-03
2.836191682680747929e-03
2.669390511807505015e-03
2.511249222636327896e-03
2.361403723192422813e-03
2.219498623097075109e-03
2.085189090043729730e-03
1.958139770054951895e-03
1.838025358279769643e-03
1.724530802153471628e-03
1.617351503861954708e-03
1.516192329555036663e-03
1.420769002989539717e-03
1.330806838169006122e-03
1.246041397752260631e-03
1.166218325182544636e-03
1.091092809224824406e-03
1.020429873482096763e-03
9.540041148747979835e-04
8.915993497736738639e-04
8.330088099476652425e-04
7.780346957833866742e-04
7.264879582768667653e-04
6.781882639457372615e-04
6.329637757368201077e-04
5.906507958128822452e-04
5.510936371757918419e-04
5.141445406716315053e-04
4.796632245849705937e-04
4.475168465878920365e-04
4.175797817799859163e-04
3.897333085697747296e-04
3.638655234858577977e-04
3.398710721234730458e-04
3.176510402477440058e-04
2.971125922583972567e-04
2.781690221096871679e-04
2.607393452129196771e-04
2.447483716200346939e-04
2.301262972792305955e-04
2.168087536599167301e-04
2.047365589411328114e-04
1.938556294492929199e-04
1.841167761483082589e-04
1.754757301975712412e-04
1.678929045082642383e-04
1.613333958488798474e-04
1.557667917636222752e-04
1.511672295186785426e-04
1.475132140041171839e-04
1.447876188712193888e-04
1.429776530374410413e-04
1.420748040286979859e-04
1.420748040286979859e-04
1.429776530374410413e-04
1.447876188712193888e-04
1.475132140041171839e-04
1.511672295186785426e-04
1.557667917636222752e-04
1.613333958488798474e-04
1.678929045082642383e-04
1.754757301975712412e-04
1.841167761483082589e-04
1.938556294492929199e-04
2.047365589411328114e-04
2.168087536599167301e-04
2.301262972792305955e-04
2.447483716200346939e-04
2.607393452129196771e-04
2.781690221096871679e-04
2.971125922583972567e-04
3.176510402477440058e-04
3.398710721234730458e-04
3.638655234858577977e-04
3.897333085697747296e-04
4.175797817799859163e-04
4.475168465878920365e-04
4.796632245849705937e-04
5.141445406716315053e-04
5.510936371757918419e-04
5.906507958128822452e-04
6.329637757368201077e-04
6.781882639457372615e-04
7.264879582768667653e-04
7.780346957833866742e-04
8.330088099476652425e-04
8.915993497736738639e-04
9.540041148747979835e-04
1.020429873482096763e-03
1.091092809224824406e-03
1.166218325182544636e-03
1.246041397752260631e-03
1.330806838169006122e-03
1.420769002989539717e-03
1.516192329555036663e-03
1.617351503861954708e-03
1.724530802153471628e-03
1.838025358279769643e-03
1.958139770054951895e-03
2.085189090043729730e-03
2.219498623097075109e-03
2.361403723192422813e-03
2.511249222636327896e-03
2.669390511807505015e-03
2.836191682680747929e-03
3.012026790667397553e-03
3.197278914137022601e-03
3.392339213281238882e-03
3.597608556925389021e-03
3.813494011547407300e-03
4.040410833822407309e-03
4.278781343608893672e-03
4.529033429471544282e-03
4.791600888429624165e-03
5.066921563627038542e-03
5.355437316330761283e-03
5.657593263731010812e-03
5.973835548729359082e-03
6.304612045083396454e-03
6.650368292228744059e-03
7.011551135867077553e-03
7.388601727366189698e-03
7.781957329959180575e-03
8.192049088923819555e-03
8.619301269986731975e-03
9.064127562798630564e-03
9.526931054569623761e-03
1.000810126908543464e-02
1.050801267456931247e-02
1.102702319280865484e-02
1.156546977421299589e-02
1.212366911171426295e-02
1.270191321937891131e-02
1.330046794866787500e-02
1.391957077317866609e-02
1.455942490659806535e-02
1.522020149625160843e-02
1.590203668265333103e-02
1.660502425923401221e-02
1.732921567467185855e-02
1.807461710379563991e-02
1.884118945845078205e-02
1.962883812879316972e-02
2.043742034289018281e-02
2.126673051535586667e-02
2.211650761832786860e-02
2.298642641329677258e-02
2.387609749617430541e-02
2.478506294612147290e-02
2.571279344959736049e-02
2.665868836780327031e-02
2.762207140911092373e-02
2.860218631018065366e-02
2.959819986500315456e-02
3.060919028580639384e-02
3.163415905810535583e-02
3.267201638630096855e-02
3.372159013420060469e-02
3.478161716343154686e-02
3.585074348985912984e-02
3.692752738728970197e-02
3.801043369665691590e-02
3.909783695414934673e-02
4.018802746747974358e-02
4.127919685628860663e-02
4.236945002532580690e-02
4.345680834420676680e-02
4.453920109830893787e-02
4.561448043719593809e-02
4.668040991656576683e-02
4.773468240869323947e-02
4.877490279959038888e-02
4.979862353853330148e-02
5.080330681192453401e-02
5.178637773072614081e-02
5.274518359268935003e-02
5.367703535054684644e-02
5.457919038013320234e-02
5.544887048459164886e-02
5.628325642322476452e-02
5.707952941669396790e-02
5.783483633526034784e-02
5.854631360316046862e-02
5.921111110719527726e-02
5.982638088169822677e-02
6.038930689201565255e-02
6.089708784888227255e-02
6.134697285977708248e-02
6.173626184936193556e-02
6.206231184423585678e-02
6.232254911968825029e-02
6.251449307705728153e-02
6.263575075170407791e-02
6.268404065945250292e-02
6.265718726807287253e-02
6.255315067246830507e-02
6.237002688884878132e-02
6.210606573315623907e-02
6.175966518306020420e-02
6.132940093072623833e-02
6.081403241235362744e-02
6.021249705310875028e-02
5.952394556345721316e-02
5.874771260432910119e-02
5.788336959404274257e-02
5.693069526388808838e-02
5.588969312222297203e-02
5.476060885529496908e-02
5.354391243524102978e-02
5.224033299808621134e-02
5.085082319668780826e-02
4.937658806032848430e-02
4.781908442170351714e-02
4.618000265138968302e-02
4.446128353765010921e-02
4.266509985763224100e-02
4.079386428525691444e-02
3.885022840915373227e-02
3.683705231219671500e-02
3.475742690828884790e-02
3.261463455228381242e-02
3.041217121744348509e-02
2.815370695117425104e-02
2.584309322733847891e-02
2.348433206937364237e-02
2.108158033788569766e-02
1.863911873636307434e-02
1.616134572064703567e-02
1.365275375522258597e-02
1.111791434531540432e-02
8.561455709583422335e-03
5.988053653295021504e-03
3.402398960033534061e-03
8.091853479629002727e-04
-1.786909882865123393e-03
-4.381251396487458385e-03
-6.969260160820613462e-03
-9.546436792569241298e-03
-1.210837907508984131e-02
-1.465080266775451584e-02
-1.716955485238486068e-02
-1.966063978357374467e-02
-2.212022509008806231e-02
-2.454466792585553725e-02
-2.693051917268017917e-02
-2.927454210565940892e-02
-3.157372128807453548e-02
-3.382527562581241071e-02
-3.602666089172144870e-02
-3.817557785549070826e-02
-4.026998601177130682e-02
-4.230808767586773794e-02
-4.428834409219161578e-02
-4.620946778339789923e-02
-4.807041756732358118e-02
-4.987040212505256670e-02
-5.160885691150305515e-02
-5.328545020736527582e-02
-5.490006550333638435e-02
-5.645279254523070944e-02
-5.794389773047597947e-02
-5.937383262113232057e-02
-6.074320137832379257e-02
-6.205275177442682449e-02
-6.330333115871680794e-02
-6.449591902568080348e-02
-6.563154842549406842e-02
-6.671133357512826212e-02
-6.773642181473067680e-02
-6.870798162752399241e-02
-6.962720930226198868e-02
-7.049526639291701924e-02
-7.131332436172700684e-02
-7.208249360095440872e-02
-7.280387789288400580e-02
-7.347850813284768912e-02
-7.410740238775903599e-02
-7.469151803408340118e-02
-7.523180803898509017e-02
-7.572921196734073990e-02
-7.618468837802910842e-02
-7.659924860168720873e-02
-7.697402820392447442e-02
-7.731029712770458306e-02
-7.760956706321496534e-02
-7.787365945568347492e-02
-7.810477094131777764e-02
-7.830557469229293410e-02
-7.847927318518017892e-02
-7.862962911832846458e-02
-7.876091963657709527e-02
-7.887778087524732751e-02
-7.898502665609176410e-02
-7.908721735132484554e-02
-7.918823287002339784e-02
-7.929075013067836408e-02
-7.939576534594028345e-02
-7.950227803638755530e-02
-7.960720092787705593e-02
-7.970566860546908494e-02
-7.979163038052668189e-02
-7.985878672073962181e-02
-7.990161167566205147e-02
