2.578299157402733632e-01
2.579332552439106419e-01
2.582316241004550816e-01
2.586908401630523269e-01
2.592569607961597855e-01
2.598605016752751906e-01
2.604216222390154378e-01
2.608554894875204644e-01
2.610775929945059470e-01
2.610084399777592434e-01
2.605770316611253357e-01
2.597236999910514932e-01
2.584015110381339131e-01
2.565767428445956400e-01
2.542289790936161920e-01
2.513500988624900456e-01
2.479433971305402551e-01
2.440222500274029649e-01
2.396086222328565329e-01
2.347320024849273157e-01
2.294278600633238296e-01
2.237367174308733664e-01
2.177028022540181129e-01
2.113732593013069594e-01
2.047970952009177115e-01
1.980244730222846528e-01
1.911058861240446660e-01
1.840915464087396480e-01
1.770307124364383644e-01
1.699712949943661955e-01
1.629591399623082082e-01
1.560378643348685479e-01
1.492483039333575290e-01
1.426283454260283134e-01
1.362124999916400903e-01
1.300319321983888221e-01
1.241140708581897345e-01
1.184825753066139353e-01
1.131573801040990646e-01
1.081545039554590304e-01
1.034861431490008699e-01
9.916072793176847200e-02
9.518297044108994798e-02
9.155402224483213947e-02
8.827154664428710218e-02
8.532995050609579191e-02
8.272057338576310759e-02
8.043183290536357055e-02
7.844951910090505742e-02
7.675697601033920625e-02
7.533539310503581388e-02
7.416402688279721822e-02
7.322047473792644978e-02
7.248094818589931321e-02
7.192052609972274246e-02
7.151339101968201550e-02
7.123314105826439313e-02
7.105297940246010913e-02
7.094600070084886023e-02
7.088539506832272630e-02
7.084467733924865174e-02
7.079792631405032455e-02
7.071991448317326012e-02
7.058635893451822851e-02
7.037403245487258707e-02
7.006095816382575114e-02
6.962651245013788681e-02
6.905155158845123486e-02
6.831852470944736744e-02
6.741154327692404358e-02
6.631646665914292527e-02
6.502093674622855257e-02
6.351442497224707440e-02
6.178825453692665670e-02
5.983561279282184620e-02
5.765153525044941496e-02
5.523288736971759816e-02
5.257834610165181000e-02
4.968833472386541272e-02
4.656498745419385132e-02
4.321207690796001477e-02
3.963494270692809185e-02
3.584041018976420745e-02
3.183670470528914692e-02
2.763335532768321223e-02
2.324109486975536182e-02
1.867176958712253240e-02
1.393821282396458944e-02
9.054156987777919191e-03
4.034103636475827592e-03
-1.106767424793708710e-03
-6.352720252163469861e-03
-1.168756941641280883e-02
-1.709479067041581868e-02
-2.255761319620626371e-02
-2.805915482216596313e-02
-3.358246789172739111e-02
-3.911068570852649362e-02
-4.462710558611593381e-02
-5.011524197661073460e-02
-5.555893903743380768e-02
-6.094243828568288168e-02
-6.625046835823636404e-02
-7.146825998779582356e-02
-7.658167988261038728e-02
-8.157720036475643588e-02
-8.644202512327819887e-02
-9.116405814301248300e-02
-9.573202872238500971e-02
-1.001354372964493866e-01
-1.043645977320902529e-01
-1.084107090386772221e-01
-1.122658298352526840e-01
-1.159228524352986511e-01
-1.193755957639560522e-01
-1.226186892896240499e-01
-1.256476950139949755e-01
-1.284589757928173981e-01
-1.310497719353667656e-01
-1.334181284676873580e-01
-1.355629114921246270e-01
-1.374837497449716839e-01
-1.391810503790088527e-01
-1.406558952714288546e-01
-1.419101158962906006e-01
-1.429461444461058162e-01
-1.437670733523646049e-01
-1.443765804942760966e-01
-1.447788691231918223e-01
-1.449786523206587074e-01
-1.449811373019364025e-01
-1.447919350740669020e-01
-1.444170593758252741e-01
-1.438628808030683048e-01
-1.431360659353137499e-01
-1.422435461800055090e-01
-1.411925312479430650e-01
-1.399903884577201607e-01
-1.386446412000361117e-01
-1.371629673631220014e-01
-1.355531381244844957e-01
-1.338229567228508832e-01
-1.319802419224413437e-01
-1.300328859798147718e-01
-1.279886592951519630e-01
-1.258553578011634144e-01
-1.236406225435277562e-01
-1.213520424060929026e-01
-1.189970631487005936e-01
-1.165829709830564220e-01
-1.141169134377375549e-01
-1.116058457571348084e-01
-1.090565145960780413e-01
-1.064754790127467599e-01
-1.038690570033207750e-01
-1.012433763941105180e-01
-9.860426932224045093e-02
-9.595736048324829404e-02
-9.330799896905916935e-02
-9.066130191767543534e-02
-8.802212371024681348e-02
-8.539503267181558499e-02
-8.278433997891643248e-02
-8.019412861943331361e-02
-7.762819299704321052e-02
-7.509006799329087656e-02
-7.258303572755589461e-02
-7.011013981606387113e-02
-6.767414752401681999e-02
-6.527763117280882543e-02
-6.292287077763841774e-02
-6.061197279474678234e-02
-5.834678029359165186e-02
-5.612893590547538003e-02
-5.395987775482156967e-02
-5.184084287721195394e-02
-4.977287439718192097e-02
-4.775683618934691010e-02
-4.579340521883544513e-02
-4.388311606513078944e-02
-4.202632351719573500e-02
-4.022324715099895309e-02
-3.847396005207930070e-02
-3.677840363794702971e-02
-3.513640250174097923e-02
-3.354766437447480321e-02
-3.201179128144505948e-02
-3.052827581435822030e-02
-2.909653839716950380e-02
-2.771590496148870070e-02
-2.638562561313452515e-02
-2.510489144780123777e-02
-2.387281971236611400e-02
-2.268848554184744321e-02
-2.155090527607197298e-02
-2.045905889939561573e-02
-1.941189013525910362e-02
-1.840830654644830255e-02
-1.744719826668979235e-02
-1.652742693403783103e-02
-1.564784629262415405e-02
-1.480728926951827701e-02
-1.400458951262336521e-02
-1.323857312777185907e-02
-1.250806811193718240e-02
-1.181190633636021448e-02
-1.114892273575197879e-02
-1.051796567299737722e-02
-9.917894264597295478e-03
-9.347580361636301932e-03
-8.805917048613574882e-03
-8.291810376795303444e-03
-7.804189722100161354e-03
-7.342007896298295352e-03
-6.904237996250395248e-03
-6.489880029534546638e-03
-6.097957758540616807e-03
-5.727522992375760208e-03
-5.377655219282431037e-03
-5.047460304772552822e-03
-4.736074309004639424e-03
-4.442661247478125325e-03
-4.166415505213775031e-03
-3.906560056827632771e-03
-3.662347710231647624e-03
-3.433061648664426264e-03
-3.218014339732025442e-03
-3.016547838268145501e-03
-2.828034318878149683e-03
-2.651874742715305301e-03
-2.487499150977964292e-03
-2.334367188177474857e-03
-2.191966759738201223e-03
-2.059814083598746938e-03
-1.937453273211324663e-03
-1.824456383305655353e-03
-1.720422987139349959e-03
-1.624979285279725110e-03
-1.537778492191696315e-03
-1.458500288784688164e-03
-1.386849923038235583e-03
-1.322558704977638052e-03
-1.265383451317539463e-03
-1.215105927548864716e-03
-1.171532985995983080e-03
-1.134496235723122040e-03
-1.103851360734593983e-03
-1.079478832724638845e-03
-1.061282991601201521e-03
-1.049192054939755443e-03
-1.043158590721347898e-03
-1.043158590721347898e-03
-1.049192054939755443e-03
-1.061282991601201521e-03
-1.079478832724638845e-03
-1.103851360734593983e-03
-1.134496235723122040e-03
-1.171532985995983080e-03
-1.215105927548864716e-03
-1.265383451317539463e-03
-1.322558704977638052e-03
-1.386849923038235583e-03
-1.458500288784688164e-03
-1.537778492191696315e-03
-1.624979285279725110e-03
-1.720422987139349959e-03
-1.824456383305655353e-03
-1.937453273211324663e-03
-2.059814083598746938e-03
-2.191966759738201223e-03
-2.334367188177474857e-03
-2.487499150977964292e-03
-2.651874742715305301e-03
-2.828034318878149683e-03
-3.016547838268145501e-03
-3.218014339732025442e-03
-3.433061648664426264e-03
-3.662347710231647624e-03
-3.906560056827632771e-03
-4.166415505213775031e-03
-4.442661247478125325e-03
-4.736074309004639424e-03
-5.047460304772552822e-03
-5.377655219282431037e-03
-5.727522992375760208e-03
-6.097957758540616807e-03
-6.489880029534546638e-03
-6.904237996250395248e-03
-7.342007896298295352e-03
-7.804189722100161354e-03
-8.291810376795303444e-03
-8.805917048613574882e-03
-9.347580361636301932e-03
-9.917894264597295478e-03
-1.051796567299737722e-02
-1.114892273575197879e-02
-1.181190633636021448e-02
-1.250806811193718240e-02
-1.323857312777185907e-02
-1.400458951262336521e-02
-1.480728926951827701e-02
-1.564784629262415405e-02
-1.652742693403783103e-02
-1.744719826668979235e-02
-1.840830654644830255e-02
-1.941189013525910362e-02
-2.045905889939561573e-02
-2.155090527607197298e-02
-2.268848554184744321e-02
-2.387281971236611400e-02
-2.510489144780123777e-02
-2.638562561313452515e-02
-2.771590496148870070e-02
-2.909653839716950380e-02
-3.052827581435822030e-02
-3.201179128144505948e-02
-3.354766437447480321e-02
-3.513640250174097923e-02
-3.677840363794702971e-02
-3.847396005207930070e-02
-4.022324715099895309e-02
-4.202632351719573500e-02
-4.388311606513078944e-02
-4.579340521883544513e-02
-4.775683618934691010e-02
-4.977287439718192097e-02
-5.184084287721195394e-02
-5.395987775482156967e-02
-5.612893590547538003e-02
-5.834678029359165186e-02
-6.061197279474678234e-02
-6.292287077763841774e-02
-6.527763117280882543e-02
-6.767414752401681999e-02
-7.011013981606387113e-02
-7.258303572755589461e-02
-7.509006799329087656e-02
-7.762819299704321052e-02
-8.019412861943331361e-02
-8.278433997891643248e-02
-8.539503267181558499e-02
-8.802212371024681348e-02
-9.066130191767543534e-02
-9.330799896905916935e-02
-9.595736048324829404e-02
-9.860426932224045093e-02
-1.012433763941105180e-01
-1.038690570033207750e-01
-1.064754790127467599e-01
-1.090565145960780413e-01
-1.116058457571348084e-01
-1.141169134377375549e-01
-1.165829709830563943e-01
-1.189970631487005936e-01
-1.213520424060929026e-01
-1.236406225435277562e-01
-1.258553578011634144e-01
-1.279886592951519630e-01
-1.300328859798147718e-01
-1.319802419224413437e-01
-1.338229567228508832e-01
-1.355531381244844957e-01
-1.371629673631220014e-01
-1.386446412000361117e-01
-1.399903884577201607e-01
-1.411925312479430650e-01
-1.422435461800055090e-01
-1.431360659353137499e-01
-1.438628808030683048e-01
-1.444170593758252741e-01
-1.447919350740669020e-01
-1.449811373019364025e-01
-1.449786523206587074e-01
-1.447788691231918223e-01
-1.443765804942760966e-01
-1.437670733523646049e-01
-1.429461444461058162e-01
-1.419101158962906006e-01
-1.406558952714288546e-01
-1.391810503790088527e-01
-1.374837497449716839e-01
-1.355629114921246270e-01
-1.334181284676873580e-01
-1.310497719353667656e-01
-1.284589757928173981e-01
-1.256476950139949755e-01
-1.226186892896240499e-01
-1.193755957639560522e-01
-1.159228524352986511e-01
-1.122658298352526840e-01
-1.084107090386772221e-01
-1.043645977320902529e-01
-1.001354372964493866e-01
-9.573202872238500971e-02
-9.116405814301248300e-02
-8.644202512327822663e-02
-8.157720036475643588e-02
-7.658167988261041503e-02
-7.146825998779582356e-02
-6.625046835823636404e-02
-6.094243828568288168e-02
-5.555893903743380768e-02
-5.011524197661073460e-02
-4.462710558611593381e-02
-3.911068570852649362e-02
-3.358246789172739111e-02
-2.805915482216596313e-02
-2.255761319620627411e-02
-1.709479067041581868e-02
-1.168756941641280883e-02
-6.352720252163469861e-03
-1.106767424793706975e-03
4.034103636475827592e-03
9.054156987777919191e-03
1.393821282396458944e-02
1.867176958712252893e-02
2.324109486975536182e-02
2.763335532768321223e-02
3.183670470528914692e-02
3.584041018976420745e-02
3.963494270692809185e-02
4.321207690796001477e-02
4.656498745419385132e-02
4.968833472386539885e-02
5.257834610165179612e-02
5.523288736971759816e-02
5.765153525044941496e-02
5.983561279282184620e-02
6.178825453692665670e-02
6.351442497224707440e-02
6.502093674622855257e-02
6.631646665914292527e-02
6.741154327692404358e-02
6.831852470944736744e-02
6.905155158845123486e-02
6.962651245013788681e-02
7.006095816382575114e-02
7.037403245487258707e-02
7.058635893451822851e-02
7.071991448317326012e-02
7.079792631405032455e-02
7.084467733924865174e-02
7.088539506832272630e-02
7.094600070084886023e-02
7.105297940246010913e-02
7.123314105826439313e-02
7.151339101968201550e-02
7.192052609972274246e-02
7.248094818589931321e-02
7.322047473792644978e-02
7.416402688279721822e-02
7.533539310503578612e-02
7.675697601033920625e-02
7.844951910090508518e-02
8.043183290536357055e-02
8.272057338576310759e-02
8.532995050609579191e-02
8.827154664428710218e-02
9.155402224483213947e-02
9.518297044108994798e-02
9.916072793176847200e-02
1.034861431490008699e-01
1.081545039554590304e-01
1.131573801040990646e-01
1.184825753066139353e-01
1.241140708581897345e-01
1.300319321983888221e-01
1.362124999916400903e-01
1.426283454260283134e-01
1.492483039333575290e-01
1.560378643348685479e-01
1.629591399623082082e-01
1.699712949943661955e-01
1.770307124364383644e-01
1.840915464087396480e-01
1.911058861240446660e-01
1.980244730222846528e-01
2.047970952009177115e-01
2.113732593013069594e-01
2.177028022540181129e-01
2.237367174308733664e-01
2.294278600633238296e-01
2.347320024849273157e-01
2.396086222328565329e-01
2.440222500274029649e-01
2.479433971305402551e-01
2.513500988624900456e-01
2.542289790936161920e-01
2.565767428445956400e-01
2.584015110381339131e-01
2.597236999910514932e-01
2.605770316611253357e-01
2.610084399777592434e-01
2.610775929945059470e-01
2.608554894875204644e-01
2.604216222390154378e-01
2.598605016752751906e-01
2.592569607961597855e-01
2.586908401630523269e-01
2.582316241004550816e-01
2.579332552439106419e-01
2.578299157402733632e-01
2.579332552439106419e-01
2.582316241004550816e-01
2.586908401630523269e-01
2.592569607961597855e-01
2.598605016752751906e-01
2.604216222390154378e-01
2.608554894875204644e-01
2.610775929945059470e-01
2.610084399777592434e-01
2.605770316611253357e-01
2.597236999910514932e-01
2.584015110381339131e-01
2.565767428445956400e-01
2.542289790936161920e-01
2.513500988624900456e-01
2.479433971305402551e-01
2.440222500274029649e-01
2.396086222328565329e-01
2.347320024849273157e-01
2.294278600633238296e-01
2.237367174308733664e-01
2.177028022540181129e-01
2.113732593013069594e-01
2.047970952009177115e-01
1.980244730222846528e-01
1.911058861240446660e-01
1.840915464087396480e-01
1.770307124364383644e-01
1.699712949943661955e-01
1.629591399623082082e-01
1.560378643348685479e-01
1.492483039333575290e-01
1.426283454260283134e-01
1.362124999916400903e-01
1.300319321983888221e-01
1.241140708581897345e-01
1.184825753066139353e-01
1.131573801040990646e-01
1.081545039554590304e-01
1.034861431490008699e-01
9.916072793176847200e-02
9.518297044108994798e-02
9.155402224483213947e-02
8.827154664428710218e-02
8.532995050609579191e-02
8.272057338576310759e-02
8.043183290536357055e-02
7.844951910090505742e-02
7.675697601033920625e-02
7.533539310503581388e-02
7.416402688279721822e-02
7.322047473792644978e-02
7.248094818589931321e-02
7.192052609972274246e-02
7.151339101968201550e-02
7.123314105826439313e-02
7.105297940246010913e-02
7.094600070084886023e-02
7.088539506832272630e-02
7.084467733924865174e-02
7.079792631405032455e-02
7.071991448317326012e-02
7.058635893451822851e-02
7.037403245487258707e-02
7.006095816382575114e-02
6.962651245013788681e-02
6.905155158845123486e-02
6.831852470944736744e-02
6.741154327692404358e-02
6.631646665914292527e-02
6.502093674622855257e-02
6.351442497224707440e-02
6.178825453692665670e-02
5.983561279282184620e-02
5.765153525044941496e-02
5.523288736971759816e-02
5.257834610165181000e-02
4.968833472386541272e-02
4.656498745419385132e-02
4.321207690796001477e-02
3.963494270692809185e-02
3.584041018976420745e-02
3.183670470528914692e-02
2.763335532768321223e-02
2.324109486975536182e-02
1.867176958712253240e-02
1.393821282396458944e-02
9.054156987777919191e-03
4.034103636475827592e-03
-1.106767424793708710e-03
-6.352720252163469861e-03
-1.168756941641280883e-02
-1.709479067041581868e-02
-2.255761319620626371e-02
-2.805915482216596313e-02
-3.358246789172739111e-02
-3.911068570852649362e-02
-4.462710558611593381e-02
-5.011524197661073460e-02
-5.555893903743380768e-02
-6.094243828568288168e-02
-6.625046835823636404e-02
-7.146825998779582356e-02
-7.658167988261038728e-02
-8.157720036475643588e-02
-8.644202512327819887e-02
-9.116405814301248300e-02
-9.573202872238500971e-02
-1.001354372964493866e-01
-1.043645977320902529e-01
-1.084107090386772221e-01
-1.122658298352526840e-01
-1.159228524352986511e-01
-1.193755957639560522e-01
-1.226186892896240499e-01
-1.256476950139949755e-01
-1.284589757928173981e-01
-1.310497719353667656e-01
-1.334181284676873580e-01
-1.355629114921246270e-01
-1.374837497449716839e-01
-1.391810503790088527e-01
-1.406558952714288546e-01
-1.419101158962906006e-01
-1.429461444461058162e-01
-1.437670733523646049e-01
-1.443765804942760966e-01
-1.447788691231918223e-01
-1.449786523206587074e-01
-1.449811373019364025e-01
-1.447919350740669020e-01
-1.444170593758252741e-01
-1.438628808030683048e-01
-1.431360659353137499e-01
-1.422435461800055090e-01
-1.411925312479430650e-01
-1.399903884577201607e-01
-1.386446412000361117e-01
-1.371629673631220014e-01
-1.355531381244844957e-01
-1.338229567228508832e-01
-1.319802419224413437e-01
-1.300328859798147718e-01
-1.279886592951519630e-01
-1.258553578011634144e-01
-1.236406225435277562e-01
-1.213520424060929026e-01
-1.189970631487005936e-01
-1.165829709830564220e-01
-1.141169134377375549e-01
-1.116058457571348084e-01
-1.090565145960780413e-01
-1.064754790127467599e-01
-1.038690570033207750e-01
-1.012433763941105180e-01
-9.860426932224045093e-02
-9.595736048324829404e-02
-9.330799896905916935e-02
-9.066130191767543534e-02
-8.802212371024681348e-02
-8.539503267181558499e-02
-8.278433997891643248e-02
-8.019412861943331361e-02
-7.762819299704321052e-02
-7.509006799329087656e-02
-7.258303572755589461e-02
-7.011013981606387113e-02
-6.767414752401681999e-02
-6.527763117280882543e-02
-6.292287077763841774e-02
-6.061197279474678234e-02
-5.834678029359165186e-02
-5.612893590547538003e-02
-5.395987775482156967e-02
-5.184084287721195394e-02
-4.977287439718192097e-02
-4.775683618934691010e-02
-4.579340521883544513e-02
-4.388311606513078944e-02
-4.202632351719573500e-02
-4.022324715099895309e-02
-3.847396005207930070e-02
-3.677840363794702971e-02
-3.513640250174097923e-02
-3.354766437447480321e-02
-3.201179128144505948e-02
-3.052827581435822030e-02
-2.909653839716950380e-02
-2.771590496148870070e-02
-2.638562561313452515e-02
-2.510489144780123777e-02
-2.387281971236611400e-02
-2.268848554184744321e-02
-2.155090527607197298e-02
-2.045905889939561573e-02
-1.941189013525910362e-02
-1.840830654644830255e-02
-1.744719826668979235e-02
-1.652742693403783103e-02
-1.564784629262415405e-02
-1.480728926951827701e-02
-1.400458951262336521e-02
-1.323857312777185907e-02
-1.250806811193718240e-02
-1.181190633636021448e-02
-1.114892273575197879e-02
-1.051796567299737722e-02
-9.917894264597295478e-03
-9.347580361636301932e-03
-8.805917048613574882e-03
-8.291810376795303444e-03
-7.804189722100161354e-03
-7.342007896298295352e-03
-6.904237996250395248e-03
-6.489880029534546638e-03
-6.097957758540616807e-03
-5.727522992375760208e-03
-5.377655219282431037e-03
-5.047460304772552822e-03
-4.736074309004639424e-03
-4.442661247478125325e-03
-4.166415505213775031e-03
-3.906560056827632771e-03
-3.662347710231647624e-03
-3.433061648664426264e-03
-3.218014339732025442e-03
-3.016547838268145501e-03
-2.828034318878149683e-03
-2.651874742715305301e-03
-2.487499150977964292e-03
-2.334367188177474857e-03
-2.191966759738201223e-03
-2.059814083598746938e-03
-1.937453273211324663e-03
-1.824456383305655353e-03
-1.720422987139349959e-03
-1.624979285279725110e-03
-1.537778492191696315e-03
-1.458500288784688164e-03
-1.386849923038235583e-03
-1.322558704977638052e-03
-1.265383451317539463e-03
-1.215105927548864716e-03
-1.171532985995983080e-03
-1.134496235723122040e-03
-1.103851360734593983e-03
-1.079478832724638845e-03
-1.061282991601201521e-03
-1.049192054939755443e-03
-1.043158590721347898e-03
-1.043158590721347898e-03
-1.049192054939755443e-03
-1.061282991601201521e-03
-1.079478832724638845e-03
-1.103851360734593983e-03
-1.134496235723122040e-03
-1.171532985995983080e-03
-1.215105927548864716e-03
-1.265383451317539463e-03
-1.322558704977638052e-03
-1.386849923038235583e-03
-1.458500288784688164e-03
-1.537778492191696315e-03
-1.624979285279725110e-03
-1.720422987139349959e-03
-1.824456383305655353e-03
-1.937453273211324663e-03
-2.059814083598746938e-03
-2.191966759738201223e-03
-2.334367188177474857e-03
-2.487499150977964292e-03
-2.651874742715305301e-03
-2.828034318878149683e-03
-3.016547838268145501e-03
-3.218014339732025442e-03
-3.433061648664426264e-03
-3.662347710231647624e-03
-3.906560056827632771e-03
-4.166415505213775031e-03
-4.442661247478125325e-03
-4.736074309004639424e-03
-5.047460304772552822e-03
-5.377655219282431037e-03
-5.727522992375760208e-03
-6.097957758540616807e-03
-6.489880029534546638e-03
-6.904237996250395248e-03
-7.342007896298295352e-03
-7.804189722100161354e-03
-8.291810376795303444e-03
-8.805917048613574882e-03
-9.347580361636301932e-03
-9.917894264597295478e-03
-1.051796567299737722e-02
-1.114892273575197879e-02
-1.181190633636021448e-02
-1.250806811193718240e-02
-1.323857312777185907e-02
-1.400458951262336521e-02
-1.480728926951827701e-02
-1.564784629262415405e-02
-1.652742693403783103e-02
-1.744719826668979235e-02
-1.840830654644830255e-02
-1.941189013525910362e-02
-2.045905889939561573e-02
-2.155090527607197298e-02
-2.268848554184744321e-02
-2.387281971236611400e-02
-2.510489144780123777e-02
-2.638562561313452515e-02
-2.771590496148870070e-02
-2.909653839716950380e-02
-3.052827581435822030e-02
-3.201179128144505948e-02
-3.354766437447480321e-02
-3.513640250174097923e-02
-3.677840363794702971e-02
-3.847396005207930070e-02
-4.022324715099895309e-02
-4.202632351719573500e-02
-4.388311606513078944e-02
-4.579340521883544513e-02
-4.775683618934691010e-02
-4.977287439718192097e-02
-5.184084287721195394e-02
-5.395987775482156967e-02
-5.612893590547538003e-02
-5.834678029359165186e-02
-6.061197279474678234e-02
-6.292287077763841774e-02
-6.527763117280882543e-02
-6.767414752401681999e-02
-7.011013981606387113e-02
-7.258303572755589461e-02
-7.509006799329087656e-02
-7.762819299704321052e-02
-8.019412861943331361e-02
-8.278433997891643248e-02
-8.539503267181558499e-02
-8.802212371024681348e-02
-9.066130191767543534e-02
-9.330799896905916935e-02
-9.595736048324829404e-02
-9.860426932224045093e-02
-1.012433763941105180e-01
-1.038690570033207750e-01
-1.064754790127467599e-01
-1.090565145960780413e-01
-1.116058457571348084e-01
-1.141169134377375549e-01
-1.165829709830563943e-01
-1.189970631487005936e-01
-1.213520424060929026e-01
-1.236406225435277562e-01
-1.258553578011634144e-01
-1.279886592951519630e-01
-1.300328859798147718e-01
-1.319802419224413437e-01
-1.338229567228508832e-01
-1.355531381244844957e-01
-1.371629673631220014e-01
-1.386446412000361117e-01
-1.399903884577201607e-01
-1.411925312479430650e-01
-1.422435461800055090e-01
-1.431360659353137499e-01
-1.438628808030683048e-01
-1.444170593758252741e-01
-1.447919350740669020e-01
-1.449811373019364025e-01
-1.449786523206587074e-01
-1.447788691231918223e-01
-1.443765804942760966e-01
-1.437670733523646049e-01
-1.429461444461058162e-01
-1.419101158962906006e-01
-1.406558952714288546e-01
-1.391810503790088527e-01
-1.374837497449716839e-01
-1.355629114921246270e-01
-1.334181284676873580e-01
-1.310497719353667656e-01
-1.284589757928173981e-01
-1.256476950139949755e-01
-1.226186892896240499e-01
-1.193755957639560522e-01
-1.159228524352986511e-01
-1.122658298352526840e-01
-1.084107090386772221e-01
-1.043645977320902529e-01
-1.001354372964493866e-01
-9.573202872238500971e-02
-9.116405814301248300e-02
-8.644202512327822663e-02
-8.157720036475643588e-02
-7.658167988261041503e-02
-7.146825998779582356e-02
-6.625046835823636404e-02
-6.094243828568288168e-02
-5.555893903743380768e-02
-5.011524197661073460e-02
-4.462710558611593381e-02
-3.911068570852649362e-02
-3.358246789172739111e-02
-2.805915482216596313e-02
-2.255761319620627411e-02
-1.709479067041581868e-02
-1.168756941641280883e-02
-6.352720252163469861e-03
-1.106767424793706975e-03
4.034103636475827592e-03
9.054156987777919191e-03
1.393821282396458944e-02
1.867176958712252893e-02
2.324109486975536182e-02
2.763335532768321223e-02
3.183670470528914692e-02
3.584041018976420745e-02
3.963494270692809185e-02
4.321207690796001477e-02
4.656498745419385132e-02
4.968833472386539885e-02
5.257834610165179612e-02
5.523288736971759816e-02
5.765153525044941496e-02
5.983561279282184620e-02
6.178825453692665670e-02
6.351442497224707440e-02
6.502093674622855257e-02
6.631646665914292527e-02
6.741154327692404358e-02
6.831852470944736744e-02
6.905155158845123486e-02
6.962651245013788681e-02
7.006095816382575114e-02
7.037403245487258707e-02
7.058635893451822851e-02
7.071991448317326012e-02
7.079792631405032455e-02
7.084467733924865174e-02
7.088539506832272630e-02
7.094600070084886023e-02
7.105297940246010913e-02
7.123314105826439313e-02
7.151339101968201550e-02
7.192052609972274246e-02
7.248094818589931321e-02
7.322047473792644978e-02
7.416402688279721822e-02
7.533539310503578612e-02
7.675697601033920625e-02
7.844951910090508518e-02
8.043183290536357055e-02
8.272057338576310759e-02
8.532995050609579191e-02
8.827154664428710218e-02
9.155402224483213947e-02
9.518297044108994798e-02
9.916072793176847200e-02
1.034861431490008699e-01
1.081545039554590304e-01
1.131573801040990646e-01
1.184825753066139353e-01
1.241140708581897345e-01
1.300319321983888221e-01
1.362124999916400903e-01
1.426283454260283134e-01
1.492483039333575290e-01
1.560378643348685479e-01
1.629591399623082082e-01
1.699712949943661955e-01
1.770307124364383644e-01
1.840915464087396480e-01
1.911058861240446660e-01
1.980244730222846528e-01
2.047970952009177115e-01
2.113732593013069594e-01
2.177028022540181129e-01
2.237367174308733664e-01
2.294278600633238296e-01
2.347320024849273157e-01
2.396086222328565329e-01
2.440222500274029649e-01
2.479433971305402551e-01
2.513500988624900456e-01
2.542289790936161920e-01
2.565767428445956400e-01
2.584015110381339131e-01
2.597236999910514932e-01
2.605770316611253357e-01
2.610084399777592434e-01
2.610775929945059470e-01
2.608554894875204644e-01
2.604216222390154378e-01
2.598605016752751906e-01
2.592569607961597855e-01
2.586908401630523269e-01
2.582316241004550816e-01
2.579332552439106419e-01
