1.963400979081043191e-02
1.943475976033154362e-02
1.884767845469417086e-02
1.790344094404587583e-02
1.664915715861160772e-02
1.514311768254511525e-02
1.344884765753719125e-02
1.162940220828515003e-02
9.742670943849063292e-03
7.838206744688741567e-03
5.955664744203045813e-03
4.124585270317754349e-03
2.365333335044537966e-03
6.905503406873306216e-04
-8.930808845071455671e-04
-2.383210611777609664e-03
-3.780391681110606417e-03
-5.086984617302295342e-03
-6.306382338422615585e-03
-7.442455320479504643e-03
-8.499233189143806655e-03
-9.480732937059623000e-03
-1.039081396629422394e-02
-1.123318627143088562e-02
-1.201134307440496381e-02
-1.272860068951348761e-02
-1.338809005532527047e-02
-1.399275875390070152e-02
-1.454540175503162003e-02
-1.504865838364908420e-02
-1.550503469325892336e-02
-1.591689709496824090e-02
-1.628649683819883426e-02
-1.661597509201605261e-02
-1.690736730943211141e-02
-1.716261065805118474e-02
-1.738354339667297355e-02
-1.757193722761033611e-02
-1.772946581469731636e-02
-1.785773244533581106e-02
-1.795827864575977317e-02
-1.803256633600858888e-02
-1.808200061388325064e-02
-1.810792614387071731e-02
-1.811164188303418521e-02
-1.809437083990862727e-02
-1.805730596191194165e-02
-1.800158129835621040e-02
-1.792828953025798339e-02
-1.783847882907818594e-02
-1.773315141174591075e-02
-1.761327311922702976e-02
-1.747977726744225080e-02
-1.733354788071323621e-02
-1.717543819729584059e-02
-1.700627230213374447e-02
-1.682683920836230279e-02
-1.663789243359584807e-02
-1.644016252839555770e-02
-1.623433972228178340e-02
-1.602110119875051197e-02
-1.580107869633572137e-02
-1.557489682561535860e-02
-1.534313868283637521e-02
-1.510637287461471384e-02
-1.486513578663073432e-02
-1.461994733082723139e-02
-1.437130243226666937e-02
-1.411967737411723087e-02
-1.386551561321896706e-02
-1.360925639867825027e-02
-1.335130654430802255e-02
-1.309206245917850231e-02
-1.283189396264773630e-02
-1.257115787229536041e-02
-1.231019293772840639e-02
-1.204931661097946236e-02
-1.178883576220302737e-02
-1.152903688314230179e-02
-1.127019303258402008e-02
-1.101255772270215774e-02
-1.075637927504769636e-02
-1.050188069921863948e-02
-1.024927494440087961e-02
-9.998768958583283822e-03
-9.750544449125462393e-03
-9.504780538074537183e-03
-9.261640081899405463e-03
-9.021273673068770649e-03
-8.783822697693306064e-03
-8.549416793250809443e-03
-8.318174088891093498e-03
-8.090205160199641365e-03
-7.865606729107892797e-03
-7.644469323830246563e-03
-7.426875150568825953e-03
-7.212893628005777324e-03
-7.002589486159728829e-03
-6.796021543917802471e-03
-6.593233096936757659e-03
-6.394267443877216586e-03
-6.199157794222488402e-03
-6.007931604868853998e-03
-5.820608856688861896e-03
-5.637204981561448267e-03
-5.457728661251669972e-03
-5.282181483315594520e-03
-5.110563645225970134e-03
-4.942867080499548094e-03
-4.779079290111664172e-03
-4.619185772215549796e-03
-4.463165928093440482e-03
-4.310994551725099919e-03
-4.162644712205423175e-03
-4.018084578605857562e-03
-3.877280294640605626e-03
-3.740192796104228369e-03
-3.606782773903285423e-03
-3.477006553360997149e-03
-3.350818722419142068e-03
-3.228171729984865256e-03
-3.109015714180031649e-03
-2.993299259108872859e-03
-2.880968751955797352e-03
-2.771968668833498656e-03
-2.666244186474050516e-03
-2.563737505133864385e-03
-2.464389291514187778e-03
-2.368141050841968479e-03
-2.274932141775919472e-03
-2.184701678775022998e-03
-2.097388569925620963e-03
-2.012930621631763874e-03
-1.931265969875970052e-03
-1.852331948682458141e-03
-1.776066168883273875e-03
-1.702406547627780854e-03
-1.631290288702223670e-03
-1.562655189767680336e-03
-1.496439551287637084e-03
-1.432581152865406576e-03
-1.371019371584352060e-03
-1.311692991824668988e-03
-1.254541855681406450e-03
-1.199506300437096131e-03
-1.146527177104757558e-03
-1.095546100841335042e-03
-1.046505351199285023e-03
-9.993478879198863102e-04
-9.540181808009434977e-04
-9.104604776335011983e-04
-8.686205056340195324e-04
-8.284449602647193153e-04
-7.898813426134888849e-04
-7.528780289509325908e-04
-7.173842232500529398e-04
-6.833506076060142168e-04
-6.507284786937119966e-04
-6.194704552968497042e-04
-5.895297883442207273e-04
-5.608611256539264549e-04
-5.334199374419667551e-04
-5.071628727171505202e-04
-4.820476787044015868e-04
-4.580329161482380373e-04
-4.350784309430477236e-04
-4.131450105025960421e-04
-3.921945927672136839e-04
-3.721899801283712426e-04
-3.530950187138075149e-04
-3.348748064917759018e-04
-3.174951444062463959e-04
-3.009230349951098156e-04
-2.851264240677639982e-04
-2.700741749855331466e-04
-2.557361882460136180e-04
-2.420832734816165096e-04
-2.290871667854184812e-04
-2.167205333041045436e-04
-2.049569405563922723e-04
-1.937708024867550627e-04
-1.831374543348191614e-04
-1.730330672909822023e-04
-1.634346212253823954e-04
-1.543198918424468821e-04
-1.456675104762418299e-04
-1.374568200474074139e-04
-1.296679782978474933e-04
-1.222818644761978915e-04
-1.152800441386874365e-04
-1.086448138990366529e-04
-1.023591515098698089e-04
-9.640669497208253884e-05
-9.077174340108782854e-05
-8.543917779113902240e-05
-8.039456361656085559e-05
-7.562398416461607186e-05
-7.111412119687710270e-05
-6.685222642082520720e-05
-6.282606381065390221e-05
-5.902394283381231881e-05
-5.543466432537809917e-05
-5.204752089429523834e-05
-4.885226455268351067e-05
-4.583909250245040779e-05
-4.299868018541479805e-05
-4.032209061416405142e-05
-3.780080736829768918e-05
-3.542670935907187132e-05
-3.319204557194215162e-05
-3.108943889255015136e-05
-2.911185899110860985e-05
-2.725261337939864685e-05
-2.550533117592820718e-05
-2.386396504640966512e-05
-2.232275493210425743e-05
-2.087623542169142683e-05
-1.951921946511284514e-05
-1.824678389622522222e-05
-1.705425494618787547e-05
-1.593721921428472514e-05
-1.489147915194091631e-05
-1.391307584244878693e-05
-1.299826084276922849e-05
-1.214349348558949835e-05
-1.134543362889162441e-05
-1.060092894407163228e-05
-9.907012204513334985e-06
-9.260890385177933550e-06
-8.659938306554070214e-06
-8.101692275880621941e-06
-7.583843725996258374e-06
-7.104232397393299620e-06
-6.660840882763073873e-06
-6.251790079557562106e-06
-5.875332822332179371e-06
-5.529848423580311568e-06
-5.213840397002814542e-06
-4.925929632694618315e-06
-4.664853028859920002e-06
-4.429457575766976109e-06
-4.218698077532659696e-06
-4.031634419133774553e-06
-3.867428378755008583e-06
-3.725339985570687843e-06
-3.604728197892872766e-06
-3.505045669944747378e-06
-3.425839885501308863e-06
-3.366749971888277942e-06
-3.327505560846176342e-06
-3.307928605788999779e-06
-3.307928605788999779e-06
-3.327505560846176342e-06
-3.366749971888277942e-06
-3.425839885501308863e-06
-3.505045669944747378e-06
-3.604728197892872766e-06
-3.725339985570687843e-06
-3.867428378755008583e-06
-4.031634419133774553e-06
-4.218698077532659696e-06
-4.429457575766976109e-06
-4.664853028859920002e-06
-4.925929632694618315e-06
-5.213840397002814542e-06
-5.529848423580311568e-06
-5.875332822332179371e-06
-6.251790079557562106e-06
-6.660840882763073873e-06
-7.104232397393299620e-06
-7.583843725996258374e-06
-8.101692275880621941e-06
-8.659938306554070214e-06
-9.260890385177933550e-06
-9.907012204513334985e-06
-1.060092894407163228e-05
-1.134543362889162441e-05
-1.214349348558949835e-05
-1.299826084276922849e-05
-1.391307584244878693e-05
-1.489147915194091631e-05
-1.593721921428472514e-05
-1.705425494618787547e-05
-1.824678389622522222e-05
-1.951921946511284514e-05
-2.087623542169142683e-05
-2.232275493210425743e-05
-2.386396504640966512e-05
-2.550533117592820718e-05
-2.725261337939864685e-05
-2.911185899110860985e-05
-3.108943889255015136e-05
-3.319204557194215162e-05
-3.542670935907187132e-05
-3.780080736829768918e-05
-4.032209061416405142e-05
-4.299868018541479805e-05
-4.583909250245040779e-05
-4.885226455268351067e-05
-5.204752089429523834e-05
-5.543466432537809917e-05
-5.902394283381231881e-05
-6.282606381065390221e-05
-6.685222642082520720e-05
-7.111412119687710270e-05
-7.562398416461607186e-05
-8.039456361656085559e-05
-8.543917779113902240e-05
-9.077174340108782854e-05
-9.640669497208253884e-05
-1.023591515098698089e-04
-1.086448138990366529e-04
-1.152800441386874365e-04
-1.222818644761978915e-04
-1.296679782978474933e-04
-1.374568200474074139e-04
-1.456675104762418299e-04
-1.543198918424468821e-04
-1.634346212253823954e-04
-1.730330672909822023e-04
-1.831374543348191614e-04
-1.937708024867550627e-04
-2.049569405563922723e-04
-2.167205333041045436e-04
-2.290871667854184812e-04
-2.420832734816165096e-04
-2.557361882460136180e-04
-2.700741749855331466e-04
-2.851264240677639982e-04
-3.009230349951098156e-04
-3.174951444062463959e-04
-3.348748064917759018e-04
-3.530950187138075149e-04
-3.721899801283712426e-04
-3.921945927672136839e-04
-4.131450105025960421e-04
-4.350784309430477236e-04
-4.580329161482380373e-04
-4.820476787044015868e-04
-5.071628727171505202e-04
-5.334199374419667551e-04
-5.608611256539264549e-04
-5.895297883442207273e-04
-6.194704552968497042e-04
-6.507284786937119966e-04
-6.833506076060142168e-04
-7.173842232500529398e-04
-7.528780289509325908e-04
-7.898813426134888849e-04
-8.284449602647193153e-04
-8.686205056340195324e-04
-9.104604776335011983e-04
-9.540181808009434977e-04
-9.993478879198863102e-04
-1.046505351199285023e-03
-1.095546100841335042e-03
-1.146527177104757558e-03
-1.199506300437096131e-03
-1.254541855681406450e-03
-1.311692991824668988e-03
-1.371019371584352060e-03
-1.432581152865406576e-03
-1.496439551287637084e-03
-1.562655189767680336e-03
-1.631290288702223670e-03
-1.702406547627780854e-03
-1.776066168883273875e-03
-1.852331948682458141e-03
-1.931265969875970052e-03
-2.012930621631763874e-03
-2.097388569925620963e-03
-2.184701678775022998e-03
-2.274932141775919472e-03
-2.368141050841968479e-03
-2.464389291514187778e-03
-2.563737505133864385e-03
-2.666244186474050516e-03
-2.771968668833498656e-03
-2.880968751955797352e-03
-2.993299259108872859e-03
-3.109015714180031649e-03
-3.228171729984865256e-03
-3.350818722419142068e-03
-3.477006553360997149e-03
-3.606782773903285423e-03
-3.740192796104228369e-03
-3.877280294640605626e-03
-4.018084578605857562e-03
-4.162644712205423175e-03
-4.310994551725099919e-03
-4.463165928093440482e-03
-4.619185772215549796e-03
-4.779079290111664172e-03
-4.942867080499548094e-03
-5.110563645225970134e-03
-5.282181483315594520e-03
-5.457728661251669972e-03
-5.637204981561448267e-03
-5.820608856688861896e-03
-6.007931604868853998e-03
-6.199157794222488402e-03
-6.394267443877216586e-03
-6.593233096936757659e-03
-6.796021543917804206e-03
-7.002589486159728829e-03
-7.212893628005777324e-03
-7.426875150568825953e-03
-7.644469323830246563e-03
-7.865606729107892797e-03
-8.090205160199641365e-03
-8.318174088891093498e-03
-8.549416793250809443e-03
-8.783822697693306064e-03
-9.021273673068770649e-03
-9.261640081899405463e-03
-9.504780538074537183e-03
-9.750544449125462393e-03
-9.998768958583283822e-03
-1.024927494440087961e-02
-1.050188069921863948e-02
-1.075637927504769636e-02
-1.101255772270215774e-02
-1.127019303258402008e-02
-1.152903688314230179e-02
-1.178883576220302737e-02
-1.204931661097946236e-02
-1.231019293772840639e-02
-1.257115787229536041e-02
-1.283189396264773630e-02
-1.309206245917850231e-02
-1.335130654430802255e-02
-1.360925639867825027e-02
-1.386551561321896706e-02
-1.411967737411723087e-02
-1.437130243226666937e-02
-1.461994733082723139e-02
-1.486513578663073432e-02
-1.510637287461471384e-02
-1.534313868283637521e-02
-1.557489682561535860e-02
-1.580107869633572137e-02
-1.602110119875051197e-02
-1.623433972228178340e-02
-1.644016252839555770e-02
-1.663789243359584807e-02
-1.682683920836230279e-02
-1.700627230213375141e-02
-1.717543819729584059e-02
-1.733354788071323621e-02
-1.747977726744225080e-02
-1.761327311922702976e-02
-1.773315141174591075e-02
-1.783847882907818594e-02
-1.792828953025798339e-02
-1.800158129835621040e-02
-1.805730596191194165e-02
-1.809437083990862727e-02
-1.811164188303418521e-02
-1.810792614387072424e-02
-1.808200061388325064e-02
-1.803256633600858888e-02
-1.795827864575977317e-02
-1.785773244533581106e-02
-1.772946581469731636e-02
-1.757193722761033611e-02
-1.738354339667296661e-02
-1.716261065805118474e-02
-1.690736730943211141e-02
-1.661597509201605261e-02
-1.628649683819883426e-02
-1.591689709496824090e-02
-1.550503469325892163e-02
-1.504865838364908420e-02
-1.454540175503162003e-02
-1.399275875390070152e-02
-1.338809005532527047e-02
-1.272860068951348761e-02
-1.201134307440496381e-02
-1.123318627143088562e-02
-1.039081396629422394e-02
-9.480732937059623000e-03
-8.499233189143806655e-03
-7.442455320479516787e-03
-6.306382338422615585e-03
-5.086984617302293607e-03
-3.780391681110608151e-03
-2.383210611777609664e-03
-8.930808845071455671e-04
6.905503406873306216e-04
2.365333335044537966e-03
4.124585270317754349e-03
5.955664744203045813e-03
7.838206744688734628e-03
9.742670943849063292e-03
1.162940220828515003e-02
1.344884765753719125e-02
1.514311768254511525e-02
1.664915715861160772e-02
1.790344094404587583e-02
1.884767845469417086e-02
1.943475976033154362e-02
1.963400979081043191e-02
1.943475976033154362e-02
1.884767845469417086e-02
1.790344094404587583e-02
1.664915715861160772e-02
1.514311768254511525e-02
1.344884765753719125e-02
1.162940220828515003e-02
9.742670943849063292e-03
7.838206744688741567e-03
5.955664744203045813e-03
4.124585270317754349e-03
2.365333335044537966e-03
6.905503406873306216e-04
-8.930808845071455671e-04
-2.383210611777609664e-03
-3.780391681110606417e-03
-5.086984617302295342e-03
-6.306382338422615585e-03
-7.442455320479504643e-03
-8.499233189143806655e-03
-9.480732937059623000e-03
-1.039081396629422394e-02
-1.123318627143088562e-02
-1.201134307440496381e-02
-1.272860068951348761e-02
-1.338809005532527047e-02
-1.399275875390070152e-02
-1.454540175503162003e-02
-1.504865838364908420e-02
-1.550503469325892336e-02
-1.591689709496824090e-02
-1.628649683819883426e-02
-1.661597509201605261e-02
-1.690736730943211141e-02
-1.716261065805118474e-02
-1.738354339667297355e-02
-1.757193722761033611e-02
-1.772946581469731636e-02
-1.785773244533581106e-02
-1.795827864575977317e-02
-1.803256633600858888e-02
-1.808200061388325064e-02
-1.810792614387071731e-02
-1.811164188303418521e-02
-1.809437083990862727e-02
-1.805730596191194165e-02
-1.800158129835621040e-02
-1.792828953025798339e-02
-1.783847882907818594e-02
-1.773315141174591075e-02
-1.761327311922702976e-02
-1.747977726744225080e-02
-1.733354788071323621e-02
-1.717543819729584059e-02
-1.700627230213374447e-02
-1.682683920836230279e-02
-1.663789243359584807e-02
-1.644016252839555770e-02
-1.623433972228178340e-02
-1.602110119875051197e-02
-1.580107869633572137e-02
-1.557489682561535860e-02
-1.534313868283637521e-02
-1.510637287461471384e-02
-1.486513578663073432e-02
-1.461994733082723139e-02
-1.437130243226666937e-02
-1.411967737411723087e-02
-1.386551561321896706e-02
-1.360925639867825027e-02
-1.335130654430802255e-02
-1.309206245917850231e-02
-1.283189396264773630e-02
-1.257115787229536041e-02
-1.231019293772840639e-02
-1.204931661097946236e-02
-1.178883576220302737e-02
-1.152903688314230179e-02
-1.127019303258402008e-02
-1.101255772270215774e-02
-1.075637927504769636e-02
-1.050188069921863948e-02
-1.024927494440087961e-02
-9.998768958583283822e-03
-9.750544449125462393e-03
-9.504780538074537183e-03
-9.261640081899405463e-03
-9.021273673068770649e-03
-8.783822697693306064e-03
-8.549416793250809443e-03
-8.318174088891093498e-03
-8.090205160199641365e-03
-7.865606729107892797e-03
-7.644469323830246563e-03
-7.426875150568825953e-03
-7.212893628005777324e-03
-7.002589486159728829e-03
-6.796021543917802471e-03
-6.593233096936757659e-03
-6.394267443877216586e-03
-6.199157794222488402e-03
-6.007931604868853998e-03
-5.820608856688861896e-03
-5.637204981561448267e-03
-5.457728661251669972e-03
-5.282181483315594520e-03
-5.110563645225970134e-03
-4.942867080499548094e-03
-4.779079290111664172e-03
-4.619185772215549796e-03
-4.463165928093440482e-03
-4.310994551725099919e-03
-4.162644712205423175e-03
-4.018084578605857562e-03
-3.877280294640605626e-03
-3.740192796104228369e-03
-3.606782773903285423e-03
-3.477006553360997149e-03
-3.350818722419142068e-03
-3.228171729984865256e-03
-3.109015714180031649e-03
-2.993299259108872859e-03
-2.880968751955797352e-03
-2.771968668833498656e-03
-2.666244186474050516e-03
-2.563737505133864385e-03
-2.464389291514187778e-03
-2.368141050841968479e-03
-2.274932141775919472e-03
-2.184701678775022998e-03
-2.097388569925620963e-03
-2.012930621631763874e-03
-1.931265969875970052e-03
-1.852331948682458141e-03
-1.776066168883273875e-03
-1.702406547627780854e-03
-1.631290288702223670e-03
-1.562655189767680336e-03
-1.496439551287637084e-03
-1.432581152865406576e-03
-1.371019371584352060e-03
-1.311692991824668988e-03
-1.254541855681406450e-03
-1.199506300437096131e-03
-1.146527177104757558e-03
-1.095546100841335042e-03
-1.046505351199285023e-03
-9.993478879198863102e-04
-9.540181808009434977e-04
-9.104604776335011983e-04
-8.686205056340195324e-04
-8.284449602647193153e-04
-7.898813426134888849e-04
-7.528780289509325908e-04
-7.173842232500529398e-04
-6.833506076060142168e-04
-6.507284786937119966e-04
-6.194704552968497042e-04
-5.895297883442207273e-04
-5.608611256539264549e-04
-5.334199374419667551e-04
-5.071628727171505202e-04
-4.820476787044015868e-04
-4.580329161482380373e-04
-4.350784309430477236e-04
-4.131450105025960421e-04
-3.921945927672136839e-04
-3.721899801283712426e-04
-3.530950187138075149e-04
-3.348748064917759018e-04
-3.174951444062463959e-04
-3.009230349951098156e-04
-2.851264240677639982e-04
-2.700741749855331466e-04
-2.557361882460136180e-04
-2.420832734816165096e-04
-2.290871667854184812e-04
-2.167205333041045436e-04
-2.049569405563922723e-04
-1.937708024867550627e-04
-1.831374543348191614e-04
-1.730330672909822023e-04
-1.634346212253823954e-04
-1.543198918424468821e-04
-1.456675104762418299e-04
-1.374568200474074139e-04
-1.296679782978474933e-04
-1.222818644761978915e-04
-1.152800441386874365e-04
-1.086448138990366529e-04
-1.023591515098698089e-04
-9.640669497208253884e-05
-9.077174340108782854e-05
-8.543917779113902240e-05
-8.039456361656085559e-05
-7.562398416461607186e-05
-7.111412119687710270e-05
-6.685222642082520720e-05
-6.282606381065390221e-05
-5.902394283381231881e-05
-5.543466432537809917e-05
-5.204752089429523834e-05
-4.885226455268351067e-05
-4.583909250245040779e-05
-4.299868018541479805e-05
-4.032209061416405142e-05
-3.780080736829768918e-05
-3.542670935907187132e-05
-3.319204557194215162e-05
-3.108943889255015136e-05
-2.911185899110860985e-05
-2.725261337939864685e-05
-2.550533117592820718e-05
-2.386396504640966512e-05
-2.232275493210425743e-05
-2.087623542169142683e-05
-1.951921946511284514e-05
-1.824678389622522222e-05
-1.705425494618787547e-05
-1.593721921428472514e-05
-1.489147915194091631e-05
-1.391307584244878693e-05
-1.299826084276922849e-05
-1.214349348558949835e-05
-1.134543362889162441e-05
-1.060092894407163228e-05
-9.907012204513334985e-06
-9.260890385177933550e-06
-8.659938306554070214e-06
-8.101692275880621941e-06
-7.583843725996258374e-06
-7.104232397393299620e-06
-6.660840882763073873e-06
-6.251790079557562106e-06
-5.875332822332179371e-06
-5.529848423580311568e-06
-5.213840397002814542e-06
-4.925929632694618315e-06
-4.664853028859920002e-06
-4.429457575766976109e-06
-4.218698077532659696e-06
-4.031634419133774553e-06
-3.867428378755008583e-06
-3.725339985570687843e-06
-3.604728197892872766e-06
-3.505045669944747378e-06
-3.425839885501308863e-06
-3.366749971888277942e-06
-3.327505560846176342e-06
-3.307928605788999779e-06
-3.307928605788999779e-06
-3.327505560846176342e-06
-3.366749971888277942e-06
-3.425839885501308863e-06
-3.505045669944747378e-06
-3.604728197892872766e-06
-3.725339985570687843e-06
-3.867428378755008583e-06
-4.031634419133774553e-06
-4.218698077532659696e-06
-4.429457575766976109e-06
-4.664853028859920002e-06
-4.925929632694618315e-06
-5.213840397002814542e-06
-5.529848423580311568e-06
-5.875332822332179371e-06
-6.251790079557562106e-06
-6.660840882763073873e-06
-7.104232397393299620e-06
-7.583843725996258374e-06
-8.101692275880621941e-06
-8.659938306554070214e-06
-9.260890385177933550e-06
-9.907012204513334985e-06
-1.060092894407163228e-05
-1.134543362889162441e-05
-1.214349348558949835e-05
-1.299826084276922849e-05
-1.391307584244878693e-05
-1.489147915194091631e-05
-1.593721921428472514e-05
-1.705425494618787547e-05
-1.824678389622522222e-05
-1.951921946511284514e-05
-2.087623542169142683e-05
-2.232275493210425743e-05
-2.386396504640966512e-05
-2.550533117592820718e-05
-2.725261337939864685e-05
-2.911185899110860985e-05
-3.108943889255015136e-05
-3.319204557194215162e-05
-3.542670935907187132e-05
-3.780080736829768918e-05
-4.032209061416405142e-05
-4.299868018541479805e-05
-4.583909250245040779e-05
-4.885226455268351067e-05
-5.204752089429523834e-05
-5.543466432537809917e-05
-5.902394283381231881e-05
-6.282606381065390221e-05
-6.685222642082520720e-05
-7.111412119687710270e-05
-7.562398416461607186e-05
-8.039456361656085559e-05
-8.543917779113902240e-05
-9.077174340108782854e-05
-9.640669497208253884e-05
-1.023591515098698089e-04
-1.086448138990366529e-04
-1.152800441386874365e-04
-1.222818644761978915e-04
-1.296679782978474933e-04
-1.374568200474074139e-04
-1.456675104762418299e-04
-1.543198918424468821e-04
-1.634346212253823954e-04
-1.730330672909822023e-04
-1.831374543348191614e-04
-1.937708024867550627e-04
-2.049569405563922723e-04
-2.167205333041045436e-04
-2.290871667854184812e-04
-2.420832734816165096e-04
-2.557361882460136180e-04
-2.700741749855331466e-04
-2.851264240677639982e-04
-3.009230349951098156e-04
-3.174951444062463959e-04
-3.348748064917759018e-04
-3.530950187138075149e-04
-3.721899801283712426e-04
-3.921945927672136839e-04
-4.131450105025960421e-04
-4.350784309430477236e-04
-4.580329161482380373e-04
-4.820476787044015868e-04
-5.071628727171505202e-04
-5.334199374419667551e-04
-5.608611256539264549e-04
-5.895297883442207273e-04
-6.194704552968497042e-04
-6.507284786937119966e-04
-6.833506076060142168e-04
-7.173842232500529398e-04
-7.528780289509325908e-04
-7.898813426134888849e-04
-8.284449602647193153e-04
-8.686205056340195324e-04
-9.104604776335011983e-04
-9.540181808009434977e-04
-9.993478879198863102e-04
-1.046505351199285023e-03
-1.095546100841335042e-03
-1.146527177104757558e-03
-1.199506300437096131e-03
-1.254541855681406450e-03
-1.311692991824668988e-03
-1.371019371584352060e-03
-1.432581152865406576e-03
-1.496439551287637084e-03
-1.562655189767680336e-03
-1.631290288702223670e-03
-1.702406547627780854e-03
-1.776066168883273875e-03
-1.852331948682458141e-03
-1.931265969875970052e-03
-2.012930621631763874e-03
-2.097388569925620963e-03
-2.184701678775022998e-03
-2.274932141775919472e-03
-2.368141050841968479e-03
-2.464389291514187778e-03
-2.563737505133864385e-03
-2.666244186474050516e-03
-2.771968668833498656e-03
-2.880968751955797352e-03
-2.993299259108872859e-03
-3.109015714180031649e-03
-3.228171729984865256e-03
-3.350818722419142068e-03
-3.477006553360997149e-03
-3.606782773903285423e-03
-3.740192796104228369e-03
-3.877280294640605626e-03
-4.018084578605857562e-03
-4.162644712205423175e-03
-4.310994551725099919e-03
-4.463165928093440482e-03
-4.619185772215549796e-03
-4.779079290111664172e-03
-4.942867080499548094e-03
-5.110563645225970134e-03
-5.282181483315594520e-03
-5.457728661251669972e-03
-5.637204981561448267e-03
-5.820608856688861896e-03
-6.007931604868853998e-03
-6.199157794222488402e-03
-6.394267443877216586e-03
-6.593233096936757659e-03
-6.796021543917804206e-03
-7.002589486159728829e-03
-7.212893628005777324e-03
-7.426875150568825953e-03
-7.644469323830246563e-03
-7.865606729107892797e-03
-8.090205160199641365e-03
-8.318174088891093498e-03
-8.549416793250809443e-03
-8.783822697693306064e-03
-9.021273673068770649e-03
-9.261640081899405463e-03
-9.504780538074537183e-03
-9.750544449125462393e-03
-9.998768958583283822e-03
-1.024927494440087961e-02
-1.050188069921863948e-02
-1.075637927504769636e-02
-1.101255772270215774e-02
-1.127019303258402008e-02
-1.152903688314230179e-02
-1.178883576220302737e-02
-1.204931661097946236e-02
-1.231019293772840639e-02
-1.257115787229536041e-02
-1.283189396264773630e-02
-1.309206245917850231e-02
-1.335130654430802255e-02
-1.360925639867825027e-02
-1.386551561321896706e-02
-1.411967737411723087e-02
-1.437130243226666937e-02
-1.461994733082723139e-02
-1.486513578663073432e-02
-1.510637287461471384e-02
-1.534313868283637521e-02
-1.557489682561535860e-02
-1.580107869633572137e-02
-1.602110119875051197e-02
-1.623433972228178340e-02
-1.644016252839555770e-02
-1.663789243359584807e-02
-1.682683920836230279e-02
-1.700627230213375141e-02
-1.717543819729584059e-02
-1.733354788071323621e-02
-1.747977726744225080e-02
-1.761327311922702976e-02
-1.773315141174591075e-02
-1.783847882907818594e-02
-1.792828953025798339e-02
-1.800158129835621040e-02
-1.805730596191194165e-02
-1.809437083990862727e-02
-1.811164188303418521e-02
-1.810792614387072424e-02
-1.808200061388325064e-02
-1.803256633600858888e-02
-1.795827864575977317e-02
-1.785773244533581106e-02
-1.772946581469731636e-02
-1.757193722761033611e-02
-1.738354339667296661e-02
-1.716261065805118474e-02
-1.690736730943211141e-02
-1.661597509201605261e-02
-1.628649683819883426e-02
-1.591689709496824090e-02
-1.550503469325892163e-02
-1.504865838364908420e-02
-1.454540175503162003e-02
-1.399275875390070152e-02
-1.338809005532527047e-02
-1.272860068951348761e-02
-1.201134307440496381e-02
-1.123318627143088562e-02
-1.039081396629422394e-02
-9.480732937059623000e-03
-8.499233189143806655e-03
-7.442455320479516787e-03
-6.306382338422615585e-03
-5.086984617302293607e-03
-3.780391681110608151e-03
-2.383210611777609664e-03
-8.930808845071455671e-04
6.905503406873306216e-04
2.365333335044537966e-03
4.124585270317754349e-03
5.955664744203045813e-03
7.838206744688734628e-03
9.742670943849063292e-03
1.162940220828515003e-02
1.344884765753719125e-02
1.514311768254511525e-02
1.664915715861160772e-02
1.790344094404587583e-02
1.884767845469417086e-02
1.943475976033154362e-02
