-7.010810593291773909e-20
-2.220781492391603741e-04
-4.334287951964647988e-04
-6.242076925624240715e-04
-7.862157262741833108e-04
-9.134431104951035206e-04
-1.002341519053251894e-03
-1.051822635927757285e-03
-1.063020685896663492e-03
-1.038892173575950515e-03
-9.837322710725417661e-04
-9.026862330485398676e-04
-8.013090645660129584e-04
-6.852114145218666163e-04
-5.598004481868986727e-04
-4.301127150758172622e-04
-3.007219067739899296e-04
-1.757019183185096992e-04
-5.862705829100275478e-05
4.740559285994824513e-05
1.397455418409557953e-04
2.161526575314563932e-04
2.747656966052869115e-04
3.140704807181153319e-04
3.328740965552641484e-04
3.302817625327696517e-04
3.056756199458222608e-04
2.586975610785515194e-04
1.892317333389492630e-04
9.738969331546001417e-05
-1.650422234389182293e-05
-1.519275893447418694e-04
-3.081732514382984236e-04
-4.843634569046483093e-04
-6.794636123810589984e-04
-8.922960133401833379e-04
-1.121553652802956182e-03
-1.365814371482545163e-03
-1.623554449103421261e-03
-1.893162879591440148e-03
-2.172955040371834633e-03
-2.461186568586071644e-03
-2.756067219557400971e-03
-3.055773378050961973e-03
-3.358462522690615175e-03
-3.662284961052597338e-03
-3.965397050118634782e-03
-4.265971860015445490e-03
-4.562211861954558120e-03
-4.852359414915978844e-03
-5.134707064117902467e-03
-5.407606546007769077e-03
-5.669478330894943754e-03
-5.918819132009827191e-03
-6.154210681859018268e-03
-6.374325005110091300e-03
-6.577930591831869164e-03
-6.763898371868666895e-03
-6.931204190501206661e-03
-7.078935861699936841e-03
-7.206290492783175121e-03
-7.312582267607069079e-03
-7.397238311006402479e-03
-7.459804657767165822e-03
-7.499939583190025523e-03
-7.517419989037671217e-03
-7.512132965675055903e-03
-7.484078224944553347e-03
-7.433363065629144603e-03
-7.360200154931622121e-03
-7.264904098777556427e-03
-7.147884975415669424e-03
-7.009646180265038592e-03
-6.850778151373830213e-03
-6.671953121512867908e-03
-6.473920171643407148e-03
-6.257498392481266464e-03
-6.023571097747081396e-03
-5.773081096838113269e-03
-5.507021897119379616e-03
-5.226433282474561917e-03
-4.932394302831579792e-03
-4.626017533733724381e-03
-4.308441492724282042e-03
-3.980825988132779061e-03
-3.644344717600555682e-03
-3.300180258034169766e-03
-2.949518332083002087e-03
-2.593541630042844274e-03
-2.233424933454023625e-03
-1.870330018215111403e-03
-1.505400855774373077e-03
-1.139759034331335689e-03
-7.744995051149834763e-04
-4.106866896875751758e-04
-4.935102978941694791e-05
3.085149022602402293e-04
6.619584958549930591e-04
1.010070446823259881e-03
1.351987152699129190e-03
1.686892433718495312e-03
2.014018671436358567e-03
2.332649933883782379e-03
2.642121216691115018e-03
2.941820956150757033e-03
3.231189109198343273e-03
3.509721075512590473e-03
3.776963885851446386e-03
4.032518234463914990e-03
4.276037917013509292e-03
4.507227775971080729e-03
4.725844191005663421e-03
4.931693712285177035e-03
5.124630938739071530e-03
5.304557477225581644e-03
5.471421983848102563e-03
5.625214683718523546e-03
5.765969580276400844e-03
5.893760778554633581e-03
6.008699528521859248e-03
6.110933457428410071e-03
6.200645056760325027e-03
6.278046489369474431e-03
6.343381726073661631e-03
6.396919133456181045e-03
6.438955796426908476e-03
6.469807890601745291e-03
6.489814259031823768e-03
6.499331911541630057e-03
6.498732987942005233e-03
6.488404653632722299e-03
6.468745323358770019e-03
6.440164552600366465e-03
6.403079258386898572e-03
6.357911407276962100e-03
6.305089372675401656e-03
6.245042687616777013e-03
6.178202669451529627e-03
6.104998642483672536e-03
6.025860767152490041e-03
5.941211862908985647e-03
5.851473910951140306e-03
5.757060615665776648e-03
5.658378408405296059e-03
5.555827454144081010e-03
5.449797890942858700e-03
5.340670108940737126e-03
5.228813564868375723e-03
5.114587067695584681e-03
4.998337599947924939e-03
4.880399509440177218e-03
4.761094071449928876e-03
4.640730522160995894e-03
4.519603793132140335e-03
4.397995184765332403e-03
4.276173043207487368e-03
4.154390872048046614e-03
4.032889116751521216e-03
3.911893649874537485e-03
3.791617194988533297e-03
3.672258918988997606e-03
3.554003660464968763e-03
3.437023729561367036e-03
3.321478508999613829e-03
3.207514057799509821e-03
3.095264185359987690e-03
2.984851161085456776e-03
2.876384775153647926e-03
2.769963786667235979e-03
2.665676089667497889e-03
2.563598697723621332e-03
2.463798647811473851e-03
2.366333539080528892e-03
2.271251339461277836e-03
2.178591294714691141e-03
2.088384472057279971e-03
2.000653571321243159e-03
1.915414205199656794e-03
1.832674712954180567e-03
1.752436892611784194e-03
1.674696550739760694e-03
1.599443319303291144e-03
1.526661941171343238e-03
1.456331629988534592e-03
1.388427632426469287e-03
1.322920589451014690e-03
1.259777641155466078e-03
1.198962339567410029e-03
1.140435020604259808e-03
1.084153359914985862e-03
1.030072745613681623e-03
9.781460091785262618e-04
9.283243491747291808e-04
8.805574295816362331e-04
8.347932948301234378e-04
7.909792023355956833e-04
7.490612167125865455e-04
7.089849507556337952e-04
6.706955725834545150e-04
6.341378128012710620e-04
5.992563844650066482e-04
5.659961736776843557e-04
5.343020173269015863e-04
5.041193981062912352e-04
4.753939927606748352e-04
4.480722751866955222e-04
4.221012938027323899e-04
3.974288616028322837e-04
3.740037690098080118e-04
3.517756067102557373e-04
3.306950011479467999e-04
3.107136663903680763e-04
2.917843870326927431e-04
2.738610697383759619e-04
2.568987946121670056e-04
2.408538205360639191e-04
2.256836820701241361e-04
2.113470339106256852e-04
1.978038162515051923e-04
1.850152021054467613e-04
1.729435673914041791e-04
1.615525067245815666e-04
1.508068490439199068e-04
1.406725698780138896e-04
1.311168410580260905e-04
1.221079885432454321e-04
1.136154386317541438e-04
1.056097213620422142e-04
9.806242790798147947e-05
9.094618503995626434e-05
8.423461798984181585e-05
7.790230745839039927e-05
7.192475223716029574e-05
6.627834891721851398e-05
6.094031415511520723e-05
5.588869283795868721e-05
5.110226294910840967e-05
4.656054067767793051e-05
4.224369657342176847e-05
3.813254042260796369e-05
3.420846304810967736e-05
3.045338377369042333e-05
2.684972362517147189e-05
2.338034550617100929e-05
2.002850722163388093e-05
1.677782592136235393e-05
1.361221956837970933e-05
1.051586700521926299e-05
7.473157956398252268e-06
4.468648022917725265e-06
1.487010611628097554e-06
-1.487010611628097554e-06
-4.468648022917725265e-06
-7.473157956398252268e-06
-1.051586700521926299e-05
-1.361221956837970933e-05
-1.677782592136235393e-05
-2.002850722163388093e-05
-2.338034550617100929e-05
-2.684972362517147189e-05
-3.045338377369042333e-05
-3.420846304810967736e-05
-3.813254042260796369e-05
-4.224369657342176847e-05
-4.656054067767793051e-05
-5.110226294910840967e-05
-5.588869283795868721e-05
-6.094031415511520723e-05
-6.627834891721851398e-05
-7.192475223716029574e-05
-7.790230745839039927e-05
-8.423461798984181585e-05
-9.094618503995626434e-05
-9.806242790798147947e-05
-1.056097213620422142e-04
-1.136154386317541438e-04
-1.221079885432454321e-04
-1.311168410580260905e-04
-1.406725698780138896e-04
-1.508068490439199068e-04
-1.615525067245815666e-04
-1.729435673914041791e-04
-1.850152021054467613e-04
-1.978038162515051923e-04
-2.113470339106256852e-04
-2.256836820701241361e-04
-2.408538205360639191e-04
-2.568987946121670056e-04
-2.738610697383759619e-04
-2.917843870326927431e-04
-3.107136663903680763e-04
-3.306950011479467999e-04
-3.517756067102557373e-04
-3.740037690098080118e-04
-3.974288616028322837e-04
-4.221012938027323899e-04
-4.480722751866955222e-04
-4.753939927606748352e-04
-5.041193981062912352e-04
-5.343020173269015863e-04
-5.659961736776843557e-04
-5.992563844650066482e-04
-6.341378128012710620e-04
-6.706955725834545150e-04
-7.089849507556337952e-04
-7.490612167125865455e-04
-7.909792023355956833e-04
-8.347932948301234378e-04
-8.805574295816362331e-04
-9.283243491747291808e-04
-9.781460091785262618e-04
-1.030072745613681623e-03
-1.084153359914985862e-03
-1.140435020604259808e-03
-1.198962339567410029e-03
-1.259777641155466078e-03
-1.322920589451014690e-03
-1.388427632426469287e-03
-1.456331629988534592e-03
-1.526661941171343238e-03
-1.599443319303291144e-03
-1.674696550739760694e-03
-1.752436892611784194e-03
-1.832674712954180567e-03
-1.915414205199656794e-03
-2.000653571321243159e-03
-2.088384472057279971e-03
-2.178591294714691141e-03
-2.271251339461277836e-03
-2.366333539080528892e-03
-2.463798647811473851e-03
-2.563598697723621332e-03
-2.665676089667497889e-03
-2.769963786667235979e-03
-2.876384775153647926e-03
-2.984851161085456776e-03
-3.095264185359987690e-03
-3.207514057799509821e-03
-3.321478508999613829e-03
-3.437023729561367036e-03
-3.554003660464968763e-03
-3.672258918988997606e-03
-3.791617194988533297e-03
-3.911893649874537485e-03
-4.032889116751521216e-03
-4.154390872048046614e-03
-4.276173043207487368e-03
-4.397995184765332403e-03
-4.519603793132140335e-03
-4.640730522160995894e-03
-4.761094071449928876e-03
-4.880399509440177218e-03
-4.998337599947924939e-03
-5.114587067695584681e-03
-5.228813564868375723e-03
-5.340670108940737126e-03
-5.449797890942858700e-03
-5.555827454144081010e-03
-5.658378408405296059e-03
-5.757060615665776648e-03
-5.851473910951140306e-03
-5.941211862908985647e-03
-6.025860767152490041e-03
-6.104998642483672536e-03
-6.178202669451529627e-03
-6.245042687616777013e-03
-6.305089372675401656e-03
-6.357911407276962100e-03
-6.403079258386898572e-03
-6.440164552600366465e-03
-6.468745323358770019e-03
-6.488404653632722299e-03
-6.498732987942005233e-03
-6.499331911541630057e-03
-6.489814259031823768e-03
-6.469807890601745291e-03
-6.438955796426908476e-03
-6.396919133456181045e-03
-6.343381726073661631e-03
-6.278046489369474431e-03
-6.200645056760325027e-03
-6.110933457428410071e-03
-6.008699528521859248e-03
-5.893760778554633581e-03
-5.765969580276400844e-03
-5.625214683718523546e-03
-5.471421983848102563e-03
-5.304557477225581644e-03
-5.124630938739071530e-03
-4.931693712285177035e-03
-4.725844191005663421e-03
-4.507227775971080729e-03
-4.276037917013509292e-03
-4.032518234463914990e-03
-3.776963885851446386e-03
-3.509721075512589172e-03
-3.231189109198343273e-03
-2.941820956150757033e-03
-2.642121216691114150e-03
-2.332649933883781945e-03
-2.014018671436358567e-03
-1.686892433718495312e-03
-1.351987152699129190e-03
-1.010070446823259881e-03
-6.619584958549927338e-04
-3.085149022602402293e-04
4.935102978941694791e-05
4.106866896875751758e-04
7.744995051149834763e-04
1.139759034331335689e-03
1.505400855774373077e-03
1.870330018215111403e-03
2.233424933454023625e-03
2.593541630042844274e-03
2.949518332083002087e-03
3.300180258034169766e-03
3.644344717600555682e-03
3.980825988132779061e-03
4.308441492724282042e-03
4.626017533733724381e-03
4.932394302831579792e-03
5.226433282474561917e-03
5.507021897119379616e-03
5.773081096838113269e-03
6.023571097747081396e-03
6.257498392481266464e-03
6.473920171643407148e-03
6.671953121512867908e-03
6.850778151373830213e-03
7.009646180265038592e-03
7.147884975415669424e-03
7.264904098777556427e-03
7.360200154931622121e-03
7.433363065629144603e-03
7.484078224944553347e-03
7.512132965675055903e-03
7.517419989037671217e-03
7.499939583190025523e-03
7.459804657767165822e-03
7.397238311006402479e-03
7.312582267607069079e-03
7.206290492783175121e-03
7.078935861699936841e-03
6.931204190501206661e-03
6.763898371868666895e-03
6.577930591831869164e-03
6.374325005110091300e-03
6.154210681859018268e-03
5.918819132009827191e-03
5.669478330894943754e-03
5.407606546007769077e-03
5.134707064117900732e-03
4.852359414915978844e-03
4.562211861954558120e-03
4.265971860015445490e-03
3.965397050118634782e-03
3.662284961052597338e-03
3.358462522690615175e-03
3.055773378050961973e-03
2.756067219557400971e-03
2.461186568586071644e-03
2.172955040371834633e-03
1.893162879591440148e-03
1.623554449103421261e-03
1.365814371482545597e-03
1.121553652802956182e-03
8.922960133401831211e-04
6.794636123810592152e-04
4.843634569046484178e-04
3.081732514382984236e-04
1.519275893447417068e-04
1.650422234389182293e-05
-9.738969331546001417e-05
-1.892317333389492630e-04
-2.586975610785515194e-04
-3.056756199458221523e-04
-3.302817625327692723e-04
-3.328740965552641484e-04
-3.140704807181153319e-04
-2.747656966052869115e-04
-2.161526575314563932e-04
-1.397455418409557953e-04
-4.740559285994824513e-05
5.862705829100275478e-05
1.757019183185100516e-04
3.007219067739892249e-04
4.301127150758172622e-04
5.598004481868980222e-04
6.852114145218662911e-04
8.013090645660129584e-04
9.026862330485398676e-04
9.837322710725417661e-04
1.038892173575951166e-03
1.063020685896663492e-03
1.051822635927756851e-03
1.002341519053251894e-03
9.134431104951035206e-04
7.862157262741833108e-04
6.242076925624240715e-04
4.334287951964645820e-04
2.220781492391605638e-04
-7.010810593291773909e-20
-2.220781492391603741e-04
-4.334287951964647988e-04
-6.242076925624240715e-04
-7.862157262741833108e-04
-9.134431104951035206e-04
-1.002341519053251894e-03
-1.051822635927757285e-03
-1.063020685896663492e-03
-1.038892173575950515e-03
-9.837322710725417661e-04
-9.026862330485398676e-04
-8.013090645660129584e-04
-6.852114145218666163e-04
-5.598004481868986727e-04
-4.301127150758172622e-04
-3.007219067739899296e-04
-1.757019183185096992e-04
-5.862705829100275478e-05
4.740559285994824513e-05
1.397455418409557953e-04
2.161526575314563932e-04
2.747656966052869115e-04
3.140704807181153319e-04
3.328740965552641484e-04
3.302817625327696517e-04
3.056756199458222608e-04
2.586975610785515194e-04
1.892317333389492630e-04
9.738969331546001417e-05
-1.650422234389182293e-05
-1.519275893447418694e-04
-3.081732514382984236e-04
-4.843634569046483093e-04
-6.794636123810589984e-04
-8.922960133401833379e-04
-1.121553652802956182e-03
-1.365814371482545163e-03
-1.623554449103421261e-03
-1.893162879591440148e-03
-2.172955040371834633e-03
-2.461186568586071644e-03
-2.756067219557400971e-03
-3.055773378050961973e-03
-3.358462522690615175e-03
-3.662284961052597338e-03
-3.965397050118634782e-03
-4.265971860015445490e-03
-4.562211861954558120e-03
-4.852359414915978844e-03
-5.134707064117902467e-03
-5.407606546007769077e-03
-5.669478330894943754e-03
-5.918819132009827191e-03
-6.154210681859018268e-03
-6.374325005110091300e-03
-6.577930591831869164e-03
-6.763898371868666895e-03
-6.931204190501206661e-03
-7.078935861699936841e-03
-7.206290492783175121e-03
-7.312582267607069079e-03
-7.397238311006402479e-03
-7.459804657767165822e-03
-7.499939583190025523e-03
-7.517419989037671217e-03
-7.512132965675055903e-03
-7.484078224944553347e-03
-7.433363065629144603e-03
-7.360200154931622121e-03
-7.264904098777556427e-03
-7.147884975415669424e-03
-7.009646180265038592e-03
-6.850778151373830213e-03
-6.671953121512867908e-03
-6.473920171643407148e-03
-6.257498392481266464e-03
-6.023571097747081396e-03
-5.773081096838113269e-03
-5.507021897119379616e-03
-5.226433282474561917e-03
-4.932394302831579792e-03
-4.626017533733724381e-03
-4.308441492724282042e-03
-3.980825988132779061e-03
-3.644344717600555682e-03
-3.300180258034169766e-03
-2.949518332083002087e-03
-2.593541630042844274e-03
-2.233424933454023625e-03
-1.870330018215111403e-03
-1.505400855774373077e-03
-1.139759034331335689e-03
-7.744995051149834763e-04
-4.106866896875751758e-04
-4.935102978941694791e-05
3.085149022602402293e-04
6.619584958549930591e-04
1.010070446823259881e-03
1.351987152699129190e-03
1.686892433718495312e-03
2.014018671436358567e-03
2.332649933883782379e-03
2.642121216691115018e-03
2.941820956150757033e-03
3.231189109198343273e-03
3.509721075512590473e-03
3.776963885851446386e-03
4.032518234463914990e-03
4.276037917013509292e-03
4.507227775971080729e-03
4.725844191005663421e-03
4.931693712285177035e-03
5.124630938739071530e-03
5.304557477225581644e-03
5.471421983848102563e-03
5.625214683718523546e-03
5.765969580276400844e-03
5.893760778554633581e-03
6.008699528521859248e-03
6.110933457428410071e-03
6.200645056760325027e-03
6.278046489369474431e-03
6.343381726073661631e-03
6.396919133456181045e-03
6.438955796426908476e-03
6.469807890601745291e-03
6.489814259031823768e-03
6.499331911541630057e-03
6.498732987942005233e-03
6.488404653632722299e-03
6.468745323358770019e-03
6.440164552600366465e-03
6.403079258386898572e-03
6.357911407276962100e-03
6.305089372675401656e-03
6.245042687616777013e-03
6.178202669451529627e-03
6.104998642483672536e-03
6.025860767152490041e-03
5.941211862908985647e-03
5.851473910951140306e-03
5.757060615665776648e-03
5.658378408405296059e-03
5.555827454144081010e-03
5.449797890942858700e-03
5.340670108940737126e-03
5.228813564868375723e-03
5.114587067695584681e-03
4.998337599947924939e-03
4.880399509440177218e-03
4.761094071449928876e-03
4.640730522160995894e-03
4.519603793132140335e-03
4.397995184765332403e-03
4.276173043207487368e-03
4.154390872048046614e-03
4.032889116751521216e-03
3.911893649874537485e-03
3.791617194988533297e-03
3.672258918988997606e-03
3.554003660464968763e-03
3.437023729561367036e-03
3.321478508999613829e-03
3.207514057799509821e-03
3.095264185359987690e-03
2.984851161085456776e-03
2.876384775153647926e-03
2.769963786667235979e-03
2.665676089667497889e-03
2.563598697723621332e-03
2.463798647811473851e-03
2.366333539080528892e-03
2.271251339461277836e-03
2.178591294714691141e-03
2.088384472057279971e-03
2.000653571321243159e-03
1.915414205199656794e-03
1.832674712954180567e-03
1.752436892611784194e-03
1.674696550739760694e-03
1.599443319303291144e-03
1.526661941171343238e-03
1.456331629988534592e-03
1.388427632426469287e-03
1.322920589451014690e-03
1.259777641155466078e-03
1.198962339567410029e-03
1.140435020604259808e-03
1.084153359914985862e-03
1.030072745613681623e-03
9.781460091785262618e-04
9.283243491747291808e-04
8.805574295816362331e-04
8.347932948301234378e-04
7.909792023355956833e-04
7.490612167125865455e-04
7.089849507556337952e-04
6.706955725834545150e-04
6.341378128012710620e-04
5.992563844650066482e-04
5.659961736776843557e-04
5.343020173269015863e-04
5.041193981062912352e-04
4.753939927606748352e-04
4.480722751866955222e-04
4.221012938027323899e-04
3.974288616028322837e-04
3.740037690098080118e-04
3.517756067102557373e-04
3.306950011479467999e-04
3.107136663903680763e-04
2.917843870326927431e-04
2.738610697383759619e-04
2.568987946121670056e-04
2.408538205360639191e-04
2.256836820701241361e-04
2.113470339106256852e-04
1.978038162515051923e-04
1.850152021054467613e-04
1.729435673914041791e-04
1.615525067245815666e-04
1.508068490439199068e-04
1.406725698780138896e-04
1.311168410580260905e-04
1.221079885432454321e-04
1.136154386317541438e-04
1.056097213620422142e-04
9.806242790798147947e-05
9.094618503995626434e-05
8.423461798984181585e-05
7.790230745839039927e-05
7.192475223716029574e-05
6.627834891721851398e-05
6.094031415511520723e-05
5.588869283795868721e-05
5.110226294910840967e-05
4.656054067767793051e-05
4.224369657342176847e-05
3.813254042260796369e-05
3.420846304810967736e-05
3.045338377369042333e-05
2.684972362517147189e-05
2.338034550617100929e-05
2.002850722163388093e-05
1.677782592136235393e-05
1.361221956837970933e-05
1.051586700521926299e-05
7.473157956398252268e-06
4.468648022917725265e-06
1.487010611628097554e-06
-1.487010611628097554e-06
-4.468648022917725265e-06
-7.473157956398252268e-06
-1.051586700521926299e-05
-1.361221956837970933e-05
-1.677782592136235393e-05
-2.002850722163388093e-05
-2.338034550617100929e-05
-2.684972362517147189e-05
-3.045338377369042333e-05
-3.420846304810967736e-05
-3.813254042260796369e-05
-4.224369657342176847e-05
-4.656054067767793051e-05
-5.110226294910840967e-05
-5.588869283795868721e-05
-6.094031415511520723e-05
-6.627834891721851398e-05
-7.192475223716029574e-05
-7.790230745839039927e-05
-8.423461798984181585e-05
-9.094618503995626434e-05
-9.806242790798147947e-05
-1.056097213620422142e-04
-1.136154386317541438e-04
-1.221079885432454321e-04
-1.311168410580260905e-04
-1.406725698780138896e-04
-1.508068490439199068e-04
-1.615525067245815666e-04
-1.729435673914041791e-04
-1.850152021054467613e-04
-1.978038162515051923e-04
-2.113470339106256852e-04
-2.256836820701241361e-04
-2.408538205360639191e-04
-2.568987946121670056e-04
-2.738610697383759619e-04
-2.917843870326927431e-04
-3.107136663903680763e-04
-3.306950011479467999e-04
-3.517756067102557373e-04
-3.740037690098080118e-04
-3.974288616028322837e-04
-4.221012938027323899e-04
-4.480722751866955222e-04
-4.753939927606748352e-04
-5.041193981062912352e-04
-5.343020173269015863e-04
-5.659961736776843557e-04
-5.992563844650066482e-04
-6.341378128012710620e-04
-6.706955725834545150e-04
-7.089849507556337952e-04
-7.490612167125865455e-04
-7.909792023355956833e-04
-8.347932948301234378e-04
-8.805574295816362331e-04
-9.283243491747291808e-04
-9.781460091785262618e-04
-1.030072745613681623e-03
-1.084153359914985862e-03
-1.140435020604259808e-03
-1.198962339567410029e-03
-1.259777641155466078e-03
-1.322920589451014690e-03
-1.388427632426469287e-03
-1.456331629988534592e-03
-1.526661941171343238e-03
-1.599443319303291144e-03
-1.674696550739760694e-03
-1.752436892611784194e-03
-1.832674712954180567e-03
-1.915414205199656794e-03
-2.000653571321243159e-03
-2.088384472057279971e-03
-2.178591294714691141e-03
-2.271251339461277836e-03
-2.366333539080528892e-03
-2.463798647811473851e-03
-2.563598697723621332e-03
-2.665676089667497889e-03
-2.769963786667235979e-03
-2.876384775153647926e-03
-2.984851161085456776e-03
-3.095264185359987690e-03
-3.207514057799509821e-03
-3.321478508999613829e-03
-3.437023729561367036e-03
-3.554003660464968763e-03
-3.672258918988997606e-03
-3.791617194988533297e-03
-3.911893649874537485e-03
-4.032889116751521216e-03
-4.154390872048046614e-03
-4.276173043207487368e-03
-4.397995184765332403e-03
-4.519603793132140335e-03
-4.640730522160995894e-03
-4.761094071449928876e-03
-4.880399509440177218e-03
-4.998337599947924939e-03
-5.114587067695584681e-03
-5.228813564868375723e-03
-5.340670108940737126e-03
-5.449797890942858700e-03
-5.555827454144081010e-03
-5.658378408405296059e-03
-5.757060615665776648e-03
-5.851473910951140306e-03
-5.941211862908985647e-03
-6.025860767152490041e-03
-6.104998642483672536e-03
-6.178202669451529627e-03
-6.245042687616777013e-03
-6.305089372675401656e-03
-6.357911407276962100e-03
-6.403079258386898572e-03
-6.440164552600366465e-03
-6.468745323358770019e-03
-6.488404653632722299e-03
-6.498732987942005233e-03
-6.499331911541630057e-03
-6.489814259031823768e-03
-6.469807890601745291e-03
-6.438955796426908476e-03
-6.396919133456181045e-03
-6.343381726073661631e-03
-6.278046489369474431e-03
-6.200645056760325027e-03
-6.110933457428410071e-03
-6.008699528521859248e-03
-5.893760778554633581e-03
-5.765969580276400844e-03
-5.625214683718523546e-03
-5.471421983848102563e-03
-5.304557477225581644e-03
-5.124630938739071530e-03
-4.931693712285177035e-03
-4.725844191005663421e-03
-4.507227775971080729e-03
-4.276037917013509292e-03
-4.032518234463914990e-03
-3.776963885851446386e-03
-3.509721075512589172e-03
-3.231189109198343273e-03
-2.941820956150757033e-03
-2.642121216691114150e-03
-2.332649933883781945e-03
-2.014018671436358567e-03
-1.686892433718495312e-03
-1.351987152699129190e-03
-1.010070446823259881e-03
-6.619584958549927338e-04
-3.085149022602402293e-04
4.935102978941694791e-05
4.106866896875751758e-04
7.744995051149834763e-04
1.139759034331335689e-03
1.505400855774373077e-03
1.870330018215111403e-03
2.233424933454023625e-03
2.593541630042844274e-03
2.949518332083002087e-03
3.300180258034169766e-03
3.644344717600555682e-03
3.980825988132779061e-03
4.308441492724282042e-03
4.626017533733724381e-03
4.932394302831579792e-03
5.226433282474561917e-03
5.507021897119379616e-03
5.773081096838113269e-03
6.023571097747081396e-03
6.257498392481266464e-03
6.473920171643407148e-03
6.671953121512867908e-03
6.850778151373830213e-03
7.009646180265038592e-03
7.147884975415669424e-03
7.264904098777556427e-03
7.360200154931622121e-03
7.433363065629144603e-03
7.484078224944553347e-03
7.512132965675055903e-03
7.517419989037671217e-03
7.499939583190025523e-03
7.459804657767165822e-03
7.397238311006402479e-03
7.312582267607069079e-03
7.206290492783175121e-03
7.078935861699936841e-03
6.931204190501206661e-03
6.763898371868666895e-03
6.577930591831869164e-03
6.374325005110091300e-03
6.154210681859018268e-03
5.918819132009827191e-03
5.669478330894943754e-03
5.407606546007769077e-03
5.134707064117900732e-03
4.852359414915978844e-03
4.562211861954558120e-03
4.265971860015445490e-03
3.965397050118634782e-03
3.662284961052597338e-03
3.358462522690615175e-03
3.055773378050961973e-03
2.756067219557400971e-03
2.461186568586071644e-03
2.172955040371834633e-03
1.893162879591440148e-03
1.623554449103421261e-03
1.365814371482545597e-03
1.121553652802956182e-03
8.922960133401831211e-04
6.794636123810592152e-04
4.843634569046484178e-04
3.081732514382984236e-04
1.519275893447417068e-04
1.650422234389182293e-05
-9.738969331546001417e-05
-1.892317333389492630e-04
-2.586975610785515194e-04
-3.056756199458221523e-04
-3.302817625327692723e-04
-3.328740965552641484e-04
-3.140704807181153319e-04
-2.747656966052869115e-04
-2.161526575314563932e-04
-1.397455418409557953e-04
-4.740559285994824513e-05
5.862705829100275478e-05
1.757019183185100516e-04
3.007219067739892249e-04
4.301127150758172622e-04
5.598004481868980222e-04
6.852114145218662911e-04
8.013090645660129584e-04
9.026862330485398676e-04
9.837322710725417661e-04
1.038892173575951166e-03
1.063020685896663492e-03
1.051822635927756851e-03
1.002341519053251894e-03
9.134431104951035206e-04
7.862157262741833108e-04
6.242076925624240715e-04
4.334287951964645820e-04
2.220781492391605638e-04
