3.069148608336664846e-04
3.408221954147773610e-04
4.402073465796519898e-04
5.983803507782797142e-04
8.051956080512830214e-04
1.048346257544049151e-03
1.314790599732523118e-03
1.592082050589183322e-03
1.869390990107428190e-03
2.138129245402610890e-03
2.392158982716443508e-03
2.627642848411165452e-03
2.842703845283807169e-03
3.036933368983842085e-03
3.210922904724903236e-03
3.365836698907434185e-03
3.503110977604893556e-03
3.624230348122564182e-03
3.730585759987851101e-03
3.823429321728386704e-03
3.903846610060330690e-03
3.972771177429076581e-03
4.030996921670685317e-03
4.079208303162658138e-03
4.118003794701752610e-03
4.147912578274401581e-03
4.169414870994909636e-03
4.182949914893739803e-03
4.188934160053525181e-03
4.187755001219049637e-03
4.179789776751804097e-03
4.165403509880004351e-03
4.144948863733903706e-03
4.118773352303271677e-03
4.087217500602386561e-03
4.050616951427062941e-03
4.009298727025033607e-03
3.963588244747303681e-03
3.913804401382101061e-03
3.860259287371658587e-03
3.803258898222726132e-03
3.743105604606399711e-03
3.680091760608359634e-03
3.614503546638886747e-03
3.546620381010232373e-03
3.476711376621872095e-03
3.405037655760557481e-03
3.331852821957388168e-03
3.257398656778257538e-03
3.181911455491572786e-03
3.105612583526123904e-03
3.028714077878809363e-03
2.951423148750062942e-03
2.873930170252389678e-03
2.796418322205328124e-03
2.719057821937981637e-03
2.642012266533202633e-03
2.565431399406322647e-03
2.489455252929392935e-03
2.414214255258370894e-03
2.339828420030241017e-03
2.266408921064126582e-03
2.194054529441246022e-03
2.122857406817558502e-03
2.052898439845577110e-03
1.984252113710617896e-03
1.916980926230805148e-03
1.851142643040863678e-03
1.786784340828361656e-03
1.723947089601846321e-03
1.662663844122432098e-03
1.602962102999241174e-03
1.544861611389221822e-03
1.488375546847369585e-03
1.433513720484786390e-03
1.380277885965629269e-03
1.328666310798870412e-03
1.278672748786085231e-03
1.230285225999244508e-03
1.183490052675887022e-03
1.138268218113757529e-03
1.094597378476039893e-03
1.052454392110110416e-03
1.011811063610261853e-03
9.726382330055184785e-04
9.349035324971942916e-04
8.985745529358944109e-04
8.636159532087622250e-04
8.299923464717295528e-04
7.976656798762275010e-04
7.665989417311885358e-04
7.367528028433394669e-04
7.080892276262217618e-04
6.805688451931542812e-04
6.541524924819073269e-04
6.288010584475739418e-04
6.044759227981905516e-04
5.811387050707018335e-04
5.587512873570766279e-04
5.372766153121392909e-04
5.166777089401276314e-04
4.969190113298355789e-04
4.779653510510513555e-04
4.597822794351567053e-04
4.423370947986111847e-04
4.255974805477703567e-04
4.095318394519300393e-04
3.941104985305136704e-04
3.793040234688939416e-04
3.650846512804307390e-04
3.514255206229315834e-04
3.383009334888199718e-04
3.256860200158482438e-04
3.135572512937622272e-04
3.018921719077788130e-04
2.906689714712760932e-04
2.798676610882201319e-04
2.694685432214664281e-04
2.594531351076486314e-04
2.498041515427046637e-04
2.405048681385590329e-04
2.315396309798382099e-04
2.228936321304473200e-04
2.145527995623711071e-04
2.065040537980097890e-04
1.987348992618980989e-04
1.912335429165350697e-04
1.839890815206874069e-04
1.769909892406384315e-04
1.702296027291417830e-04
1.636955855071132494e-04
1.573803554333201874e-04
1.512757896354801897e-04
1.453741815981936844e-04
1.396683701466825290e-04
1.341514440536839569e-04
1.288171460325235134e-04
1.236593363536702610e-04
1.186723049274244612e-04
1.138507507653189750e-04
1.091894288241184276e-04
1.046835306583866315e-04
1.003284687232423541e-04
9.611985554680831730e-05
9.205347710391561394e-05
8.812537506239971770e-05
8.433165949600492865e-05
8.066869994609684492e-05
7.713293228440720468e-05
7.372094072559654779e-05
7.042942511615279662e-05
6.725521977109766129e-05
6.419516892227324144e-05
6.124631172226601751e-05
5.840566012323739791e-05
5.567037231533893289e-05
5.303763944462581054e-05
5.050470415361839208e-05
4.806886760910728050e-05
4.572749361830679029e-05
4.347798976719258662e-05
4.131779424921368438e-05
3.924438558564353878e-05
3.725528083776129837e-05
3.534804524558462374e-05
3.352028176006738297e-05
3.176960620313093312e-05
3.009368545808371051e-05
2.849021255534808173e-05
2.695691612315030295e-05
2.549156406991505479e-05
2.409194429893449425e-05
2.275588695760556515e-05
2.148126802089604830e-05
2.026597414287833169e-05
1.910794344635267645e-05
1.800515324875967825e-05
1.695560489302848126e-05
1.595734868519083481e-05
1.500846867130147081e-05
1.410709175593390110e-05
1.325137959559520717e-05
1.243953766866819796e-05
1.166981357215938381e-05
1.094049242960771233e-05
1.024990661135964114e-05
9.596427517355607205e-06
8.978470957237818991e-06
8.394494628120393288e-06
7.843000591068707334e-06
7.322535580231055854e-06
6.831686278633261044e-06
6.369086045039940804e-06
5.933409442083156577e-06
5.523376066795396681e-06
5.137745408820660924e-06
4.775323520719307603e-06
4.434954625417620211e-06
4.115526687017689178e-06
3.815968370069495460e-06
3.535249213115270761e-06
3.272376925250314588e-06
3.026400764742390669e-06
2.796406666572891436e-06
2.581520065550992413e-06
2.380901006801634934e-06
2.193747490240689879e-06
2.019291819971311692e-06
1.856800350893491595e-06
1.705574303698007966e-06
1.564945735989831301e-06
1.434279151365897316e-06
1.312968892408620752e-06
1.200440380586556045e-06
1.096146065673884058e-06
9.995670143770576869e-07
9.102110007506456505e-07
8.276117570960573527e-07
7.513275043013347671e-07
6.809400160503026529e-07
6.160553369387218230e-07
5.563006900091001382e-07
5.013245615505104490e-07
4.507966039050910727e-07
4.044049376568955013e-07
3.618569451652733545e-07
3.228780237118181846e-07
2.872103364722451047e-07
2.546123005298107508e-07
2.248583641339994321e-07
1.977379983034530072e-07
1.730541380482004959e-07
1.506241416115933050e-07
1.302778927175458582e-07
1.118576595546731880e-07
9.521821003070074240e-08
8.022460220241327062e-08
6.675336101320529809e-08
5.469131914981494464e-08
4.393513438419847381e-08
3.439067159182543185e-08
2.597355408371282365e-08
1.860764103464165732e-08
1.222561356092229281e-08
6.768065780527313988e-09
2.184000161837165447e-09
-1.570551768186224678e-09
-4.531287971515141587e-09
-6.726911882831181142e-09
-8.178890626558626923e-09
-8.901369226584997585e-09
-8.901369226584997585e-09
-8.178890626558626923e-09
-6.726911882831181142e-09
-4.531287971515142414e-09
-1.570551768186224678e-09
2.184000161837166274e-09
6.768065780527313988e-09
1.222561356092229281e-08
1.860764103464165732e-08
2.597355408371282365e-08
3.439067159182543185e-08
4.393513438419847381e-08
5.469131914981494464e-08
6.675336101320529809e-08
8.022460220241327062e-08
9.521821003070074240e-08
1.118576595546731880e-07
1.302778927175458582e-07
1.506241416115933050e-07
1.730541380482004959e-07
1.977379983034530072e-07
2.248583641339994321e-07
2.546123005298107508e-07
2.872103364722451047e-07
3.228780237118181846e-07
3.618569451652733545e-07
4.044049376568955013e-07
4.507966039050910727e-07
5.013245615505104490e-07
5.563006900091001382e-07
6.160553369387218230e-07
6.809400160503026529e-07
7.513275043013347671e-07
8.276117570960573527e-07
9.102110007506454387e-07
9.995670143770576869e-07
1.096146065673884058e-06
1.200440380586556045e-06
1.312968892408620752e-06
1.434279151365897316e-06
1.564945735989831301e-06
1.705574303698007966e-06
1.856800350893491595e-06
2.019291819971311692e-06
2.193747490240689879e-06
2.380901006801634934e-06
2.581520065550992413e-06
2.796406666572891436e-06
3.026400764742390669e-06
3.272376925250314588e-06
3.535249213115270761e-06
3.815968370069495460e-06
4.115526687017689178e-06
4.434954625417620211e-06
4.775323520719307603e-06
5.137745408820660924e-06
5.523376066795396681e-06
5.933409442083156577e-06
6.369086045039940804e-06
6.831686278633261044e-06
7.322535580231055854e-06
7.843000591068707334e-06
8.394494628120393288e-06
8.978470957237818991e-06
9.596427517355607205e-06
1.024990661135964114e-05
1.094049242960771233e-05
1.166981357215938381e-05
1.243953766866819796e-05
1.325137959559520717e-05
1.410709175593390110e-05
1.500846867130147081e-05
1.595734868519083481e-05
1.695560489302848126e-05
1.800515324875967825e-05
1.910794344635267645e-05
2.026597414287833169e-05
2.148126802089604830e-05
2.275588695760556515e-05
2.409194429893449425e-05
2.549156406991505479e-05
2.695691612315030295e-05
2.849021255534808173e-05
3.009368545808371051e-05
3.176960620313093312e-05
3.352028176006738297e-05
3.534804524558462374e-05
3.725528083776129837e-05
3.924438558564353878e-05
4.131779424921368438e-05
4.347798976719258662e-05
4.572749361830679029e-05
4.806886760910728050e-05
5.050470415361839208e-05
5.303763944462581054e-05
5.567037231533893289e-05
5.840566012323739791e-05
6.124631172226601751e-05
6.419516892227324144e-05
6.725521977109766129e-05
7.042942511615279662e-05
7.372094072559654779e-05
7.713293228440720468e-05
8.066869994609684492e-05
8.433165949600492865e-05
8.812537506239971770e-05
9.205347710391561394e-05
9.611985554680831730e-05
1.003284687232423541e-04
1.046835306583866315e-04
1.091894288241184276e-04
1.138507507653189750e-04
1.186723049274244341e-04
1.236593363536702610e-04
1.288171460325235134e-04
1.341514440536839569e-04
1.396683701466825290e-04
1.453741815981936844e-04
1.512757896354801897e-04
1.573803554333201874e-04
1.636955855071132494e-04
1.702296027291417830e-04
1.769909892406384315e-04
1.839890815206874069e-04
1.912335429165350697e-04
1.987348992618980989e-04
2.065040537980097890e-04
2.145527995623711071e-04
2.228936321304473200e-04
2.315396309798382099e-04
2.405048681385590329e-04
2.498041515427046637e-04
2.594531351076486314e-04
2.694685432214664281e-04
2.798676610882201319e-04
2.906689714712760932e-04
3.018921719077788130e-04
3.135572512937622272e-04
3.256860200158482438e-04
3.383009334888199718e-04
3.514255206229315834e-04
3.650846512804307390e-04
3.793040234688939416e-04
3.941104985305136704e-04
4.095318394519301478e-04
4.255974805477703567e-04
4.423370947986111847e-04
4.597822794351568137e-04
4.779653510510513555e-04
4.969190113298355789e-04
5.166777089401276314e-04
5.372766153121392909e-04
5.587512873570766279e-04
5.811387050707018335e-04
6.044759227981905516e-04
6.288010584475739418e-04
6.541524924819073269e-04
6.805688451931542812e-04
7.080892276262217618e-04
7.367528028433394669e-04
7.665989417311886442e-04
7.976656798762275010e-04
8.299923464717295528e-04
8.636159532087622250e-04
8.985745529358944109e-04
9.349035324971942916e-04
9.726382330055184785e-04
1.011811063610261853e-03
1.052454392110110199e-03
1.094597378476039893e-03
1.138268218113757529e-03
1.183490052675887022e-03
1.230285225999244508e-03
1.278672748786085231e-03
1.328666310798870412e-03
1.380277885965629486e-03
1.433513720484786390e-03
1.488375546847369585e-03
1.544861611389221822e-03
1.602962102999241174e-03
1.662663844122432098e-03
1.723947089601846321e-03
1.786784340828361656e-03
1.851142643040863678e-03
1.916980926230805148e-03
1.984252113710617896e-03
2.052898439845577110e-03
2.122857406817558502e-03
2.194054529441246022e-03
2.266408921064126582e-03
2.339828420030241017e-03
2.414214255258370894e-03
2.489455252929392935e-03
2.565431399406322647e-03
2.642012266533202633e-03
2.719057821937982070e-03
2.796418322205328124e-03
2.873930170252390112e-03
2.951423148750062508e-03
3.028714077878809797e-03
3.105612583526123904e-03
3.181911455491572786e-03
3.257398656778257538e-03
3.331852821957388168e-03
3.405037655760557481e-03
3.476711376621872095e-03
3.546620381010232373e-03
3.614503546638886747e-03
3.680091760608359634e-03
3.743105604606399711e-03
3.803258898222726132e-03
3.860259287371658587e-03
3.913804401382100194e-03
3.963588244747303681e-03
4.009298727025033607e-03
4.050616951427062941e-03
4.087217500602385693e-03
4.118773352303271677e-03
4.144948863733903706e-03
4.165403509880004351e-03
4.179789776751804097e-03
4.187755001219049637e-03
4.188934160053525181e-03
4.182949914893739803e-03
4.169414870994908769e-03
4.147912578274401581e-03
4.118003794701752610e-03
4.079208303162658138e-03
4.030996921670685317e-03
3.972771177429076581e-03
3.903846610060331991e-03
3.823429321728385837e-03
3.730585759987851101e-03
3.624230348122564182e-03
3.503110977604893556e-03
3.365836698907434185e-03
3.210922904724903236e-03
3.036933368983842085e-03
2.842703845283807169e-03
2.627642848411164151e-03
2.392158982716443508e-03
2.138129245402610457e-03
1.869390990107428190e-03
1.592082050589182672e-03
1.314790599732523118e-03
1.048346257544049151e-03
8.051956080512830214e-04
5.983803507782797142e-04
4.402073465796519898e-04
3.408221954147773610e-04
3.069148608336664846e-04
3.408221954147773610e-04
4.402073465796519898e-04
5.983803507782797142e-04
8.051956080512830214e-04
1.048346257544049151e-03
1.314790599732523118e-03
1.592082050589183322e-03
1.869390990107428190e-03
2.138129245402610890e-03
2.392158982716443508e-03
2.627642848411165452e-03
2.842703845283807169e-03
3.036933368983842085e-03
3.210922904724903236e-03
3.365836698907434185e-03
3.503110977604893556e-03
3.624230348122564182e-03
3.730585759987851101e-03
3.823429321728386704e-03
3.903846610060330690e-03
3.972771177429076581e-03
4.030996921670685317e-03
4.079208303162658138e-03
4.118003794701752610e-03
4.147912578274401581e-03
4.169414870994909636e-03
4.182949914893739803e-03
4.188934160053525181e-03
4.187755001219049637e-03
4.179789776751804097e-03
4.165403509880004351e-03
4.144948863733903706e-03
4.118773352303271677e-03
4.087217500602386561e-03
4.050616951427062941e-03
4.009298727025033607e-03
3.963588244747303681e-03
3.913804401382101061e-03
3.860259287371658587e-03
3.803258898222726132e-03
3.743105604606399711e-03
3.680091760608359634e-03
3.614503546638886747e-03
3.546620381010232373e-03
3.476711376621872095e-03
3.405037655760557481e-03
3.331852821957388168e-03
3.257398656778257538e-03
3.181911455491572786e-03
3.105612583526123904e-03
3.028714077878809363e-03
2.951423148750062942e-03
2.873930170252389678e-03
2.796418322205328124e-03
2.719057821937981637e-03
2.642012266533202633e-03
2.565431399406322647e-03
2.489455252929392935e-03
2.414214255258370894e-03
2.339828420030241017e-03
2.266408921064126582e-03
2.194054529441246022e-03
2.122857406817558502e-03
2.052898439845577110e-03
1.984252113710617896e-03
1.916980926230805148e-03
1.851142643040863678e-03
1.786784340828361656e-03
1.723947089601846321e-03
1.662663844122432098e-03
1.602962102999241174e-03
1.544861611389221822e-03
1.488375546847369585e-03
1.433513720484786390e-03
1.380277885965629269e-03
1.328666310798870412e-03
1.278672748786085231e-03
1.230285225999244508e-03
1.183490052675887022e-03
1.138268218113757529e-03
1.094597378476039893e-03
1.052454392110110416e-03
1.011811063610261853e-03
9.726382330055184785e-04
9.349035324971942916e-04
8.985745529358944109e-04
8.636159532087622250e-04
8.299923464717295528e-04
7.976656798762275010e-04
7.665989417311885358e-04
7.367528028433394669e-04
7.080892276262217618e-04
6.805688451931542812e-04
6.541524924819073269e-04
6.288010584475739418e-04
6.044759227981905516e-04
5.811387050707018335e-04
5.587512873570766279e-04
5.372766153121392909e-04
5.166777089401276314e-04
4.969190113298355789e-04
4.779653510510513555e-04
4.597822794351567053e-04
4.423370947986111847e-04
4.255974805477703567e-04
4.095318394519300393e-04
3.941104985305136704e-04
3.793040234688939416e-04
3.650846512804307390e-04
3.514255206229315834e-04
3.383009334888199718e-04
3.256860200158482438e-04
3.135572512937622272e-04
3.018921719077788130e-04
2.906689714712760932e-04
2.798676610882201319e-04
2.694685432214664281e-04
2.594531351076486314e-04
2.498041515427046637e-04
2.405048681385590329e-04
2.315396309798382099e-04
2.228936321304473200e-04
2.145527995623711071e-04
2.065040537980097890e-04
1.987348992618980989e-04
1.912335429165350697e-04
1.839890815206874069e-04
1.769909892406384315e-04
1.702296027291417830e-04
1.636955855071132494e-04
1.573803554333201874e-04
1.512757896354801897e-04
1.453741815981936844e-04
1.396683701466825290e-04
1.341514440536839569e-04
1.288171460325235134e-04
1.236593363536702610e-04
1.186723049274244612e-04
1.138507507653189750e-04
1.091894288241184276e-04
1.046835306583866315e-04
1.003284687232423541e-04
9.611985554680831730e-05
9.205347710391561394e-05
8.812537506239971770e-05
8.433165949600492865e-05
8.066869994609684492e-05
7.713293228440720468e-05
7.372094072559654779e-05
7.042942511615279662e-05
6.725521977109766129e-05
6.419516892227324144e-05
6.124631172226601751e-05
5.840566012323739791e-05
5.567037231533893289e-05
5.303763944462581054e-05
5.050470415361839208e-05
4.806886760910728050e-05
4.572749361830679029e-05
4.347798976719258662e-05
4.131779424921368438e-05
3.924438558564353878e-05
3.725528083776129837e-05
3.534804524558462374e-05
3.352028176006738297e-05
3.176960620313093312e-05
3.009368545808371051e-05
2.849021255534808173e-05
2.695691612315030295e-05
2.549156406991505479e-05
2.409194429893449425e-05
2.275588695760556515e-05
2.148126802089604830e-05
2.026597414287833169e-05
1.910794344635267645e-05
1.800515324875967825e-05
1.695560489302848126e-05
1.595734868519083481e-05
1.500846867130147081e-05
1.410709175593390110e-05
1.325137959559520717e-05
1.243953766866819796e-05
1.166981357215938381e-05
1.094049242960771233e-05
1.024990661135964114e-05
9.596427517355607205e-06
8.978470957237818991e-06
8.394494628120393288e-06
7.843000591068707334e-06
7.322535580231055854e-06
6.831686278633261044e-06
6.369086045039940804e-06
5.933409442083156577e-06
5.523376066795396681e-06
5.137745408820660924e-06
4.775323520719307603e-06
4.434954625417620211e-06
4.115526687017689178e-06
3.815968370069495460e-06
3.535249213115270761e-06
3.272376925250314588e-06
3.026400764742390669e-06
2.796406666572891436e-06
2.581520065550992413e-06
2.380901006801634934e-06
2.193747490240689879e-06
2.019291819971311692e-06
1.856800350893491595e-06
1.705574303698007966e-06
1.564945735989831301e-06
1.434279151365897316e-06
1.312968892408620752e-06
1.200440380586556045e-06
1.096146065673884058e-06
9.995670143770576869e-07
9.102110007506456505e-07
8.276117570960573527e-07
7.513275043013347671e-07
6.809400160503026529e-07
6.160553369387218230e-07
5.563006900091001382e-07
5.013245615505104490e-07
4.507966039050910727e-07
4.044049376568955013e-07
3.618569451652733545e-07
3.228780237118181846e-07
2.872103364722451047e-07
2.546123005298107508e-07
2.248583641339994321e-07
1.977379983034530072e-07
1.730541380482004959e-07
1.506241416115933050e-07
1.302778927175458582e-07
1.118576595546731880e-07
9.521821003070074240e-08
8.022460220241327062e-08
6.675336101320529809e-08
5.469131914981494464e-08
4.393513438419847381e-08
3.439067159182543185e-08
2.597355408371282365e-08
1.860764103464165732e-08
1.222561356092229281e-08
6.768065780527313988e-09
2.184000161837165447e-09
-1.570551768186224678e-09
-4.531287971515141587e-09
-6.726911882831181142e-09
-8.178890626558626923e-09
-8.901369226584997585e-09
-8.901369226584997585e-09
-8.178890626558626923e-09
-6.726911882831181142e-09
-4.531287971515142414e-09
-1.570551768186224678e-09
2.184000161837166274e-09
6.768065780527313988e-09
1.222561356092229281e-08
1.860764103464165732e-08
2.597355408371282365e-08
3.439067159182543185e-08
4.393513438419847381e-08
5.469131914981494464e-08
6.675336101320529809e-08
8.022460220241327062e-08
9.521821003070074240e-08
1.118576595546731880e-07
1.302778927175458582e-07
1.506241416115933050e-07
1.730541380482004959e-07
1.977379983034530072e-07
2.248583641339994321e-07
2.546123005298107508e-07
2.872103364722451047e-07
3.228780237118181846e-07
3.618569451652733545e-07
4.044049376568955013e-07
4.507966039050910727e-07
5.013245615505104490e-07
5.563006900091001382e-07
6.160553369387218230e-07
6.809400160503026529e-07
7.513275043013347671e-07
8.276117570960573527e-07
9.102110007506454387e-07
9.995670143770576869e-07
1.096146065673884058e-06
1.200440380586556045e-06
1.312968892408620752e-06
1.434279151365897316e-06
1.564945735989831301e-06
1.705574303698007966e-06
1.856800350893491595e-06
2.019291819971311692e-06
2.193747490240689879e-06
2.380901006801634934e-06
2.581520065550992413e-06
2.796406666572891436e-06
3.026400764742390669e-06
3.272376925250314588e-06
3.535249213115270761e-06
3.815968370069495460e-06
4.115526687017689178e-06
4.434954625417620211e-06
4.775323520719307603e-06
5.137745408820660924e-06
5.523376066795396681e-06
5.933409442083156577e-06
6.369086045039940804e-06
6.831686278633261044e-06
7.322535580231055854e-06
7.843000591068707334e-06
8.394494628120393288e-06
8.978470957237818991e-06
9.596427517355607205e-06
1.024990661135964114e-05
1.094049242960771233e-05
1.166981357215938381e-05
1.243953766866819796e-05
1.325137959559520717e-05
1.410709175593390110e-05
1.500846867130147081e-05
1.595734868519083481e-05
1.695560489302848126e-05
1.800515324875967825e-05
1.910794344635267645e-05
2.026597414287833169e-05
2.148126802089604830e-05
2.275588695760556515e-05
2.409194429893449425e-05
2.549156406991505479e-05
2.695691612315030295e-05
2.849021255534808173e-05
3.009368545808371051e-05
3.176960620313093312e-05
3.352028176006738297e-05
3.534804524558462374e-05
3.725528083776129837e-05
3.924438558564353878e-05
4.131779424921368438e-05
4.347798976719258662e-05
4.572749361830679029e-05
4.806886760910728050e-05
5.050470415361839208e-05
5.303763944462581054e-05
5.567037231533893289e-05
5.840566012323739791e-05
6.124631172226601751e-05
6.419516892227324144e-05
6.725521977109766129e-05
7.042942511615279662e-05
7.372094072559654779e-05
7.713293228440720468e-05
8.066869994609684492e-05
8.433165949600492865e-05
8.812537506239971770e-05
9.205347710391561394e-05
9.611985554680831730e-05
1.003284687232423541e-04
1.046835306583866315e-04
1.091894288241184276e-04
1.138507507653189750e-04
1.186723049274244341e-04
1.236593363536702610e-04
1.288171460325235134e-04
1.341514440536839569e-04
1.396683701466825290e-04
1.453741815981936844e-04
1.512757896354801897e-04
1.573803554333201874e-04
1.636955855071132494e-04
1.702296027291417830e-04
1.769909892406384315e-04
1.839890815206874069e-04
1.912335429165350697e-04
1.987348992618980989e-04
2.065040537980097890e-04
2.145527995623711071e-04
2.228936321304473200e-04
2.315396309798382099e-04
2.405048681385590329e-04
2.498041515427046637e-04
2.594531351076486314e-04
2.694685432214664281e-04
2.798676610882201319e-04
2.906689714712760932e-04
3.018921719077788130e-04
3.135572512937622272e-04
3.256860200158482438e-04
3.383009334888199718e-04
3.514255206229315834e-04
3.650846512804307390e-04
3.793040234688939416e-04
3.941104985305136704e-04
4.095318394519301478e-04
4.255974805477703567e-04
4.423370947986111847e-04
4.597822794351568137e-04
4.779653510510513555e-04
4.969190113298355789e-04
5.166777089401276314e-04
5.372766153121392909e-04
5.587512873570766279e-04
5.811387050707018335e-04
6.044759227981905516e-04
6.288010584475739418e-04
6.541524924819073269e-04
6.805688451931542812e-04
7.080892276262217618e-04
7.367528028433394669e-04
7.665989417311886442e-04
7.976656798762275010e-04
8.299923464717295528e-04
8.636159532087622250e-04
8.985745529358944109e-04
9.349035324971942916e-04
9.726382330055184785e-04
1.011811063610261853e-03
1.052454392110110199e-03
1.094597378476039893e-03
1.138268218113757529e-03
1.183490052675887022e-03
1.230285225999244508e-03
1.278672748786085231e-03
1.328666310798870412e-03
1.380277885965629486e-03
1.433513720484786390e-03
1.488375546847369585e-03
1.544861611389221822e-03
1.602962102999241174e-03
1.662663844122432098e-03
1.723947089601846321e-03
1.786784340828361656e-03
1.851142643040863678e-03
1.916980926230805148e-03
1.984252113710617896e-03
2.052898439845577110e-03
2.122857406817558502e-03
2.194054529441246022e-03
2.266408921064126582e-03
2.339828420030241017e-03
2.414214255258370894e-03
2.489455252929392935e-03
2.565431399406322647e-03
2.642012266533202633e-03
2.719057821937982070e-03
2.796418322205328124e-03
2.873930170252390112e-03
2.951423148750062508e-03
3.028714077878809797e-03
3.105612583526123904e-03
3.181911455491572786e-03
3.257398656778257538e-03
3.331852821957388168e-03
3.405037655760557481e-03
3.476711376621872095e-03
3.546620381010232373e-03
3.614503546638886747e-03
3.680091760608359634e-03
3.743105604606399711e-03
3.803258898222726132e-03
3.860259287371658587e-03
3.913804401382100194e-03
3.963588244747303681e-03
4.009298727025033607e-03
4.050616951427062941e-03
4.087217500602385693e-03
4.118773352303271677e-03
4.144948863733903706e-03
4.165403509880004351e-03
4.179789776751804097e-03
4.187755001219049637e-03
4.188934160053525181e-03
4.182949914893739803e-03
4.169414870994908769e-03
4.147912578274401581e-03
4.118003794701752610e-03
4.079208303162658138e-03
4.030996921670685317e-03
3.972771177429076581e-03
3.903846610060331991e-03
3.823429321728385837e-03
3.730585759987851101e-03
3.624230348122564182e-03
3.503110977604893556e-03
3.365836698907434185e-03
3.210922904724903236e-03
3.036933368983842085e-03
2.842703845283807169e-03
2.627642848411164151e-03
2.392158982716443508e-03
2.138129245402610457e-03
1.869390990107428190e-03
1.592082050589182672e-03
1.314790599732523118e-03
1.048346257544049151e-03
8.051956080512830214e-04
5.983803507782797142e-04
4.402073465796519898e-04
3.408221954147773610e-04
