3.855712308819382872e-01
3.860196398887656977e-01
3.873239509949990556e-01
3.893670377782179615e-01
3.919713828013194901e-01
3.949215477540489183e-01
3.979887905069614540e-01
4.009540154055923344e-01
4.036247940213048002e-01
4.058456591195424012e-01
4.075014024662614309e-01
4.085149441588891706e-01
4.088412688406196649e-01
4.084604467012323270e-01
4.073702210632302867e-01
4.055800355174128957e-01
4.031062421294206444e-01
3.999689192176578145e-01
3.961900463881597445e-01
3.917921501242681570e-01
3.867979620422293263e-01
3.812301468763790169e-01
3.751112340717559501e-01
3.684636556856445422e-01
3.613098760662737940e-01
3.536722568336735928e-01
3.455733152650019568e-01
3.370355979425603832e-01
3.280817636924945879e-01
3.187344711817660103e-01
3.090165175932531039e-01
2.989507120663802420e-01
2.885599664552937482e-01
2.778671788268849974e-01
2.668952620845120860e-01
2.556670962308075779e-01
2.442055712541760515e-01
2.325334803943565898e-01
2.206735231150846466e-01
2.086483254488982753e-01
1.964803298209170379e-01
1.841918690673057524e-01
1.718050453833133429e-01
1.593417473844533638e-01
1.468236295498787092e-01
1.342720541118874455e-01
1.217080879776609725e-01
1.091524622096036873e-01
9.662555425879255921e-02
8.414732360492339913e-02
7.173733501593736184e-02
5.941468210475540912e-02
4.719798934450312317e-02
3.510536738435055676e-02
2.315439197197952451e-02
1.136207847632010950e-02
-2.551528653911605050e-04
-1.168149520415562304e-02
-2.290177270674952428e-02
-3.390147920680060961e-02
-4.466678782508775453e-02
-5.518458126380682699e-02
-6.544246111073556693e-02
-7.542874306897230652e-02
-8.513253987157116953e-02
-9.454368203718424568e-02
-1.036528141773463557e-01
-1.124513429944261483e-01
-1.209314682790057910e-01
-1.290861951176134614e-01
-1.369093087991684610e-01
-1.443954141970467675e-01
-1.515399100860956860e-01
-1.583389631644796791e-01
-1.647895465521038993e-01
-1.708894224833939490e-01
-1.766370691999706866e-01
-1.820317741171284254e-01
-1.870735231609129967e-01
-1.917630563966950807e-01
-1.961018123759983578e-01
-2.000918907518745571e-01
-2.037360701858677570e-01
-2.070377705256895573e-01
-2.100010332888141706e-01
-2.126304834541817013e-01
-2.149312910810492749e-01
-2.169091697797900786e-01
-2.185703565315328112e-01
-2.199215728702420269e-01
-2.209699304294876765e-01
-2.217230029340193642e-01
-2.221887500542844840e-01
-2.223754596866542033e-01
-2.222917456826678517e-01
-2.219465085111998470e-01
-2.213489143815294824e-01
-2.205083558269726185e-01
-2.194343937593025151e-01
-2.181367920371390934e-01
-2.166254039849862811e-01
-2.149102439718450219e-01
-2.130013184292205430e-01
-2.109087529776169645e-01
-2.086426605011784396e-01
-2.062131202882840630e-01
-2.036302312326978559e-01
-2.009039985280637042e-01
-1.980443314440247515e-01
-1.950610966714485528e-01
-1.919639496568427972e-01
-1.887624620852400847e-01
-1.854660458638271170e-01
-1.820838771699632708e-01
-1.786249871156569691e-01
-1.750981489185642337e-01
-1.715119687032754525e-01
-1.678747543055278957e-01
-1.641945877079977190e-01
-1.604793050187134917e-01
-1.567364580142651120e-01
-1.529733127642051993e-01
-1.491968945888246523e-01
-1.454138942937858447e-01
-1.416307317697727830e-01
-1.378535363835574901e-01
-1.340881366869921265e-01
-1.303400594424847514e-01
-1.266145472161350760e-01
-1.229165297673357193e-01
-1.192506695192745297e-01
-1.156213053055256956e-01
-1.120325072048965476e-01
-1.084880666596065996e-01
-1.049914588859281878e-01
-1.015459348726226174e-01
-9.815444687593802287e-02
-9.481969424549641090e-02
-9.154410452326575132e-02
-8.832988860537728526e-02
-8.517898490900503716e-02
-8.209312386198173994e-02
-7.907379989906275497e-02
-7.612228975470711201e-02
-7.323966153374031340e-02
-7.042679769001938817e-02
-6.768437176816433087e-02
-6.501288994004764121e-02
-6.241268630088692149e-02
-5.988392281362771991e-02
-5.742660777919603859e-02
-5.504061432552346395e-02
-5.272567115550752526e-02
-5.048137644282604808e-02
-4.830721174228665149e-02
-4.620254666063918630e-02
-4.416665279219232632e-02
-4.219869453331936970e-02
-4.029776617063940414e-02
-3.846285958199906901e-02
-3.669291753343439932e-02
-3.498680139463058308e-02
-3.334331669019251904e-02
-3.176122246360856688e-02
-3.023922676633199538e-02
-2.877599834281813207e-02
-2.737017600526757410e-02
-2.602036413147303801e-02
-2.472514898313638368e-02
-2.348309420658422492e-02
-2.229275483973128594e-02
-2.115267050049516456e-02
-2.006138170698651413e-02
-1.901742190856352266e-02
-1.801933264794084236e-02
-1.706565674670736110e-02
-1.615494999491581124e-02
-1.528577548994709302e-02
-1.445671416577859643e-02
-1.366636259750380646e-02
-1.291333658650509024e-02
-1.219627242994370149e-02
-1.151383050083375909e-02
-1.086469419900404354e-02
-1.024757583884282168e-02
-9.661210968181966827e-03
-9.104365406830612281e-03
-8.575834764247556793e-03
-8.074443954215250810e-03
-7.599049019697564841e-03
-7.148536063186735831e-03
-6.721823643836983761e-03
-6.317862280111531670e-03
-5.935634527762743626e-03
-5.574153898280868186e-03
-5.232466665944786148e-03
-4.909651358827989143e-03
-4.604817668707543096e-03
-4.317106803978689421e-03
-4.045690972437268954e-03
-3.789773439740625176e-03
-3.548587428714659008e-03
-3.321395594472188913e-03
-3.107490364561790990e-03
-2.906192541871596355e-03
-2.716850772706445524e-03
-2.538841012662036364e-03
-2.371566568668352290e-03
-2.214456114929022959e-03
-2.066963586348721533e-03
-1.928568070048669418e-03
-1.798772104719055390e-03
-1.677101568524458266e-03
-1.563104697860502948e-03
-1.456351682777942518e-03
-1.356433537968189731e-03
-1.262961261399264375e-03
-1.175566148114937700e-03
-1.093897644889541866e-03
-1.017623805916681966e-03
-9.464299400594410310e-04
-8.800184135021769331e-04
-8.181075115244055077e-04
-7.604313112095045617e-04
-7.067387579544453504e-04
-6.567929578532344555e-04
-6.103710474382133657e-04
-5.672630505017381333e-04
-5.272719268070333006e-04
-4.902125718202840097e-04
-4.559115746882008149e-04
-4.242066863312820061e-04
-3.949463229816121274e-04
-3.679892136299645110e-04
-3.432037938333708238e-04
-3.204681049308304858e-04
-2.996692047436886578e-04
-2.807028668766463906e-04
-2.634733156382391408e-04
-2.478928339571618363e-04
-2.338815696090516772e-04
-2.213671964082893008e-04
-2.102847556761495117e-04
-2.005763527084829701e-04
-1.921910516229372653e-04
-1.850846433057602161e-04
-1.792195033321669813e-04
-1.745644856549959730e-04
-1.710947978548848331e-04
-1.687919302466536374e-04
-1.676435665603152176e-04
-1.676435665603152176e-04
-1.687919302466536374e-04
-1.710947978548848331e-04
-1.745644856549959730e-04
-1.792195033321669813e-04
-1.850846433057602161e-04
-1.921910516229372653e-04
-2.005763527084829701e-04
-2.102847556761495117e-04
-2.213671964082893008e-04
-2.338815696090516772e-04
-2.478928339571618363e-04
-2.634733156382391408e-04
-2.807028668766463906e-04
-2.996692047436886578e-04
-3.204681049308304858e-04
-3.432037938333708238e-04
-3.679892136299645110e-04
-3.949463229816121274e-04
-4.242066863312820061e-04
-4.559115746882008149e-04
-4.902125718202840097e-04
-5.272719268070333006e-04
-5.672630505017381333e-04
-6.103710474382133657e-04
-6.567929578532344555e-04
-7.067387579544453504e-04
-7.604313112095045617e-04
-8.181075115244055077e-04
-8.800184135021769331e-04
-9.464299400594410310e-04
-1.017623805916681966e-03
-1.093897644889541866e-03
-1.175566148114937700e-03
-1.262961261399264375e-03
-1.356433537968189731e-03
-1.456351682777942518e-03
-1.563104697860502948e-03
-1.677101568524458266e-03
-1.798772104719055390e-03
-1.928568070048669418e-03
-2.066963586348721533e-03
-2.214456114929022959e-03
-2.371566568668352290e-03
-2.538841012662036364e-03
-2.716850772706445524e-03
-2.906192541871596355e-03
-3.107490364561790990e-03
-3.321395594472188913e-03
-3.548587428714659008e-03
-3.789773439740625176e-03
-4.045690972437268954e-03
-4.317106803978689421e-03
-4.604817668707543096e-03
-4.909651358827989143e-03
-5.232466665944786148e-03
-5.574153898280868186e-03
-5.935634527762743626e-03
-6.317862280111531670e-03
-6.721823643836983761e-03
-7.148536063186735831e-03
-7.599049019697564841e-03
-8.074443954215250810e-03
-8.575834764247556793e-03
-9.104365406830612281e-03
-9.661210968181966827e-03
-1.024757583884282168e-02
-1.086469419900404354e-02
-1.151383050083375909e-02
-1.219627242994370149e-02
-1.291333658650509024e-02
-1.366636259750380646e-02
-1.445671416577859643e-02
-1.528577548994709302e-02
-1.615494999491581124e-02
-1.706565674670736110e-02
-1.801933264794084236e-02
-1.901742190856352266e-02
-2.006138170698651413e-02
-2.115267050049516456e-02
-2.229275483973128594e-02
-2.348309420658422492e-02
-2.472514898313638368e-02
-2.602036413147303801e-02
-2.737017600526757410e-02
-2.877599834281813207e-02
-3.023922676633199538e-02
-3.176122246360856688e-02
-3.334331669019251904e-02
-3.498680139463058308e-02
-3.669291753343439932e-02
-3.846285958199906901e-02
-4.029776617063940414e-02
-4.219869453331936970e-02
-4.416665279219232632e-02
-4.620254666063918630e-02
-4.830721174228665149e-02
-5.048137644282604808e-02
-5.272567115550752526e-02
-5.504061432552346395e-02
-5.742660777919603859e-02
-5.988392281362771991e-02
-6.241268630088692149e-02
-6.501288994004764121e-02
-6.768437176816433087e-02
-7.042679769001938817e-02
-7.323966153374031340e-02
-7.612228975470711201e-02
-7.907379989906275497e-02
-8.209312386198175382e-02
-8.517898490900503716e-02
-8.832988860537728526e-02
-9.154410452326575132e-02
-9.481969424549641090e-02
-9.815444687593802287e-02
-1.015459348726226174e-01
-1.049914588859281878e-01
-1.084880666596065996e-01
-1.120325072048965476e-01
-1.156213053055256956e-01
-1.192506695192745297e-01
-1.229165297673357193e-01
-1.266145472161350760e-01
-1.303400594424847514e-01
-1.340881366869921265e-01
-1.378535363835574901e-01
-1.416307317697727830e-01
-1.454138942937858447e-01
-1.491968945888246523e-01
-1.529733127642051993e-01
-1.567364580142651120e-01
-1.604793050187134917e-01
-1.641945877079977190e-01
-1.678747543055278957e-01
-1.715119687032754525e-01
-1.750981489185642337e-01
-1.786249871156569691e-01
-1.820838771699632708e-01
-1.854660458638271170e-01
-1.887624620852400847e-01
-1.919639496568427972e-01
-1.950610966714485528e-01
-1.980443314440247515e-01
-2.009039985280637042e-01
-2.036302312326978559e-01
-2.062131202882840630e-01
-2.086426605011784396e-01
-2.109087529776169645e-01
-2.130013184292205430e-01
-2.149102439718450219e-01
-2.166254039849862811e-01
-2.181367920371390934e-01
-2.194343937593025151e-01
-2.205083558269726185e-01
-2.213489143815294824e-01
-2.219465085111998470e-01
-2.222917456826678517e-01
-2.223754596866542033e-01
-2.221887500542845395e-01
-2.217230029340193642e-01
-2.209699304294876765e-01
-2.199215728702420269e-01
-2.185703565315328112e-01
-2.169091697797900786e-01
-2.149312910810492749e-01
-2.126304834541817013e-01
-2.100010332888141706e-01
-2.070377705256895573e-01
-2.037360701858677292e-01
-2.000918907518745571e-01
-1.961018123759983578e-01
-1.917630563966951085e-01
-1.870735231609129967e-01
-1.820317741171283976e-01
-1.766370691999706866e-01
-1.708894224833939490e-01
-1.647895465521038993e-01
-1.583389631644796791e-01
-1.515399100860956860e-01
-1.443954141970467675e-01
-1.369093087991684610e-01
-1.290861951176134614e-01
-1.209314682790057910e-01
-1.124513429944261483e-01
-1.036528141773463557e-01
-9.454368203718424568e-02
-8.513253987157116953e-02
-7.542874306897230652e-02
-6.544246111073555305e-02
-5.518458126380682699e-02
-4.466678782508775453e-02
-3.390147920680060961e-02
-2.290177270674952775e-02
-1.168149520415562650e-02
-2.551528653911562224e-04
1.136207847632010950e-02
2.315439197197952451e-02
3.510536738435055676e-02
4.719798934450312317e-02
5.941468210475540912e-02
7.173733501593738959e-02
8.414732360492339913e-02
9.662555425879255921e-02
1.091524622096036873e-01
1.217080879776609725e-01
1.342720541118874455e-01
1.468236295498787092e-01
1.593417473844533638e-01
1.718050453833133429e-01
1.841918690673057524e-01
1.964803298209170379e-01
2.086483254488982753e-01
2.206735231150846466e-01
2.325334803943565898e-01
2.442055712541760515e-01
2.556670962308075779e-01
2.668952620845120860e-01
2.778671788268849974e-01
2.885599664552937482e-01
2.989507120663802420e-01
3.090165175932531039e-01
3.187344711817660103e-01
3.280817636924945879e-01
3.370355979425603832e-01
3.455733152650019568e-01
3.536722568336735928e-01
3.613098760662737940e-01
3.684636556856445422e-01
3.751112340717559501e-01
3.812301468763790169e-01
3.867979620422293263e-01
3.917921501242681570e-01
3.961900463881597445e-01
3.999689192176578145e-01
4.031062421294206444e-01
4.055800355174128957e-01
4.073702210632302867e-01
4.084604467012323270e-01
4.088412688406196649e-01
4.085149441588891706e-01
4.075014024662614309e-01
4.058456591195424012e-01
4.036247940213048002e-01
4.009540154055923344e-01
3.979887905069614540e-01
3.949215477540489738e-01
3.919713828013194901e-01
3.893670377782179615e-01
3.873239509949990556e-01
3.860196398887656977e-01
3.855712308819382872e-01
3.860196398887656977e-01
3.873239509949990556e-01
3.893670377782179615e-01
3.919713828013194901e-01
3.949215477540489183e-01
3.979887905069614540e-01
4.009540154055923344e-01
4.036247940213048002e-01
4.058456591195424012e-01
4.075014024662614309e-01
4.085149441588891706e-01
4.088412688406196649e-01
4.084604467012323270e-01
4.073702210632302867e-01
4.055800355174128957e-01
4.031062421294206444e-01
3.999689192176578145e-01
3.961900463881597445e-01
3.917921501242681570e-01
3.867979620422293263e-01
3.812301468763790169e-01
3.751112340717559501e-01
3.684636556856445422e-01
3.613098760662737940e-01
3.536722568336735928e-01
3.455733152650019568e-01
3.370355979425603832e-01
3.280817636924945879e-01
3.187344711817660103e-01
3.090165175932531039e-01
2.989507120663802420e-01
2.885599664552937482e-01
2.778671788268849974e-01
2.668952620845120860e-01
2.556670962308075779e-01
2.442055712541760515e-01
2.325334803943565898e-01
2.206735231150846466e-01
2.086483254488982753e-01
1.964803298209170379e-01
1.841918690673057524e-01
1.718050453833133429e-01
1.593417473844533638e-01
1.468236295498787092e-01
1.342720541118874455e-01
1.217080879776609725e-01
1.091524622096036873e-01
9.662555425879255921e-02
8.414732360492339913e-02
7.173733501593736184e-02
5.941468210475540912e-02
4.719798934450312317e-02
3.510536738435055676e-02
2.315439197197952451e-02
1.136207847632010950e-02
-2.551528653911605050e-04
-1.168149520415562304e-02
-2.290177270674952428e-02
-3.390147920680060961e-02
-4.466678782508775453e-02
-5.518458126380682699e-02
-6.544246111073556693e-02
-7.542874306897230652e-02
-8.513253987157116953e-02
-9.454368203718424568e-02
-1.036528141773463557e-01
-1.124513429944261483e-01
-1.209314682790057910e-01
-1.290861951176134614e-01
-1.369093087991684610e-01
-1.443954141970467675e-01
-1.515399100860956860e-01
-1.583389631644796791e-01
-1.647895465521038993e-01
-1.708894224833939490e-01
-1.766370691999706866e-01
-1.820317741171284254e-01
-1.870735231609129967e-01
-1.917630563966950807e-01
-1.961018123759983578e-01
-2.000918907518745571e-01
-2.037360701858677570e-01
-2.070377705256895573e-01
-2.100010332888141706e-01
-2.126304834541817013e-01
-2.149312910810492749e-01
-2.169091697797900786e-01
-2.185703565315328112e-01
-2.199215728702420269e-01
-2.209699304294876765e-01
-2.217230029340193642e-01
-2.221887500542844840e-01
-2.223754596866542033e-01
-2.222917456826678517e-01
-2.219465085111998470e-01
-2.213489143815294824e-01
-2.205083558269726185e-01
-2.194343937593025151e-01
-2.181367920371390934e-01
-2.166254039849862811e-01
-2.149102439718450219e-01
-2.130013184292205430e-01
-2.109087529776169645e-01
-2.086426605011784396e-01
-2.062131202882840630e-01
-2.036302312326978559e-01
-2.009039985280637042e-01
-1.980443314440247515e-01
-1.950610966714485528e-01
-1.919639496568427972e-01
-1.887624620852400847e-01
-1.854660458638271170e-01
-1.820838771699632708e-01
-1.786249871156569691e-01
-1.750981489185642337e-01
-1.715119687032754525e-01
-1.678747543055278957e-01
-1.641945877079977190e-01
-1.604793050187134917e-01
-1.567364580142651120e-01
-1.529733127642051993e-01
-1.491968945888246523e-01
-1.454138942937858447e-01
-1.416307317697727830e-01
-1.378535363835574901e-01
-1.340881366869921265e-01
-1.303400594424847514e-01
-1.266145472161350760e-01
-1.229165297673357193e-01
-1.192506695192745297e-01
-1.156213053055256956e-01
-1.120325072048965476e-01
-1.084880666596065996e-01
-1.049914588859281878e-01
-1.015459348726226174e-01
-9.815444687593802287e-02
-9.481969424549641090e-02
-9.154410452326575132e-02
-8.832988860537728526e-02
-8.517898490900503716e-02
-8.209312386198173994e-02
-7.907379989906275497e-02
-7.612228975470711201e-02
-7.323966153374031340e-02
-7.042679769001938817e-02
-6.768437176816433087e-02
-6.501288994004764121e-02
-6.241268630088692149e-02
-5.988392281362771991e-02
-5.742660777919603859e-02
-5.504061432552346395e-02
-5.272567115550752526e-02
-5.048137644282604808e-02
-4.830721174228665149e-02
-4.620254666063918630e-02
-4.416665279219232632e-02
-4.219869453331936970e-02
-4.029776617063940414e-02
-3.846285958199906901e-02
-3.669291753343439932e-02
-3.498680139463058308e-02
-3.334331669019251904e-02
-3.176122246360856688e-02
-3.023922676633199538e-02
-2.877599834281813207e-02
-2.737017600526757410e-02
-2.602036413147303801e-02
-2.472514898313638368e-02
-2.348309420658422492e-02
-2.229275483973128594e-02
-2.115267050049516456e-02
-2.006138170698651413e-02
-1.901742190856352266e-02
-1.801933264794084236e-02
-1.706565674670736110e-02
-1.615494999491581124e-02
-1.528577548994709302e-02
-1.445671416577859643e-02
-1.366636259750380646e-02
-1.291333658650509024e-02
-1.219627242994370149e-02
-1.151383050083375909e-02
-1.086469419900404354e-02
-1.024757583884282168e-02
-9.661210968181966827e-03
-9.104365406830612281e-03
-8.575834764247556793e-03
-8.074443954215250810e-03
-7.599049019697564841e-03
-7.148536063186735831e-03
-6.721823643836983761e-03
-6.317862280111531670e-03
-5.935634527762743626e-03
-5.574153898280868186e-03
-5.232466665944786148e-03
-4.909651358827989143e-03
-4.604817668707543096e-03
-4.317106803978689421e-03
-4.045690972437268954e-03
-3.789773439740625176e-03
-3.548587428714659008e-03
-3.321395594472188913e-03
-3.107490364561790990e-03
-2.906192541871596355e-03
-2.716850772706445524e-03
-2.538841012662036364e-03
-2.371566568668352290e-03
-2.214456114929022959e-03
-2.066963586348721533e-03
-1.928568070048669418e-03
-1.798772104719055390e-03
-1.677101568524458266e-03
-1.563104697860502948e-03
-1.456351682777942518e-03
-1.356433537968189731e-03
-1.262961261399264375e-03
-1.175566148114937700e-03
-1.093897644889541866e-03
-1.017623805916681966e-03
-9.464299400594410310e-04
-8.800184135021769331e-04
-8.181075115244055077e-04
-7.604313112095045617e-04
-7.067387579544453504e-04
-6.567929578532344555e-04
-6.103710474382133657e-04
-5.672630505017381333e-04
-5.272719268070333006e-04
-4.902125718202840097e-04
-4.559115746882008149e-04
-4.242066863312820061e-04
-3.949463229816121274e-04
-3.679892136299645110e-04
-3.432037938333708238e-04
-3.204681049308304858e-04
-2.996692047436886578e-04
-2.807028668766463906e-04
-2.634733156382391408e-04
-2.478928339571618363e-04
-2.338815696090516772e-04
-2.213671964082893008e-04
-2.102847556761495117e-04
-2.005763527084829701e-04
-1.921910516229372653e-04
-1.850846433057602161e-04
-1.792195033321669813e-04
-1.745644856549959730e-04
-1.710947978548848331e-04
-1.687919302466536374e-04
-1.676435665603152176e-04
-1.676435665603152176e-04
-1.687919302466536374e-04
-1.710947978548848331e-04
-1.745644856549959730e-04
-1.792195033321669813e-04
-1.850846433057602161e-04
-1.921910516229372653e-04
-2.005763527084829701e-04
-2.102847556761495117e-04
-2.213671964082893008e-04
-2.338815696090516772e-04
-2.478928339571618363e-04
-2.634733156382391408e-04
-2.807028668766463906e-04
-2.996692047436886578e-04
-3.204681049308304858e-04
-3.432037938333708238e-04
-3.679892136299645110e-04
-3.949463229816121274e-04
-4.242066863312820061e-04
-4.559115746882008149e-04
-4.902125718202840097e-04
-5.272719268070333006e-04
-5.672630505017381333e-04
-6.103710474382133657e-04
-6.567929578532344555e-04
-7.067387579544453504e-04
-7.604313112095045617e-04
-8.181075115244055077e-04
-8.800184135021769331e-04
-9.464299400594410310e-04
-1.017623805916681966e-03
-1.093897644889541866e-03
-1.175566148114937700e-03
-1.262961261399264375e-03
-1.356433537968189731e-03
-1.456351682777942518e-03
-1.563104697860502948e-03
-1.677101568524458266e-03
-1.798772104719055390e-03
-1.928568070048669418e-03
-2.066963586348721533e-03
-2.214456114929022959e-03
-2.371566568668352290e-03
-2.538841012662036364e-03
-2.716850772706445524e-03
-2.906192541871596355e-03
-3.107490364561790990e-03
-3.321395594472188913e-03
-3.548587428714659008e-03
-3.789773439740625176e-03
-4.045690972437268954e-03
-4.317106803978689421e-03
-4.604817668707543096e-03
-4.909651358827989143e-03
-5.232466665944786148e-03
-5.574153898280868186e-03
-5.935634527762743626e-03
-6.317862280111531670e-03
-6.721823643836983761e-03
-7.148536063186735831e-03
-7.599049019697564841e-03
-8.074443954215250810e-03
-8.575834764247556793e-03
-9.104365406830612281e-03
-9.661210968181966827e-03
-1.024757583884282168e-02
-1.086469419900404354e-02
-1.151383050083375909e-02
-1.219627242994370149e-02
-1.291333658650509024e-02
-1.366636259750380646e-02
-1.445671416577859643e-02
-1.528577548994709302e-02
-1.615494999491581124e-02
-1.706565674670736110e-02
-1.801933264794084236e-02
-1.901742190856352266e-02
-2.006138170698651413e-02
-2.115267050049516456e-02
-2.229275483973128594e-02
-2.348309420658422492e-02
-2.472514898313638368e-02
-2.602036413147303801e-02
-2.737017600526757410e-02
-2.877599834281813207e-02
-3.023922676633199538e-02
-3.176122246360856688e-02
-3.334331669019251904e-02
-3.498680139463058308e-02
-3.669291753343439932e-02
-3.846285958199906901e-02
-4.029776617063940414e-02
-4.219869453331936970e-02
-4.416665279219232632e-02
-4.620254666063918630e-02
-4.830721174228665149e-02
-5.048137644282604808e-02
-5.272567115550752526e-02
-5.504061432552346395e-02
-5.742660777919603859e-02
-5.988392281362771991e-02
-6.241268630088692149e-02
-6.501288994004764121e-02
-6.768437176816433087e-02
-7.042679769001938817e-02
-7.323966153374031340e-02
-7.612228975470711201e-02
-7.907379989906275497e-02
-8.209312386198175382e-02
-8.517898490900503716e-02
-8.832988860537728526e-02
-9.154410452326575132e-02
-9.481969424549641090e-02
-9.815444687593802287e-02
-1.015459348726226174e-01
-1.049914588859281878e-01
-1.084880666596065996e-01
-1.120325072048965476e-01
-1.156213053055256956e-01
-1.192506695192745297e-01
-1.229165297673357193e-01
-1.266145472161350760e-01
-1.303400594424847514e-01
-1.340881366869921265e-01
-1.378535363835574901e-01
-1.416307317697727830e-01
-1.454138942937858447e-01
-1.491968945888246523e-01
-1.529733127642051993e-01
-1.567364580142651120e-01
-1.604793050187134917e-01
-1.641945877079977190e-01
-1.678747543055278957e-01
-1.715119687032754525e-01
-1.750981489185642337e-01
-1.786249871156569691e-01
-1.820838771699632708e-01
-1.854660458638271170e-01
-1.887624620852400847e-01
-1.919639496568427972e-01
-1.950610966714485528e-01
-1.980443314440247515e-01
-2.009039985280637042e-01
-2.036302312326978559e-01
-2.062131202882840630e-01
-2.086426605011784396e-01
-2.109087529776169645e-01
-2.130013184292205430e-01
-2.149102439718450219e-01
-2.166254039849862811e-01
-2.181367920371390934e-01
-2.194343937593025151e-01
-2.205083558269726185e-01
-2.213489143815294824e-01
-2.219465085111998470e-01
-2.222917456826678517e-01
-2.223754596866542033e-01
-2.221887500542845395e-01
-2.217230029340193642e-01
-2.209699304294876765e-01
-2.199215728702420269e-01
-2.185703565315328112e-01
-2.169091697797900786e-01
-2.149312910810492749e-01
-2.126304834541817013e-01
-2.100010332888141706e-01
-2.070377705256895573e-01
-2.037360701858677292e-01
-2.000918907518745571e-01
-1.961018123759983578e-01
-1.917630563966951085e-01
-1.870735231609129967e-01
-1.820317741171283976e-01
-1.766370691999706866e-01
-1.708894224833939490e-01
-1.647895465521038993e-01
-1.583389631644796791e-01
-1.515399100860956860e-01
-1.443954141970467675e-01
-1.369093087991684610e-01
-1.290861951176134614e-01
-1.209314682790057910e-01
-1.124513429944261483e-01
-1.036528141773463557e-01
-9.454368203718424568e-02
-8.513253987157116953e-02
-7.542874306897230652e-02
-6.544246111073555305e-02
-5.518458126380682699e-02
-4.466678782508775453e-02
-3.390147920680060961e-02
-2.290177270674952775e-02
-1.168149520415562650e-02
-2.551528653911562224e-04
1.136207847632010950e-02
2.315439197197952451e-02
3.510536738435055676e-02
4.719798934450312317e-02
5.941468210475540912e-02
7.173733501593738959e-02
8.414732360492339913e-02
9.662555425879255921e-02
1.091524622096036873e-01
1.217080879776609725e-01
1.342720541118874455e-01
1.468236295498787092e-01
1.593417473844533638e-01
1.718050453833133429e-01
1.841918690673057524e-01
1.964803298209170379e-01
2.086483254488982753e-01
2.206735231150846466e-01
2.325334803943565898e-01
2.442055712541760515e-01
2.556670962308075779e-01
2.668952620845120860e-01
2.778671788268849974e-01
2.885599664552937482e-01
2.989507120663802420e-01
3.090165175932531039e-01
3.187344711817660103e-01
3.280817636924945879e-01
3.370355979425603832e-01
3.455733152650019568e-01
3.536722568336735928e-01
3.613098760662737940e-01
3.684636556856445422e-01
3.751112340717559501e-01
3.812301468763790169e-01
3.867979620422293263e-01
3.917921501242681570e-01
3.961900463881597445e-01
3.999689192176578145e-01
4.031062421294206444e-01
4.055800355174128957e-01
4.073702210632302867e-01
4.084604467012323270e-01
4.088412688406196649e-01
4.085149441588891706e-01
4.075014024662614309e-01
4.058456591195424012e-01
4.036247940213048002e-01
4.009540154055923344e-01
3.979887905069614540e-01
3.949215477540489738e-01
3.919713828013194901e-01
3.893670377782179615e-01
3.873239509949990556e-01
3.860196398887656977e-01
