1.590810537500746613e-03
1.602251542439077879e-03
1.635738701697311446e-03
1.688882590916473579e-03
1.758064391286398836e-03
1.838907263204467204e-03
1.926795155214465222e-03
2.017347693243558542e-03
2.106791634823989602e-03
2.192175498816888168e-03
2.271435670660060507e-03
2.343340272103250702e-03
2.407352710073913486e-03
2.463449769630485144e-03
2.511948069757130152e-03
2.553357382599747913e-03
2.588258168664219275e-03
2.617233508332605669e-03
2.640821797048902367e-03
2.659492625382098817e-03
2.673654027495206333e-03
2.683643829247041139e-03
2.689753717282342051e-03
2.692226041162217118e-03
2.691275237715323471e-03
2.687087285227113091e-03
2.679829317277609459e-03
2.669657776040672455e-03
2.656715796000848166e-03
2.641142816014890610e-03
2.623071689317363862e-03
2.602632187557673508e-03
2.579952418639053918e-03
2.555158084225126955e-03
2.528373328918874334e-03
2.499721408446479651e-03
2.469325223369634500e-03
2.437305368107503100e-03
2.403781592531939546e-03
2.368872742126893957e-03
2.332695191520729912e-03
2.295364736222283049e-03
2.256994061671068873e-03
2.217693685069232427e-03
2.177572338275739032e-03
2.136734410060226602e-03
2.095283623732220254e-03
2.053318824697859639e-03
2.010936189896908154e-03
1.968228319497836425e-03
1.925284614686439315e-03
1.882189639393578489e-03
1.839025520637873950e-03
1.795869213981242949e-03
1.752794724914276403e-03
1.709872029872554601e-03
1.667165999187484671e-03
1.624738440778726806e-03
1.582646842911889428e-03
1.540945686865270552e-03
1.499682990469929610e-03
1.458905475663604782e-03
1.418655113625299493e-03
1.378970165442803099e-03
1.339885122281110879e-03
1.301431379588789466e-03
1.263635801393156411e-03
1.226523504275714048e-03
1.190115595635652833e-03
1.154430122299740990e-03
1.119482193022819068e-03
1.085284834286815358e-03
1.051847460318780340e-03
1.019177461375102203e-03
9.872803234694663751e-04
9.561585547014147136e-04
9.258129958214202570e-04
8.962426621198829038e-04
8.674444009103863618e-04
8.394139240909420131e-04
8.121447298333131374e-04
7.856298671018446811e-04
7.598603967405014601e-04
7.348263284572833457e-04
7.105170523210397812e-04
6.869207602417612977e-04
6.640246004231226086e-04
6.418156565440956808e-04
6.202798161646830939e-04
5.994030692779127052e-04
5.791702374634031614e-04
5.595663625821032869e-04
5.405759389405270614e-04
5.221838418368352245e-04
5.043739620356456083e-04
4.871308668490703956e-04
4.704385709303599526e-04
4.542815998545188770e-04
4.386442642972137500e-04
4.235114014447425787e-04
4.088674646656795101e-04
3.946977684871583549e-04
3.809871645375466766e-04
3.677214920625849039e-04
3.548864365278116772e-04
3.424681766920251755e-04
3.304532057206693700e-04
3.188282437152018868e-04
3.075806544890973102e-04
2.966978071119849483e-04
2.861678132263586897e-04
2.759788880975381836e-04
2.661196746639359826e-04
2.565794068471968802e-04
2.473474075937634031e-04
2.384135040959154371e-04
2.297679383091347336e-04
2.214012085210467599e-04
2.133042318585901508e-04
2.054682773327330778e-04
1.978849446366401008e-04
1.905460969713532984e-04
1.834439543119613890e-04
1.765711063170655984e-04
1.699203990211676423e-04
1.634848443864561369e-04
1.572579081942474021e-04
1.512331442598103084e-04
1.454045280708926157e-04
1.397661252923613280e-04
1.343123106334713761e-04
1.290376426626227489e-04
1.239368188486559012e-04
1.190049057691864351e-04
1.142369386029449277e-04
1.096282774045983306e-04
1.051743785359062264e-04
1.008708756741306478e-04
9.671351172312235242e-05
9.269820830139876612e-05
8.882095173519441824e-05
8.507794276721925757e-05
8.146541943642182659e-05
7.797973220871457878e-05
7.461737895336057434e-05
7.137491376403458300e-05
6.824898189727686610e-05
6.523631455882300989e-05
6.233375233985081944e-05
5.953816543423102997e-05
5.684651144236103432e-05
5.425583582458172124e-05
5.176324367185686774e-05
4.936586572792970521e-05
4.706095053276779835e-05
4.484575301400353653e-05
4.271761226833740028e-05
4.067392039357992881e-05
3.871211137436311950e-05
3.682966715509563627e-05
3.502413803372017792e-05
3.329310284165669387e-05
3.163420364639504449e-05
3.004511450738635197e-05
2.852357615496909596e-05
2.706735325624886175e-05
2.567427480494506055e-05
2.434219996548412108e-05
2.306903980771839638e-05
2.185275466419035805e-05
2.069134717731957614e-05
1.958285963698178981e-05
1.852537560876472267e-05
1.751703732009919520e-05
1.655602147000396891e-05
1.564054513091312653e-05
1.476887737568815407e-05
1.393932796282448334e-05
1.315024891422435371e-05
1.240003608554124241e-05
1.168713216273447653e-05
1.101001675147050725e-05
1.036721724368329598e-05
9.757303194104486696e-06
9.178880690704109216e-06
8.630606786388139140e-06
8.111169524383995966e-06
7.619309525831953832e-06
7.153797138001929127e-06
6.713450428506515045e-06
6.297122357553631663e-06
5.903708012870243937e-06
5.532138223464764646e-06
5.181383919618750647e-06
4.850451530558683997e-06
4.538385545343775107e-06
4.244263903521323572e-06
3.967201624390248265e-06
3.706347624729311834e-06
3.460884042021612154e-06
3.230025196609886502e-06
3.013019418005494832e-06
2.809143522783797740e-06
2.617707144571791731e-06
2.438048282536514281e-06
2.269533864629109643e-06
2.111558875571896991e-06
1.963545303899629920e-06
1.824941804019296166e-06
1.695221923349760547e-06
1.573884657222008197e-06
1.460451956522348522e-06
1.354469369550228227e-06
1.255504711818703853e-06
1.163147093094940931e-06
1.077006212172118263e-06
9.967119194453172577e-07
9.219132410924768127e-07
8.522775816064840265e-07
7.874900151534561856e-07
7.272525762287304787e-07
6.712841319676208619e-07
6.193185517374729422e-07
5.711052501854591455e-07
5.264078036947643601e-07
4.850037309801827080e-07
4.466836909491518401e-07
4.112510385084368602e-07
3.785212456306097233e-07
3.483212996924406319e-07
3.204894150581345466e-07
2.948742964592910283e-07
2.713349172371132986e-07
2.497397822392111188e-07
2.299669743775511145e-07
2.119032603510117025e-07
1.954440920472596499e-07
1.804930478800861701e-07
1.669616323255100483e-07
1.547688961586920141e-07
1.438412133484871182e-07
1.341119682612881904e-07
1.255213995435095375e-07
1.180162759451896343e-07
1.115497848298764011e-07
1.060813534239858677e-07
1.015764588025328831e-07
9.800652739989751923e-08
9.534885686118183468e-08
9.358647065260031871e-08
9.270809580243764120e-08
9.270809580243764120e-08
9.358647065260031871e-08
9.534885686118183468e-08
9.800652739989751923e-08
1.015764588025328831e-07
1.060813534239858809e-07
1.115497848298764011e-07
1.180162759451896343e-07
1.255213995435095375e-07
1.341119682612881904e-07
1.438412133484871182e-07
1.547688961586920141e-07
1.669616323255100483e-07
1.804930478800861701e-07
1.954440920472596499e-07
2.119032603510117025e-07
2.299669743775511145e-07
2.497397822392111188e-07
2.713349172371132986e-07
2.948742964592910283e-07
3.204894150581345466e-07
3.483212996924406319e-07
3.785212456306097233e-07
4.112510385084368602e-07
4.466836909491518401e-07
4.850037309801827080e-07
5.264078036947643601e-07
5.711052501854591455e-07
6.193185517374729422e-07
6.712841319676208619e-07
7.272525762287304787e-07
7.874900151534561856e-07
8.522775816064840265e-07
9.219132410924768127e-07
9.967119194453172577e-07
1.077006212172118263e-06
1.163147093094940931e-06
1.255504711818703853e-06
1.354469369550228227e-06
1.460451956522348522e-06
1.573884657222008197e-06
1.695221923349760547e-06
1.824941804019296166e-06
1.963545303899629920e-06
2.111558875571896991e-06
2.269533864629109643e-06
2.438048282536514281e-06
2.617707144571791731e-06
2.809143522783797740e-06
3.013019418005494832e-06
3.230025196609886502e-06
3.460884042021612154e-06
3.706347624729311834e-06
3.967201624390248265e-06
4.244263903521323572e-06
4.538385545343775107e-06
4.850451530558683997e-06
5.181383919618750647e-06
5.532138223464764646e-06
5.903708012870243937e-06
6.297122357553631663e-06
6.713450428506515045e-06
7.153797138001929127e-06
7.619309525831953832e-06
8.111169524383995966e-06
8.630606786388139140e-06
9.178880690704109216e-06
9.757303194104486696e-06
1.036721724368329598e-05
1.101001675147050725e-05
1.168713216273447653e-05
1.240003608554124241e-05
1.315024891422435371e-05
1.393932796282448334e-05
1.476887737568815407e-05
1.564054513091312653e-05
1.655602147000396891e-05
1.751703732009919520e-05
1.852537560876472267e-05
1.958285963698178981e-05
2.069134717731957614e-05
2.185275466419035805e-05
2.306903980771839638e-05
2.434219996548412108e-05
2.567427480494506055e-05
2.706735325624886175e-05
2.852357615496909596e-05
3.004511450738635197e-05
3.163420364639504449e-05
3.329310284165669387e-05
3.502413803372017792e-05
3.682966715509563627e-05
3.871211137436311950e-05
4.067392039357992881e-05
4.271761226833740028e-05
4.484575301400353653e-05
4.706095053276779835e-05
4.936586572792970521e-05
5.176324367185686774e-05
5.425583582458172124e-05
5.684651144236103432e-05
5.953816543423102997e-05
6.233375233985081944e-05
6.523631455882300989e-05
6.824898189727686610e-05
7.137491376403458300e-05
7.461737895336057434e-05
7.797973220871457878e-05
8.146541943642182659e-05
8.507794276721925757e-05
8.882095173519441824e-05
9.269820830139876612e-05
9.671351172312235242e-05
1.008708756741306478e-04
1.051743785359062264e-04
1.096282774045983306e-04
1.142369386029449277e-04
1.190049057691864351e-04
1.239368188486559012e-04
1.290376426626227489e-04
1.343123106334713761e-04
1.397661252923613280e-04
1.454045280708926157e-04
1.512331442598103084e-04
1.572579081942474021e-04
1.634848443864561369e-04
1.699203990211676423e-04
1.765711063170655984e-04
1.834439543119613890e-04
1.905460969713532984e-04
1.978849446366401008e-04
2.054682773327330778e-04
2.133042318585901508e-04
2.214012085210467599e-04
2.297679383091347336e-04
2.384135040959154371e-04
2.473474075937634031e-04
2.565794068471968802e-04
2.661196746639359826e-04
2.759788880975381836e-04
2.861678132263586897e-04
2.966978071119849483e-04
3.075806544890973102e-04
3.188282437152018868e-04
3.304532057206693700e-04
3.424681766920251755e-04
3.548864365278116772e-04
3.677214920625849039e-04
3.809871645375466766e-04
3.946977684871583549e-04
4.088674646656794017e-04
4.235114014447425787e-04
4.386442642972137500e-04
4.542815998545188770e-04
4.704385709303599526e-04
4.871308668490703956e-04
5.043739620356456083e-04
5.221838418368352245e-04
5.405759389405270614e-04
5.595663625821032869e-04
5.791702374634031614e-04
5.994030692779127052e-04
6.202798161646830939e-04
6.418156565440957893e-04
6.640246004231227170e-04
6.869207602417612977e-04
7.105170523210397812e-04
7.348263284572833457e-04
7.598603967405014601e-04
7.856298671018446811e-04
8.121447298333131374e-04
8.394139240909420131e-04
8.674444009103863618e-04
8.962426621198829038e-04
9.258129958214202570e-04
9.561585547014147136e-04
9.872803234694663751e-04
1.019177461375102203e-03
1.051847460318780340e-03
1.085284834286815358e-03
1.119482193022819068e-03
1.154430122299740990e-03
1.190115595635652833e-03
1.226523504275714048e-03
1.263635801393156411e-03
1.301431379588789466e-03
1.339885122281110879e-03
1.378970165442803099e-03
1.418655113625299493e-03
1.458905475663604782e-03
1.499682990469929610e-03
1.540945686865270552e-03
1.582646842911889645e-03
1.624738440778727023e-03
1.667165999187484671e-03
1.709872029872554168e-03
1.752794724914276403e-03
1.795869213981242949e-03
1.839025520637874384e-03
1.882189639393578489e-03
1.925284614686439315e-03
1.968228319497836425e-03
2.010936189896907721e-03
2.053318824697859639e-03
2.095283623732220688e-03
2.136734410060226602e-03
2.177572338275739466e-03
2.217693685069232427e-03
2.256994061671068873e-03
2.295364736222283049e-03
2.332695191520729912e-03
2.368872742126893957e-03
2.403781592531939546e-03
2.437305368107503100e-03
2.469325223369634500e-03
2.499721408446479651e-03
2.528373328918874334e-03
2.555158084225126955e-03
2.579952418639053918e-03
2.602632187557672640e-03
2.623071689317363862e-03
2.641142816014890610e-03
2.656715796000848166e-03
2.669657776040672021e-03
2.679829317277609459e-03
2.687087285227113091e-03
2.691275237715323471e-03
2.692226041162217118e-03
2.689753717282342051e-03
2.683643829247041139e-03
2.673654027495206333e-03
2.659492625382098817e-03
2.640821797048902367e-03
2.617233508332605669e-03
2.588258168664219275e-03
2.553357382599747913e-03
2.511948069757130152e-03
2.463449769630484711e-03
2.407352710073913486e-03
2.343340272103250702e-03
2.271435670660060507e-03
2.192175498816888168e-03
2.106791634823989602e-03
2.017347693243558542e-03
1.926795155214465222e-03
1.838907263204467204e-03
1.758064391286398836e-03
1.688882590916474013e-03
1.635738701697312097e-03
1.602251542439077879e-03
1.590810537500746613e-03
1.602251542439077879e-03
1.635738701697311446e-03
1.688882590916473579e-03
1.758064391286398836e-03
1.838907263204467204e-03
1.926795155214465222e-03
2.017347693243558542e-03
2.106791634823989602e-03
2.192175498816888168e-03
2.271435670660060507e-03
2.343340272103250702e-03
2.407352710073913486e-03
2.463449769630485144e-03
2.511948069757130152e-03
2.553357382599747913e-03
2.588258168664219275e-03
2.617233508332605669e-03
2.640821797048902367e-03
2.659492625382098817e-03
2.673654027495206333e-03
2.683643829247041139e-03
2.689753717282342051e-03
2.692226041162217118e-03
2.691275237715323471e-03
2.687087285227113091e-03
2.679829317277609459e-03
2.669657776040672455e-03
2.656715796000848166e-03
2.641142816014890610e-03
2.623071689317363862e-03
2.602632187557673508e-03
2.579952418639053918e-03
2.555158084225126955e-03
2.528373328918874334e-03
2.499721408446479651e-03
2.469325223369634500e-03
2.437305368107503100e-03
2.403781592531939546e-03
2.368872742126893957e-03
2.332695191520729912e-03
2.295364736222283049e-03
2.256994061671068873e-03
2.217693685069232427e-03
2.177572338275739032e-03
2.136734410060226602e-03
2.095283623732220254e-03
2.053318824697859639e-03
2.010936189896908154e-03
1.968228319497836425e-03
1.925284614686439315e-03
1.882189639393578489e-03
1.839025520637873950e-03
1.795869213981242949e-03
1.752794724914276403e-03
1.709872029872554601e-03
1.667165999187484671e-03
1.624738440778726806e-03
1.582646842911889428e-03
1.540945686865270552e-03
1.499682990469929610e-03
1.458905475663604782e-03
1.418655113625299493e-03
1.378970165442803099e-03
1.339885122281110879e-03
1.301431379588789466e-03
1.263635801393156411e-03
1.226523504275714048e-03
1.190115595635652833e-03
1.154430122299740990e-03
1.119482193022819068e-03
1.085284834286815358e-03
1.051847460318780340e-03
1.019177461375102203e-03
9.872803234694663751e-04
9.561585547014147136e-04
9.258129958214202570e-04
8.962426621198829038e-04
8.674444009103863618e-04
8.394139240909420131e-04
8.121447298333131374e-04
7.856298671018446811e-04
7.598603967405014601e-04
7.348263284572833457e-04
7.105170523210397812e-04
6.869207602417612977e-04
6.640246004231226086e-04
6.418156565440956808e-04
6.202798161646830939e-04
5.994030692779127052e-04
5.791702374634031614e-04
5.595663625821032869e-04
5.405759389405270614e-04
5.221838418368352245e-04
5.043739620356456083e-04
4.871308668490703956e-04
4.704385709303599526e-04
4.542815998545188770e-04
4.386442642972137500e-04
4.235114014447425787e-04
4.088674646656795101e-04
3.946977684871583549e-04
3.809871645375466766e-04
3.677214920625849039e-04
3.548864365278116772e-04
3.424681766920251755e-04
3.304532057206693700e-04
3.188282437152018868e-04
3.075806544890973102e-04
2.966978071119849483e-04
2.861678132263586897e-04
2.759788880975381836e-04
2.661196746639359826e-04
2.565794068471968802e-04
2.473474075937634031e-04
2.384135040959154371e-04
2.297679383091347336e-04
2.214012085210467599e-04
2.133042318585901508e-04
2.054682773327330778e-04
1.978849446366401008e-04
1.905460969713532984e-04
1.834439543119613890e-04
1.765711063170655984e-04
1.699203990211676423e-04
1.634848443864561369e-04
1.572579081942474021e-04
1.512331442598103084e-04
1.454045280708926157e-04
1.397661252923613280e-04
1.343123106334713761e-04
1.290376426626227489e-04
1.239368188486559012e-04
1.190049057691864351e-04
1.142369386029449277e-04
1.096282774045983306e-04
1.051743785359062264e-04
1.008708756741306478e-04
9.671351172312235242e-05
9.269820830139876612e-05
8.882095173519441824e-05
8.507794276721925757e-05
8.146541943642182659e-05
7.797973220871457878e-05
7.461737895336057434e-05
7.137491376403458300e-05
6.824898189727686610e-05
6.523631455882300989e-05
6.233375233985081944e-05
5.953816543423102997e-05
5.684651144236103432e-05
5.425583582458172124e-05
5.176324367185686774e-05
4.936586572792970521e-05
4.706095053276779835e-05
4.484575301400353653e-05
4.271761226833740028e-05
4.067392039357992881e-05
3.871211137436311950e-05
3.682966715509563627e-05
3.502413803372017792e-05
3.329310284165669387e-05
3.163420364639504449e-05
3.004511450738635197e-05
2.852357615496909596e-05
2.706735325624886175e-05
2.567427480494506055e-05
2.434219996548412108e-05
2.306903980771839638e-05
2.185275466419035805e-05
2.069134717731957614e-05
1.958285963698178981e-05
1.852537560876472267e-05
1.751703732009919520e-05
1.655602147000396891e-05
1.564054513091312653e-05
1.476887737568815407e-05
1.393932796282448334e-05
1.315024891422435371e-05
1.240003608554124241e-05
1.168713216273447653e-05
1.101001675147050725e-05
1.036721724368329598e-05
9.757303194104486696e-06
9.178880690704109216e-06
8.630606786388139140e-06
8.111169524383995966e-06
7.619309525831953832e-06
7.153797138001929127e-06
6.713450428506515045e-06
6.297122357553631663e-06
5.903708012870243937e-06
5.532138223464764646e-06
5.181383919618750647e-06
4.850451530558683997e-06
4.538385545343775107e-06
4.244263903521323572e-06
3.967201624390248265e-06
3.706347624729311834e-06
3.460884042021612154e-06
3.230025196609886502e-06
3.013019418005494832e-06
2.809143522783797740e-06
2.617707144571791731e-06
2.438048282536514281e-06
2.269533864629109643e-06
2.111558875571896991e-06
1.963545303899629920e-06
1.824941804019296166e-06
1.695221923349760547e-06
1.573884657222008197e-06
1.460451956522348522e-06
1.354469369550228227e-06
1.255504711818703853e-06
1.163147093094940931e-06
1.077006212172118263e-06
9.967119194453172577e-07
9.219132410924768127e-07
8.522775816064840265e-07
7.874900151534561856e-07
7.272525762287304787e-07
6.712841319676208619e-07
6.193185517374729422e-07
5.711052501854591455e-07
5.264078036947643601e-07
4.850037309801827080e-07
4.466836909491518401e-07
4.112510385084368602e-07
3.785212456306097233e-07
3.483212996924406319e-07
3.204894150581345466e-07
2.948742964592910283e-07
2.713349172371132986e-07
2.497397822392111188e-07
2.299669743775511145e-07
2.119032603510117025e-07
1.954440920472596499e-07
1.804930478800861701e-07
1.669616323255100483e-07
1.547688961586920141e-07
1.438412133484871182e-07
1.341119682612881904e-07
1.255213995435095375e-07
1.180162759451896343e-07
1.115497848298764011e-07
1.060813534239858677e-07
1.015764588025328831e-07
9.800652739989751923e-08
9.534885686118183468e-08
9.358647065260031871e-08
9.270809580243764120e-08
9.270809580243764120e-08
9.358647065260031871e-08
9.534885686118183468e-08
9.800652739989751923e-08
1.015764588025328831e-07
1.060813534239858809e-07
1.115497848298764011e-07
1.180162759451896343e-07
1.255213995435095375e-07
1.341119682612881904e-07
1.438412133484871182e-07
1.547688961586920141e-07
1.669616323255100483e-07
1.804930478800861701e-07
1.954440920472596499e-07
2.119032603510117025e-07
2.299669743775511145e-07
2.497397822392111188e-07
2.713349172371132986e-07
2.948742964592910283e-07
3.204894150581345466e-07
3.483212996924406319e-07
3.785212456306097233e-07
4.112510385084368602e-07
4.466836909491518401e-07
4.850037309801827080e-07
5.264078036947643601e-07
5.711052501854591455e-07
6.193185517374729422e-07
6.712841319676208619e-07
7.272525762287304787e-07
7.874900151534561856e-07
8.522775816064840265e-07
9.219132410924768127e-07
9.967119194453172577e-07
1.077006212172118263e-06
1.163147093094940931e-06
1.255504711818703853e-06
1.354469369550228227e-06
1.460451956522348522e-06
1.573884657222008197e-06
1.695221923349760547e-06
1.824941804019296166e-06
1.963545303899629920e-06
2.111558875571896991e-06
2.269533864629109643e-06
2.438048282536514281e-06
2.617707144571791731e-06
2.809143522783797740e-06
3.013019418005494832e-06
3.230025196609886502e-06
3.460884042021612154e-06
3.706347624729311834e-06
3.967201624390248265e-06
4.244263903521323572e-06
4.538385545343775107e-06
4.850451530558683997e-06
5.181383919618750647e-06
5.532138223464764646e-06
5.903708012870243937e-06
6.297122357553631663e-06
6.713450428506515045e-06
7.153797138001929127e-06
7.619309525831953832e-06
8.111169524383995966e-06
8.630606786388139140e-06
9.178880690704109216e-06
9.757303194104486696e-06
1.036721724368329598e-05
1.101001675147050725e-05
1.168713216273447653e-05
1.240003608554124241e-05
1.315024891422435371e-05
1.393932796282448334e-05
1.476887737568815407e-05
1.564054513091312653e-05
1.655602147000396891e-05
1.751703732009919520e-05
1.852537560876472267e-05
1.958285963698178981e-05
2.069134717731957614e-05
2.185275466419035805e-05
2.306903980771839638e-05
2.434219996548412108e-05
2.567427480494506055e-05
2.706735325624886175e-05
2.852357615496909596e-05
3.004511450738635197e-05
3.163420364639504449e-05
3.329310284165669387e-05
3.502413803372017792e-05
3.682966715509563627e-05
3.871211137436311950e-05
4.067392039357992881e-05
4.271761226833740028e-05
4.484575301400353653e-05
4.706095053276779835e-05
4.936586572792970521e-05
5.176324367185686774e-05
5.425583582458172124e-05
5.684651144236103432e-05
5.953816543423102997e-05
6.233375233985081944e-05
6.523631455882300989e-05
6.824898189727686610e-05
7.137491376403458300e-05
7.461737895336057434e-05
7.797973220871457878e-05
8.146541943642182659e-05
8.507794276721925757e-05
8.882095173519441824e-05
9.269820830139876612e-05
9.671351172312235242e-05
1.008708756741306478e-04
1.051743785359062264e-04
1.096282774045983306e-04
1.142369386029449277e-04
1.190049057691864351e-04
1.239368188486559012e-04
1.290376426626227489e-04
1.343123106334713761e-04
1.397661252923613280e-04
1.454045280708926157e-04
1.512331442598103084e-04
1.572579081942474021e-04
1.634848443864561369e-04
1.699203990211676423e-04
1.765711063170655984e-04
1.834439543119613890e-04
1.905460969713532984e-04
1.978849446366401008e-04
2.054682773327330778e-04
2.133042318585901508e-04
2.214012085210467599e-04
2.297679383091347336e-04
2.384135040959154371e-04
2.473474075937634031e-04
2.565794068471968802e-04
2.661196746639359826e-04
2.759788880975381836e-04
2.861678132263586897e-04
2.966978071119849483e-04
3.075806544890973102e-04
3.188282437152018868e-04
3.304532057206693700e-04
3.424681766920251755e-04
3.548864365278116772e-04
3.677214920625849039e-04
3.809871645375466766e-04
3.946977684871583549e-04
4.088674646656794017e-04
4.235114014447425787e-04
4.386442642972137500e-04
4.542815998545188770e-04
4.704385709303599526e-04
4.871308668490703956e-04
5.043739620356456083e-04
5.221838418368352245e-04
5.405759389405270614e-04
5.595663625821032869e-04
5.791702374634031614e-04
5.994030692779127052e-04
6.202798161646830939e-04
6.418156565440957893e-04
6.640246004231227170e-04
6.869207602417612977e-04
7.105170523210397812e-04
7.348263284572833457e-04
7.598603967405014601e-04
7.856298671018446811e-04
8.121447298333131374e-04
8.394139240909420131e-04
8.674444009103863618e-04
8.962426621198829038e-04
9.258129958214202570e-04
9.561585547014147136e-04
9.872803234694663751e-04
1.019177461375102203e-03
1.051847460318780340e-03
1.085284834286815358e-03
1.119482193022819068e-03
1.154430122299740990e-03
1.190115595635652833e-03
1.226523504275714048e-03
1.263635801393156411e-03
1.301431379588789466e-03
1.339885122281110879e-03
1.378970165442803099e-03
1.418655113625299493e-03
1.458905475663604782e-03
1.499682990469929610e-03
1.540945686865270552e-03
1.582646842911889645e-03
1.624738440778727023e-03
1.667165999187484671e-03
1.709872029872554168e-03
1.752794724914276403e-03
1.795869213981242949e-03
1.839025520637874384e-03
1.882189639393578489e-03
1.925284614686439315e-03
1.968228319497836425e-03
2.010936189896907721e-03
2.053318824697859639e-03
2.095283623732220688e-03
2.136734410060226602e-03
2.177572338275739466e-03
2.217693685069232427e-03
2.256994061671068873e-03
2.295364736222283049e-03
2.332695191520729912e-03
2.368872742126893957e-03
2.403781592531939546e-03
2.437305368107503100e-03
2.469325223369634500e-03
2.499721408446479651e-03
2.528373328918874334e-03
2.555158084225126955e-03
2.579952418639053918e-03
2.602632187557672640e-03
2.623071689317363862e-03
2.641142816014890610e-03
2.656715796000848166e-03
2.669657776040672021e-03
2.679829317277609459e-03
2.687087285227113091e-03
2.691275237715323471e-03
2.692226041162217118e-03
2.689753717282342051e-03
2.683643829247041139e-03
2.673654027495206333e-03
2.659492625382098817e-03
2.640821797048902367e-03
2.617233508332605669e-03
2.588258168664219275e-03
2.553357382599747913e-03
2.511948069757130152e-03
2.463449769630484711e-03
2.407352710073913486e-03
2.343340272103250702e-03
2.271435670660060507e-03
2.192175498816888168e-03
2.106791634823989602e-03
2.017347693243558542e-03
1.926795155214465222e-03
1.838907263204467204e-03
1.758064391286398836e-03
1.688882590916474013e-03
1.635738701697312097e-03
1.602251542439077879e-03
