3.731890710909759956e-04
3.679088371091160359e-04
3.523759997664934287e-04
3.274763724532295467e-04
2.945679477699142813e-04
2.553271382323385160e-04
2.115740225027140924e-04
1.651055041736685790e-04
1.175587452207082644e-04
7.031887677660214034e-05
2.447390212010157245e-05
-1.918851662689842680e-05
-6.015334452453368312e-05
-9.813244972821450938e-05
-1.330122581568532957e-04
-1.648038750278117248e-04
-1.936000396573148835e-04
-2.195423865136482422e-04
-2.427971892836441512e-04
-2.635397112796053899e-04
-2.819442901393510309e-04
-2.981788486711832594e-04
-3.124023350936711626e-04
-3.247635297562552416e-04
-3.354010695429726001e-04
-3.444436743841064420e-04
-3.520110857188807254e-04
-3.582142874435477876e-04
-3.631566809626792067e-04
-3.669341654626864335e-04
-3.696361774976386671e-04
-3.713458090206036861e-04
-3.721407045604635988e-04
-3.720929992844049261e-04
-3.712702060668968238e-04
-3.697351292033553135e-04
-3.675465282621327213e-04
-3.647592736062759094e-04
-3.614246152231303621e-04
-3.575904751879161662e-04
-3.533016967441227215e-04
-3.486002286431793846e-04
-3.435253378975634060e-04
-3.381138522443893381e-04
-3.324001812471885924e-04
-3.264166216975777500e-04
-3.201934667522454443e-04
-3.137590344536575265e-04
-3.071399834918323545e-04
-3.003612061147428063e-04
-2.934461246013682269e-04
-2.864166352210009117e-04
-2.792933195757592042e-04
-2.720954194128267101e-04
-2.648410112285823348e-04
-2.575469683870542921e-04
-2.502291240473713120e-04
-2.429022684026829455e-04
-2.355802329071376587e-04
-2.282759471903783013e-04
-2.210014001941303509e-04
-2.137678842449450213e-04
-2.065857999271835082e-04
-1.994648476286186613e-04
-1.924140097125953295e-04
-1.854416216697979175e-04
-1.785553375080476876e-04
-1.717622532990333592e-04
-1.650688565073355819e-04
-1.584810535266927380e-04
-1.520042870317138439e-04
-1.456434336693237738e-04
-1.394029523544680778e-04
-1.332867787386786689e-04
-1.272984705000987610e-04
-1.214411104752741432e-04
-1.157174493335179203e-04
-1.101298005347683734e-04
-1.046801520595637598e-04
-9.937012804360995457e-05
-9.420104692412817240e-05
-8.917388122469063912e-05
-8.428934264312453177e-05
-7.954784022651277184e-05
-7.494951808992959016e-05
-7.049426379219147967e-05
-6.618173901541811075e-05
-6.201136378964432314e-05
-5.798234603772184115e-05
-5.409369627655403724e-05
-5.034423324301062378e-05
-4.673259481082203535e-05
-4.325725996234319260e-05
-3.991653310938222986e-05
-3.670859685858199610e-05
-3.363148417647428084e-05
-3.068310184688824058e-05
-2.786125507474136457e-05
-2.516363312233673246e-05
-2.258782909866763249e-05
-2.013135665200781044e-05
-1.779164781532584040e-05
-1.556606212061502443e-05
-1.345190484652439208e-05
-1.144641571194249031e-05
-9.546802563013464325e-06
-7.750231555126756090e-06
-6.053827950297333467e-06
-4.454707607270875266e-06
-2.949958099228129550e-06
-1.536661382442882963e-06
-2.118858184829056565e-07
1.027288478472992747e-06
2.183779763431033174e-06
3.260502047937086387e-06
4.260344192446763191e-06
5.186173877964128052e-06
6.040844503143595811e-06
6.827172034443607699e-06
7.547935914104478785e-06
8.205886104544086594e-06
8.803732256258541770e-06
9.344130045774176751e-06
9.829704097643638340e-06
1.026301790199748407e-05
1.064659034340803448e-05
1.098288502002965610e-05
1.127431033455441123e-05
1.152321387090164516e-05
1.173189183817930555e-05
1.190257416236480042e-05
1.203743252480179204e-05
1.213857049489504450e-05
1.220803803961084826e-05
1.224781880720575532e-05
1.225982315117198807e-05
1.224590409350924580e-05
1.220786182543732602e-05
1.214740951058862938e-05
1.206621362543924880e-05
1.196586693310113095e-05
1.184790517535674945e-05
1.171379796407152791e-05
1.156495400551173764e-05
1.140271915651625275e-05
1.122838092894810367e-05
1.104316295826435569e-05
1.084823380296255063e-05
1.064470714070891743e-05
1.043363407749804033e-05
1.021601265341884525e-05
9.992790894275526756e-06
9.764859108756572149e-06
9.533060098243384897e-06
9.298188611834563410e-06
9.060982913188828528e-06
8.822143576499918302e-06
8.582321460302965368e-06
8.342122876741673597e-06
8.102117622631718524e-06
7.862829088532242449e-06
7.624742279923090342e-06
7.388305383323779822e-06
7.153932044207181724e-06
6.921998623297712333e-06
6.692850048267096562e-06
6.466798493893551153e-06
6.244127074352108866e-06
6.025088514173646596e-06
5.809910981555175015e-06
5.598793883753451496e-06
5.391913333414609895e-06
5.189420802263846205e-06
4.991448220878600363e-06
4.798104832681113185e-06
4.609481927606140862e-06
4.425650405242989421e-06
4.246665501206042922e-06
4.072567926625878249e-06
3.903378912493388566e-06
3.739111734454050654e-06
3.579761734033701652e-06
3.425314970596556769e-06
3.275746836878448444e-06
3.131020313415981757e-06
2.991091566314298928e-06
2.855907479806353100e-06
2.725407844815652347e-06
2.599523961789082178e-06
2.478182795597908488e-06
2.361305394871232289e-06
2.248806921850006436e-06
2.140599726222941139e-06
2.036591758708844259e-06
1.936688028806632235e-06
1.840790269199535953e-06
1.748798748649066313e-06
1.660612650052629515e-06
1.576127580380922286e-06
1.495240873214247909e-06
1.417847573173142949e-06
1.343843317240747791e-06
1.273123094062124210e-06
1.205582958518863964e-06
1.141119236942768924e-06
1.079629254363692900e-06
1.021011254632807732e-06
9.651649468394934969e-07
9.119911551249881917e-07
8.613929907434119190e-07
8.132746046672238414e-07
7.675424479693344316e-07
7.241048743111903533e-07
6.828723690003517208e-07
6.437576879737683620e-07
6.066756379871080355e-07
5.715435730668460786e-07
5.382812634788000928e-07
5.068107195473464280e-07
4.770565974503984956e-07
4.489459776163848944e-07
4.224084563932815724e-07
3.973761478798227323e-07
3.737837975078121456e-07
3.515685818664575884e-07
3.306702666773352376e-07
3.110309838600137459e-07
2.925956803316741327e-07
2.753114692482496636e-07
2.591281681250896039e-07
2.439978962016209519e-07
2.298752540115509423e-07
2.167173012996184772e-07
2.044833556920435296e-07
1.931351720384111745e-07
1.826367969505474647e-07
1.729545464730608039e-07
1.640570285062736508e-07
1.559150532145671938e-07
1.485016777860358894e-07
1.417921167937239764e-07
1.357637421268958466e-07
1.303960717138252815e-07
1.256707358423070120e-07
1.215714882707019565e-07
1.180840829624920680e-07
1.151964083827186080e-07
1.128983306493705187e-07
1.111818390440463957e-07
1.100408555889436255e-07
1.094713581845067282e-07
1.094713581845067282e-07
1.100408555889436255e-07
1.111818390440463957e-07
1.128983306493705187e-07
1.151964083827186080e-07
1.180840829624920680e-07
1.215714882707019565e-07
1.256707358423070120e-07
1.303960717138252815e-07
1.357637421268958466e-07
1.417921167937239764e-07
1.485016777860358894e-07
1.559150532145671938e-07
1.640570285062736508e-07
1.729545464730608039e-07
1.826367969505474647e-07
1.931351720384111745e-07
2.044833556920435296e-07
2.167173012996184772e-07
2.298752540115509423e-07
2.439978962016209519e-07
2.591281681250896039e-07
2.753114692482496636e-07
2.925956803316741327e-07
3.110309838600137459e-07
3.306702666773352376e-07
3.515685818664575884e-07
3.737837975078121456e-07
3.973761478798227323e-07
4.224084563932815724e-07
4.489459776163848944e-07
4.770565974503984956e-07
5.068107195473464280e-07
5.382812634788000928e-07
5.715435730668460786e-07
6.066756379871080355e-07
6.437576879737683620e-07
6.828723690003517208e-07
7.241048743111903533e-07
7.675424479693344316e-07
8.132746046672238414e-07
8.613929907434119190e-07
9.119911551249881917e-07
9.651649468394934969e-07
1.021011254632807732e-06
1.079629254363692900e-06
1.141119236942768924e-06
1.205582958518863964e-06
1.273123094062124210e-06
1.343843317240747791e-06
1.417847573173142949e-06
1.495240873214247909e-06
1.576127580380922286e-06
1.660612650052629515e-06
1.748798748649066313e-06
1.840790269199535953e-06
1.936688028806632235e-06
2.036591758708844259e-06
2.140599726222941139e-06
2.248806921850006436e-06
2.361305394871232289e-06
2.478182795597908488e-06
2.599523961789082178e-06
2.725407844815652347e-06
2.855907479806353100e-06
2.991091566314298928e-06
3.131020313415981757e-06
3.275746836878448444e-06
3.425314970596556769e-06
3.579761734033701652e-06
3.739111734454050654e-06
3.903378912493388566e-06
4.072567926625878249e-06
4.246665501206042922e-06
4.425650405242989421e-06
4.609481927606140862e-06
4.798104832681113185e-06
4.991448220878600363e-06
5.189420802263846205e-06
5.391913333414609895e-06
5.598793883753451496e-06
5.809910981555175015e-06
6.025088514173646596e-06
6.244127074352108866e-06
6.466798493893551153e-06
6.692850048267096562e-06
6.921998623297712333e-06
7.153932044207181724e-06
7.388305383323779822e-06
7.624742279923090342e-06
7.862829088532242449e-06
8.102117622631718524e-06
8.342122876741673597e-06
8.582321460302965368e-06
8.822143576499918302e-06
9.060982913188828528e-06
9.298188611834563410e-06
9.533060098243384897e-06
9.764859108756570455e-06
9.992790894275526756e-06
1.021601265341884525e-05
1.043363407749804033e-05
1.064470714070891743e-05
1.084823380296255063e-05
1.104316295826435569e-05
1.122838092894810367e-05
1.140271915651625275e-05
1.156495400551173764e-05
1.171379796407152622e-05
1.184790517535674945e-05
1.196586693310113095e-05
1.206621362543924880e-05
1.214740951058862938e-05
1.220786182543732602e-05
1.224590409350924580e-05
1.225982315117198807e-05
1.224781880720575532e-05
1.220803803961084826e-05
1.213857049489504450e-05
1.203743252480179204e-05
1.190257416236480042e-05
1.173189183817930216e-05
1.152321387090164855e-05
1.127431033455441123e-05
1.098288502002965610e-05
1.064659034340803448e-05
1.026301790199748407e-05
9.829704097643638340e-06
9.344130045774176751e-06
8.803732256258541770e-06
8.205886104544086594e-06
7.547935914104478785e-06
6.827172034443607699e-06
6.040844503143599199e-06
5.186173877964128052e-06
4.260344192446763191e-06
3.260502047937088081e-06
2.183779763431033174e-06
1.027288478472992747e-06
-2.118858184829056565e-07
-1.536661382442882963e-06
-2.949958099228129550e-06
-4.454707607270875266e-06
-6.053827950297333467e-06
-7.750231555126756090e-06
-9.546802563013464325e-06
-1.144641571194248692e-05
-1.345190484652439208e-05
-1.556606212061502443e-05
-1.779164781532584040e-05
-2.013135665200781044e-05
-2.258782909866763249e-05
-2.516363312233673246e-05
-2.786125507474136457e-05
-3.068310184688824058e-05
-3.363148417647428084e-05
-3.670859685858199610e-05
-3.991653310938222986e-05
-4.325725996234319260e-05
-4.673259481082203535e-05
-5.034423324301062378e-05
-5.409369627655403724e-05
-5.798234603772184115e-05
-6.201136378964432314e-05
-6.618173901541811075e-05
-7.049426379219147967e-05
-7.494951808992959016e-05
-7.954784022651277184e-05
-8.428934264312455888e-05
-8.917388122469063912e-05
-9.420104692412817240e-05
-9.937012804360995457e-05
-1.046801520595637598e-04
-1.101298005347683734e-04
-1.157174493335179203e-04
-1.214411104752741432e-04
-1.272984705000987610e-04
-1.332867787386786689e-04
-1.394029523544680778e-04
-1.456434336693237738e-04
-1.520042870317138439e-04
-1.584810535266927380e-04
-1.650688565073355819e-04
-1.717622532990334134e-04
-1.785553375080476876e-04
-1.854416216697979175e-04
-1.924140097125953295e-04
-1.994648476286186613e-04
-2.065857999271835082e-04
-2.137678842449450213e-04
-2.210014001941303509e-04
-2.282759471903783013e-04
-2.355802329071376587e-04
-2.429022684026829455e-04
-2.502291240473713120e-04
-2.575469683870542921e-04
-2.648410112285823348e-04
-2.720954194128266559e-04
-2.792933195757592042e-04
-2.864166352210009117e-04
-2.934461246013682269e-04
-3.003612061147428063e-04
-3.071399834918323545e-04
-3.137590344536575265e-04
-3.201934667522454443e-04
-3.264166216975777500e-04
-3.324001812471885924e-04
-3.381138522443893381e-04
-3.435253378975634060e-04
-3.486002286431793846e-04
-3.533016967441227215e-04
-3.575904751879161662e-04
-3.614246152231303621e-04
-3.647592736062759094e-04
-3.675465282621327213e-04
-3.697351292033552051e-04
-3.712702060668968238e-04
-3.720929992844049261e-04
-3.721407045604635988e-04
-3.713458090206036861e-04
-3.696361774976387213e-04
-3.669341654626864335e-04
-3.631566809626792067e-04
-3.582142874435477876e-04
-3.520110857188807254e-04
-3.444436743841064420e-04
-3.354010695429726001e-04
-3.247635297562551874e-04
-3.124023350936711626e-04
-2.981788486711831510e-04
-2.819442901393510309e-04
-2.635397112796053899e-04
-2.427971892836440699e-04
-2.195423865136482422e-04
-1.936000396573148835e-04
-1.648038750278117519e-04
-1.330122581568533499e-04
-9.813244972821450938e-05
-6.015334452453359503e-05
-1.918851662689842680e-05
2.447390212010148774e-05
7.031887677660205902e-05
1.175587452207082644e-04
1.651055041736685790e-04
2.115740225027140924e-04
2.553271382323385160e-04
2.945679477699142813e-04
3.274763724532295467e-04
3.523759997664934287e-04
3.679088371091160359e-04
3.731890710909759956e-04
3.679088371091160359e-04
3.523759997664934287e-04
3.274763724532295467e-04
2.945679477699142813e-04
2.553271382323385160e-04
2.115740225027140924e-04
1.651055041736685790e-04
1.175587452207082644e-04
7.031887677660214034e-05
2.447390212010157245e-05
-1.918851662689842680e-05
-6.015334452453368312e-05
-9.813244972821450938e-05
-1.330122581568532957e-04
-1.648038750278117248e-04
-1.936000396573148835e-04
-2.195423865136482422e-04
-2.427971892836441512e-04
-2.635397112796053899e-04
-2.819442901393510309e-04
-2.981788486711832594e-04
-3.124023350936711626e-04
-3.247635297562552416e-04
-3.354010695429726001e-04
-3.444436743841064420e-04
-3.520110857188807254e-04
-3.582142874435477876e-04
-3.631566809626792067e-04
-3.669341654626864335e-04
-3.696361774976386671e-04
-3.713458090206036861e-04
-3.721407045604635988e-04
-3.720929992844049261e-04
-3.712702060668968238e-04
-3.697351292033553135e-04
-3.675465282621327213e-04
-3.647592736062759094e-04
-3.614246152231303621e-04
-3.575904751879161662e-04
-3.533016967441227215e-04
-3.486002286431793846e-04
-3.435253378975634060e-04
-3.381138522443893381e-04
-3.324001812471885924e-04
-3.264166216975777500e-04
-3.201934667522454443e-04
-3.137590344536575265e-04
-3.071399834918323545e-04
-3.003612061147428063e-04
-2.934461246013682269e-04
-2.864166352210009117e-04
-2.792933195757592042e-04
-2.720954194128267101e-04
-2.648410112285823348e-04
-2.575469683870542921e-04
-2.502291240473713120e-04
-2.429022684026829455e-04
-2.355802329071376587e-04
-2.282759471903783013e-04
-2.210014001941303509e-04
-2.137678842449450213e-04
-2.065857999271835082e-04
-1.994648476286186613e-04
-1.924140097125953295e-04
-1.854416216697979175e-04
-1.785553375080476876e-04
-1.717622532990333592e-04
-1.650688565073355819e-04
-1.584810535266927380e-04
-1.520042870317138439e-04
-1.456434336693237738e-04
-1.394029523544680778e-04
-1.332867787386786689e-04
-1.272984705000987610e-04
-1.214411104752741432e-04
-1.157174493335179203e-04
-1.101298005347683734e-04
-1.046801520595637598e-04
-9.937012804360995457e-05
-9.420104692412817240e-05
-8.917388122469063912e-05
-8.428934264312453177e-05
-7.954784022651277184e-05
-7.494951808992959016e-05
-7.049426379219147967e-05
-6.618173901541811075e-05
-6.201136378964432314e-05
-5.798234603772184115e-05
-5.409369627655403724e-05
-5.034423324301062378e-05
-4.673259481082203535e-05
-4.325725996234319260e-05
-3.991653310938222986e-05
-3.670859685858199610e-05
-3.363148417647428084e-05
-3.068310184688824058e-05
-2.786125507474136457e-05
-2.516363312233673246e-05
-2.258782909866763249e-05
-2.013135665200781044e-05
-1.779164781532584040e-05
-1.556606212061502443e-05
-1.345190484652439208e-05
-1.144641571194249031e-05
-9.546802563013464325e-06
-7.750231555126756090e-06
-6.053827950297333467e-06
-4.454707607270875266e-06
-2.949958099228129550e-06
-1.536661382442882963e-06
-2.118858184829056565e-07
1.027288478472992747e-06
2.183779763431033174e-06
3.260502047937086387e-06
4.260344192446763191e-06
5.186173877964128052e-06
6.040844503143595811e-06
6.827172034443607699e-06
7.547935914104478785e-06
8.205886104544086594e-06
8.803732256258541770e-06
9.344130045774176751e-06
9.829704097643638340e-06
1.026301790199748407e-05
1.064659034340803448e-05
1.098288502002965610e-05
1.127431033455441123e-05
1.152321387090164516e-05
1.173189183817930555e-05
1.190257416236480042e-05
1.203743252480179204e-05
1.213857049489504450e-05
1.220803803961084826e-05
1.224781880720575532e-05
1.225982315117198807e-05
1.224590409350924580e-05
1.220786182543732602e-05
1.214740951058862938e-05
1.206621362543924880e-05
1.196586693310113095e-05
1.184790517535674945e-05
1.171379796407152791e-05
1.156495400551173764e-05
1.140271915651625275e-05
1.122838092894810367e-05
1.104316295826435569e-05
1.084823380296255063e-05
1.064470714070891743e-05
1.043363407749804033e-05
1.021601265341884525e-05
9.992790894275526756e-06
9.764859108756572149e-06
9.533060098243384897e-06
9.298188611834563410e-06
9.060982913188828528e-06
8.822143576499918302e-06
8.582321460302965368e-06
8.342122876741673597e-06
8.102117622631718524e-06
7.862829088532242449e-06
7.624742279923090342e-06
7.388305383323779822e-06
7.153932044207181724e-06
6.921998623297712333e-06
6.692850048267096562e-06
6.466798493893551153e-06
6.244127074352108866e-06
6.025088514173646596e-06
5.809910981555175015e-06
5.598793883753451496e-06
5.391913333414609895e-06
5.189420802263846205e-06
4.991448220878600363e-06
4.798104832681113185e-06
4.609481927606140862e-06
4.425650405242989421e-06
4.246665501206042922e-06
4.072567926625878249e-06
3.903378912493388566e-06
3.739111734454050654e-06
3.579761734033701652e-06
3.425314970596556769e-06
3.275746836878448444e-06
3.131020313415981757e-06
2.991091566314298928e-06
2.855907479806353100e-06
2.725407844815652347e-06
2.599523961789082178e-06
2.478182795597908488e-06
2.361305394871232289e-06
2.248806921850006436e-06
2.140599726222941139e-06
2.036591758708844259e-06
1.936688028806632235e-06
1.840790269199535953e-06
1.748798748649066313e-06
1.660612650052629515e-06
1.576127580380922286e-06
1.495240873214247909e-06
1.417847573173142949e-06
1.343843317240747791e-06
1.273123094062124210e-06
1.205582958518863964e-06
1.141119236942768924e-06
1.079629254363692900e-06
1.021011254632807732e-06
9.651649468394934969e-07
9.119911551249881917e-07
8.613929907434119190e-07
8.132746046672238414e-07
7.675424479693344316e-07
7.241048743111903533e-07
6.828723690003517208e-07
6.437576879737683620e-07
6.066756379871080355e-07
5.715435730668460786e-07
5.382812634788000928e-07
5.068107195473464280e-07
4.770565974503984956e-07
4.489459776163848944e-07
4.224084563932815724e-07
3.973761478798227323e-07
3.737837975078121456e-07
3.515685818664575884e-07
3.306702666773352376e-07
3.110309838600137459e-07
2.925956803316741327e-07
2.753114692482496636e-07
2.591281681250896039e-07
2.439978962016209519e-07
2.298752540115509423e-07
2.167173012996184772e-07
2.044833556920435296e-07
1.931351720384111745e-07
1.826367969505474647e-07
1.729545464730608039e-07
1.640570285062736508e-07
1.559150532145671938e-07
1.485016777860358894e-07
1.417921167937239764e-07
1.357637421268958466e-07
1.303960717138252815e-07
1.256707358423070120e-07
1.215714882707019565e-07
1.180840829624920680e-07
1.151964083827186080e-07
1.128983306493705187e-07
1.111818390440463957e-07
1.100408555889436255e-07
1.094713581845067282e-07
1.094713581845067282e-07
1.100408555889436255e-07
1.111818390440463957e-07
1.128983306493705187e-07
1.151964083827186080e-07
1.180840829624920680e-07
1.215714882707019565e-07
1.256707358423070120e-07
1.303960717138252815e-07
1.357637421268958466e-07
1.417921167937239764e-07
1.485016777860358894e-07
1.559150532145671938e-07
1.640570285062736508e-07
1.729545464730608039e-07
1.826367969505474647e-07
1.931351720384111745e-07
2.044833556920435296e-07
2.167173012996184772e-07
2.298752540115509423e-07
2.439978962016209519e-07
2.591281681250896039e-07
2.753114692482496636e-07
2.925956803316741327e-07
3.110309838600137459e-07
3.306702666773352376e-07
3.515685818664575884e-07
3.737837975078121456e-07
3.973761478798227323e-07
4.224084563932815724e-07
4.489459776163848944e-07
4.770565974503984956e-07
5.068107195473464280e-07
5.382812634788000928e-07
5.715435730668460786e-07
6.066756379871080355e-07
6.437576879737683620e-07
6.828723690003517208e-07
7.241048743111903533e-07
7.675424479693344316e-07
8.132746046672238414e-07
8.613929907434119190e-07
9.119911551249881917e-07
9.651649468394934969e-07
1.021011254632807732e-06
1.079629254363692900e-06
1.141119236942768924e-06
1.205582958518863964e-06
1.273123094062124210e-06
1.343843317240747791e-06
1.417847573173142949e-06
1.495240873214247909e-06
1.576127580380922286e-06
1.660612650052629515e-06
1.748798748649066313e-06
1.840790269199535953e-06
1.936688028806632235e-06
2.036591758708844259e-06
2.140599726222941139e-06
2.248806921850006436e-06
2.361305394871232289e-06
2.478182795597908488e-06
2.599523961789082178e-06
2.725407844815652347e-06
2.855907479806353100e-06
2.991091566314298928e-06
3.131020313415981757e-06
3.275746836878448444e-06
3.425314970596556769e-06
3.579761734033701652e-06
3.739111734454050654e-06
3.903378912493388566e-06
4.072567926625878249e-06
4.246665501206042922e-06
4.425650405242989421e-06
4.609481927606140862e-06
4.798104832681113185e-06
4.991448220878600363e-06
5.189420802263846205e-06
5.391913333414609895e-06
5.598793883753451496e-06
5.809910981555175015e-06
6.025088514173646596e-06
6.244127074352108866e-06
6.466798493893551153e-06
6.692850048267096562e-06
6.921998623297712333e-06
7.153932044207181724e-06
7.388305383323779822e-06
7.624742279923090342e-06
7.862829088532242449e-06
8.102117622631718524e-06
8.342122876741673597e-06
8.582321460302965368e-06
8.822143576499918302e-06
9.060982913188828528e-06
9.298188611834563410e-06
9.533060098243384897e-06
9.764859108756570455e-06
9.992790894275526756e-06
1.021601265341884525e-05
1.043363407749804033e-05
1.064470714070891743e-05
1.084823380296255063e-05
1.104316295826435569e-05
1.122838092894810367e-05
1.140271915651625275e-05
1.156495400551173764e-05
1.171379796407152622e-05
1.184790517535674945e-05
1.196586693310113095e-05
1.206621362543924880e-05
1.214740951058862938e-05
1.220786182543732602e-05
1.224590409350924580e-05
1.225982315117198807e-05
1.224781880720575532e-05
1.220803803961084826e-05
1.213857049489504450e-05
1.203743252480179204e-05
1.190257416236480042e-05
1.173189183817930216e-05
1.152321387090164855e-05
1.127431033455441123e-05
1.098288502002965610e-05
1.064659034340803448e-05
1.026301790199748407e-05
9.829704097643638340e-06
9.344130045774176751e-06
8.803732256258541770e-06
8.205886104544086594e-06
7.547935914104478785e-06
6.827172034443607699e-06
6.040844503143599199e-06
5.186173877964128052e-06
4.260344192446763191e-06
3.260502047937088081e-06
2.183779763431033174e-06
1.027288478472992747e-06
-2.118858184829056565e-07
-1.536661382442882963e-06
-2.949958099228129550e-06
-4.454707607270875266e-06
-6.053827950297333467e-06
-7.750231555126756090e-06
-9.546802563013464325e-06
-1.144641571194248692e-05
-1.345190484652439208e-05
-1.556606212061502443e-05
-1.779164781532584040e-05
-2.013135665200781044e-05
-2.258782909866763249e-05
-2.516363312233673246e-05
-2.786125507474136457e-05
-3.068310184688824058e-05
-3.363148417647428084e-05
-3.670859685858199610e-05
-3.991653310938222986e-05
-4.325725996234319260e-05
-4.673259481082203535e-05
-5.034423324301062378e-05
-5.409369627655403724e-05
-5.798234603772184115e-05
-6.201136378964432314e-05
-6.618173901541811075e-05
-7.049426379219147967e-05
-7.494951808992959016e-05
-7.954784022651277184e-05
-8.428934264312455888e-05
-8.917388122469063912e-05
-9.420104692412817240e-05
-9.937012804360995457e-05
-1.046801520595637598e-04
-1.101298005347683734e-04
-1.157174493335179203e-04
-1.214411104752741432e-04
-1.272984705000987610e-04
-1.332867787386786689e-04
-1.394029523544680778e-04
-1.456434336693237738e-04
-1.520042870317138439e-04
-1.584810535266927380e-04
-1.650688565073355819e-04
-1.717622532990334134e-04
-1.785553375080476876e-04
-1.854416216697979175e-04
-1.924140097125953295e-04
-1.994648476286186613e-04
-2.065857999271835082e-04
-2.137678842449450213e-04
-2.210014001941303509e-04
-2.282759471903783013e-04
-2.355802329071376587e-04
-2.429022684026829455e-04
-2.502291240473713120e-04
-2.575469683870542921e-04
-2.648410112285823348e-04
-2.720954194128266559e-04
-2.792933195757592042e-04
-2.864166352210009117e-04
-2.934461246013682269e-04
-3.003612061147428063e-04
-3.071399834918323545e-04
-3.137590344536575265e-04
-3.201934667522454443e-04
-3.264166216975777500e-04
-3.324001812471885924e-04
-3.381138522443893381e-04
-3.435253378975634060e-04
-3.486002286431793846e-04
-3.533016967441227215e-04
-3.575904751879161662e-04
-3.614246152231303621e-04
-3.647592736062759094e-04
-3.675465282621327213e-04
-3.697351292033552051e-04
-3.712702060668968238e-04
-3.720929992844049261e-04
-3.721407045604635988e-04
-3.713458090206036861e-04
-3.696361774976387213e-04
-3.669341654626864335e-04
-3.631566809626792067e-04
-3.582142874435477876e-04
-3.520110857188807254e-04
-3.444436743841064420e-04
-3.354010695429726001e-04
-3.247635297562551874e-04
-3.124023350936711626e-04
-2.981788486711831510e-04
-2.819442901393510309e-04
-2.635397112796053899e-04
-2.427971892836440699e-04
-2.195423865136482422e-04
-1.936000396573148835e-04
-1.648038750278117519e-04
-1.330122581568533499e-04
-9.813244972821450938e-05
-6.015334452453359503e-05
-1.918851662689842680e-05
2.447390212010148774e-05
7.031887677660205902e-05
1.175587452207082644e-04
1.651055041736685790e-04
2.115740225027140924e-04
2.553271382323385160e-04
2.945679477699142813e-04
3.274763724532295467e-04
3.523759997664934287e-04
3.679088371091160359e-04
