6.794732670065461325e-20
-3.000675293359931681e-04
-5.821870007812624936e-04
-8.305938700238355487e-04
-1.033462816045997885e-03
-1.183923030671959033e-03
-1.280211646798252610e-03
-1.325048787555528282e-03
-1.324473756602144708e-03
-1.286455851783097114e-03
-1.219571875453219706e-03
-1.131960042002864292e-03
-1.030646462638117348e-03
-9.212387119825142913e-04
-8.079098492322136236e-04
-6.935708794738066219e-04
-5.801294235339028021e-04
-4.687608917079017770e-04
-3.601448207362517606e-04
-2.546476752698607969e-04
-1.524525695575205280e-04
-5.364176509904452768e-05
4.175325534396945716e-05
1.337240229401327805e-04
2.222717816162260473e-04
3.074006476356891545e-04
3.891156904961801891e-04
4.674219550148536392e-04
5.423257938672735364e-04
6.138343852583360346e-04
6.819561168459303390e-04
7.467020567269422836e-04
8.080848883416767324e-04
8.661209595253414060e-04
9.208286665904933613e-04
9.722298379540467725e-04
1.020349501727827075e-03
1.065216069076451713e-03
1.106861649551540592e-03
1.145321779146498981e-03
1.180635720084563349e-03
1.212846321923873255e-03
1.242000312507927570e-03
1.268148007481314371e-03
1.291343595503083612e-03
1.311644698390127244e-03
1.329112507694218395e-03
1.343812064273505356e-03
1.355811090793450618e-03
1.365181136342516087e-03
1.371996262420197444e-03
1.376334041479639059e-03
1.378274386407494622e-03
1.377899825499749207e-03
1.375294765337529024e-03
1.370546488646918765e-03
1.363743405472984125e-03
1.354975617921482444e-03
1.344335051669835832e-03
1.331913853184238643e-03
1.317805823709352047e-03
1.302104817975035037e-03
1.284905312388598311e-03
1.266301528405911966e-03
1.246387858057328808e-03
1.225257989325458140e-03
1.203005189181445946e-03
1.179721431108735627e-03
1.155497824902988703e-03
1.130424107848101859e-03
1.104588787592184710e-03
1.078077984958432942e-03
1.050976518759769640e-03
1.023366678492584111e-03
9.953290221278458718e-04
9.669412231620445322e-04
9.382787981244728338e-04
9.094144615678546742e-04
8.804183494076633920e-04
8.513578093895279083e-04
8.222971923589234315e-04
7.932979334298588970e-04
7.644184892734574681e-04
7.357142760451118417e-04
7.072376801804183821e-04
6.790380697149623994e-04
6.511615892080488150e-04
6.236513165123172466e-04
5.965475283266859002e-04
5.698872070283799406e-04
5.437045236272961424e-04
5.180305618927371443e-04
4.928936209185965939e-04
4.683191201987120674e-04
4.443297938963309797e-04
4.209455236773703909e-04
3.981838220898165017e-04
3.760594845590448381e-04
3.545848918548431426e-04
3.337701678356475043e-04
3.136230840084433926e-04
2.941493976070057564e-04
2.753526111398770155e-04
2.572345268462564107e-04
2.397948249988167814e-04
2.230316539395230829e-04
2.069413704330456028e-04
1.915189122168109101e-04
1.767577364980653495e-04
1.626498846169157784e-04
1.491863355154523531e-04
1.363567624877126650e-04
1.241499311291485502e-04
1.125535818858254983e-04
1.015546375443799975e-04
9.113922965232231486e-05
8.129294145193483663e-05
7.200056252932337652e-05
6.324659310490196704e-05
5.501495282778091461e-05
4.728927657675273220e-05
4.005291627228061227e-05
3.328898303621656682e-05
2.698045455619201238e-05
2.111022341916493961e-05
1.566117904127532019e-05
1.061616959238987308e-05
5.958188984103863006e-06
1.670309814918869752e-06
-2.264217194306377925e-06
-5.861947941276957638e-06
-9.139182193613640414e-06
-1.211196014844240457e-05
-1.479600767115546428e-05
-1.720672091607501324e-05
-1.935913306863060328e-05
-2.126793435776590341e-05
-2.294736235211175806e-05
-2.441127991796976490e-05
-2.567311553725308733e-05
-2.674587945075508139e-05
-2.764209861946575057e-05
-2.837388509929711521e-05
-2.895287126186850529e-05
-2.939021968031103947e-05
-2.969668960119466815e-05
-2.988252506179569083e-05
-2.995752382419773722e-05
-2.993104089108903631e-05
-2.981197403590707246e-05
-2.960878329823584228e-05
-2.932950151840619035e-05
-2.898171331635057284e-05
-2.857259738703535408e-05
-2.810892819470454414e-05
-2.759707320524700297e-05
-2.704301953725173494e-05
-2.645237807126581245e-05
-2.583038082642418623e-05
-2.518194162938714272e-05
-2.451160613076272784e-05
-2.382361028710971258e-05
-2.312186432816689752e-05
-2.240998870955333462e-05
-2.169131394815175648e-05
-2.096889855336507569e-05
-2.024553568529872155e-05
-1.952377112763180371e-05
-1.880592127837566686e-05
-1.809407534388627443e-05
-1.739010319482179231e-05
-1.669568921336108403e-05
-1.601232210187740544e-05
-1.534131632764856848e-05
-1.468381889330683234e-05
-1.404082853971820577e-05
-1.341319462506749672e-05
-1.280163182293721569e-05
-1.220673256670057177e-05
-1.162897159201713149e-05
-1.106871951910321158e-05
-1.052624853179377330e-05
-1.000173918875637560e-05
-9.495290625330651742e-06
-9.006925109611011907e-06
-8.536598812014614774e-06
-8.084206928317657015e-06
-7.649586544307387297e-06
-7.232527407176177556e-06
-6.832773661046170175e-06
-6.450032359270015721e-06
-6.083974634681929919e-06
-5.734241952027617312e-06
-5.400453489212844509e-06
-5.082202787597198322e-06
-4.779068520023358478e-06
-4.490613680586519822e-06
-4.216389856061113036e-06
-3.955941213850330445e-06
-3.708803970826885176e-06
-3.474512637940755805e-06
-3.252599769059744520e-06
-3.042597685211048702e-06
-2.844042456593396618e-06
-2.656472518302450841e-06
-2.479432367567106053e-06
-2.312473153705228842e-06
-2.155153408103942060e-06
-2.007040196620476331e-06
-1.867710412057697342e-06
-1.736750230135193365e-06
-1.613757670508327644e-06
-1.498340638807514354e-06
-1.390119626842654928e-06
-1.288726458642869303e-06
-1.193805012192891086e-06
-1.105011869700978391e-06
-1.022015202199041521e-06
-9.444959123215338268e-07
-8.721470114892240432e-07
-8.046737022941689315e-07
-7.417930366305327838e-07
-6.832339261305295886e-07
-6.287369401939603486e-07
-5.780538563477097012e-07
-5.309475983055906889e-07
-4.871917852348842747e-07
-4.465703864117931987e-07
-4.088774812948258185e-07
-3.739168073750518031e-07
-3.415014487960177335e-07
-3.114533481001848548e-07
-2.836030823342063071e-07
-2.577892152537817570e-07
-2.338580904174460111e-07
-2.116633945564829718e-07
-1.910655618354008762e-07
-1.719315661204513620e-07
-1.541343953442102603e-07
-1.375526844889083232e-07
-1.220701365925798270e-07
-1.075753494855828832e-07
-9.396119233227927106e-08
-8.112449087051751446e-08
-6.896553603663983415e-08
-5.738773366041350517e-08
-4.629718346512847232e-08
-3.560220062344487062e-08
-2.521297401417906072e-08
-1.504112404485408574e-08
-4.999284694550878621e-09
4.999284694550878621e-09
1.504112404485408574e-08
2.521297401417906072e-08
3.560220062344487062e-08
4.629718346512847232e-08
5.738773366041350517e-08
6.896553603663983415e-08
8.112449087051751446e-08
9.396119233227927106e-08
1.075753494855828832e-07
1.220701365925798270e-07
1.375526844889083232e-07
1.541343953442102603e-07
1.719315661204513620e-07
1.910655618354008762e-07
2.116633945564829718e-07
2.338580904174460111e-07
2.577892152537817570e-07
2.836030823342063071e-07
3.114533481001848548e-07
3.415014487960177335e-07
3.739168073750518031e-07
4.088774812948258185e-07
4.465703864117931987e-07
4.871917852348842747e-07
5.309475983055906889e-07
5.780538563477097012e-07
6.287369401939603486e-07
6.832339261305295886e-07
7.417930366305327838e-07
8.046737022941689315e-07
8.721470114892240432e-07
9.444959123215338268e-07
1.022015202199041521e-06
1.105011869700978391e-06
1.193805012192891086e-06
1.288726458642869303e-06
1.390119626842654928e-06
1.498340638807514354e-06
1.613757670508327644e-06
1.736750230135193365e-06
1.867710412057697342e-06
2.007040196620476331e-06
2.155153408103942060e-06
2.312473153705228842e-06
2.479432367567106053e-06
2.656472518302450841e-06
2.844042456593396618e-06
3.042597685211048702e-06
3.252599769059744520e-06
3.474512637940755805e-06
3.708803970826885176e-06
3.955941213850330445e-06
4.216389856061113036e-06
4.490613680586519822e-06
4.779068520023358478e-06
5.082202787597198322e-06
5.400453489212844509e-06
5.734241952027617312e-06
6.083974634681929919e-06
6.450032359270015721e-06
6.832773661046170175e-06
7.232527407176177556e-06
7.649586544307387297e-06
8.084206928317657015e-06
8.536598812014614774e-06
9.006925109611011907e-06
9.495290625330651742e-06
1.000173918875637560e-05
1.052624853179377330e-05
1.106871951910321158e-05
1.162897159201713149e-05
1.220673256670057177e-05
1.280163182293721569e-05
1.341319462506749672e-05
1.404082853971820577e-05
1.468381889330683234e-05
1.534131632764856848e-05
1.601232210187740544e-05
1.669568921336108403e-05
1.739010319482179231e-05
1.809407534388627443e-05
1.880592127837566347e-05
1.952377112763180371e-05
2.024553568529872155e-05
2.096889855336507569e-05
2.169131394815175648e-05
2.240998870955333462e-05
2.312186432816689752e-05
2.382361028710971258e-05
2.451160613076272784e-05
2.518194162938714272e-05
2.583038082642418623e-05
2.645237807126581245e-05
2.704301953725173494e-05
2.759707320524700297e-05
2.810892819470454414e-05
2.857259738703535408e-05
2.898171331635057284e-05
2.932950151840619035e-05
2.960878329823584228e-05
2.981197403590707246e-05
2.993104089108903631e-05
2.995752382419773722e-05
2.988252506179569083e-05
2.969668960119466815e-05
2.939021968031103947e-05
2.895287126186850529e-05
2.837388509929711521e-05
2.764209861946575057e-05
2.674587945075508139e-05
2.567311553725308733e-05
2.441127991796976490e-05
2.294736235211175806e-05
2.126793435776590341e-05
1.935913306863060328e-05
1.720672091607501324e-05
1.479600767115546767e-05
1.211196014844240795e-05
9.139182193613638720e-06
5.861947941276956791e-06
2.264217194306378349e-06
-1.670309814918871234e-06
-5.958188984103863853e-06
-1.061616959238987478e-05
-1.566117904127532019e-05
-2.111022341916493622e-05
-2.698045455619200899e-05
-3.328898303621656682e-05
-4.005291627228061227e-05
-4.728927657675273220e-05
-5.501495282778091461e-05
-6.324659310490196704e-05
-7.200056252932337652e-05
-8.129294145193483663e-05
-9.113922965232231486e-05
-1.015546375443799975e-04
-1.125535818858254983e-04
-1.241499311291485502e-04
-1.363567624877126650e-04
-1.491863355154523531e-04
-1.626498846169157784e-04
-1.767577364980653495e-04
-1.915189122168109101e-04
-2.069413704330456028e-04
-2.230316539395230829e-04
-2.397948249988167814e-04
-2.572345268462564107e-04
-2.753526111398770155e-04
-2.941493976070057564e-04
-3.136230840084433926e-04
-3.337701678356475043e-04
-3.545848918548431426e-04
-3.760594845590448381e-04
-3.981838220898165017e-04
-4.209455236773703909e-04
-4.443297938963309797e-04
-4.683191201987121216e-04
-4.928936209185965939e-04
-5.180305618927371443e-04
-5.437045236272961424e-04
-5.698872070283799406e-04
-5.965475283266859002e-04
-6.236513165123172466e-04
-6.511615892080488150e-04
-6.790380697149623994e-04
-7.072376801804183821e-04
-7.357142760451118417e-04
-7.644184892734574681e-04
-7.932979334298588970e-04
-8.222971923589234315e-04
-8.513578093895279083e-04
-8.804183494076633920e-04
-9.094144615678546742e-04
-9.382787981244728338e-04
-9.669412231620445322e-04
-9.953290221278458718e-04
-1.023366678492584111e-03
-1.050976518759769640e-03
-1.078077984958432942e-03
-1.104588787592184493e-03
-1.130424107848101859e-03
-1.155497824902988703e-03
-1.179721431108735627e-03
-1.203005189181445946e-03
-1.225257989325458357e-03
-1.246387858057328808e-03
-1.266301528405911966e-03
-1.284905312388598311e-03
-1.302104817975035253e-03
-1.317805823709352047e-03
-1.331913853184238643e-03
-1.344335051669835832e-03
-1.354975617921482444e-03
-1.363743405472984125e-03
-1.370546488646918765e-03
-1.375294765337529024e-03
-1.377899825499749207e-03
-1.378274386407494622e-03
-1.376334041479639059e-03
-1.371996262420197444e-03
-1.365181136342516087e-03
-1.355811090793450618e-03
-1.343812064273505356e-03
-1.329112507694218395e-03
-1.311644698390127244e-03
-1.291343595503084045e-03
-1.268148007481314371e-03
-1.242000312507928004e-03
-1.212846321923873255e-03
-1.180635720084563349e-03
-1.145321779146498981e-03
-1.106861649551540375e-03
-1.065216069076451930e-03
-1.020349501727827075e-03
-9.722298379540467725e-04
-9.208286665904933613e-04
-8.661209595253416228e-04
-8.080848883416769492e-04
-7.467020567269422836e-04
-6.819561168459301222e-04
-6.138343852583360346e-04
-5.423257938672733196e-04
-4.674219550148534766e-04
-3.891156904961799181e-04
-3.074006476356891545e-04
-2.222717816162257762e-04
-1.337240229401327805e-04
-4.175325534396932164e-05
5.364176509904506300e-05
1.524525695575202570e-04
2.546476752698610679e-04
3.601448207362517606e-04
4.687608917079020480e-04
5.801294235339028021e-04
6.935708794738066219e-04
8.079098492322134067e-04
9.212387119825140745e-04
1.030646462638116915e-03
1.131960042002864509e-03
1.219571875453219706e-03
1.286455851783097548e-03
1.324473756602144491e-03
1.325048787555528282e-03
1.280211646798252393e-03
1.183923030671959033e-03
1.033462816045997669e-03
8.305938700238353319e-04
5.821870007812624936e-04
3.000675293359933308e-04
6.794732670065461325e-20
-3.000675293359931681e-04
-5.821870007812624936e-04
-8.305938700238355487e-04
-1.033462816045997885e-03
-1.183923030671959033e-03
-1.280211646798252610e-03
-1.325048787555528282e-03
-1.324473756602144708e-03
-1.286455851783097114e-03
-1.219571875453219706e-03
-1.131960042002864292e-03
-1.030646462638117348e-03
-9.212387119825142913e-04
-8.079098492322136236e-04
-6.935708794738066219e-04
-5.801294235339028021e-04
-4.687608917079017770e-04
-3.601448207362517606e-04
-2.546476752698607969e-04
-1.524525695575205280e-04
-5.364176509904452768e-05
4.175325534396945716e-05
1.337240229401327805e-04
2.222717816162260473e-04
3.074006476356891545e-04
3.891156904961801891e-04
4.674219550148536392e-04
5.423257938672735364e-04
6.138343852583360346e-04
6.819561168459303390e-04
7.467020567269422836e-04
8.080848883416767324e-04
8.661209595253414060e-04
9.208286665904933613e-04
9.722298379540467725e-04
1.020349501727827075e-03
1.065216069076451713e-03
1.106861649551540592e-03
1.145321779146498981e-03
1.180635720084563349e-03
1.212846321923873255e-03
1.242000312507927570e-03
1.268148007481314371e-03
1.291343595503083612e-03
1.311644698390127244e-03
1.329112507694218395e-03
1.343812064273505356e-03
1.355811090793450618e-03
1.365181136342516087e-03
1.371996262420197444e-03
1.376334041479639059e-03
1.378274386407494622e-03
1.377899825499749207e-03
1.375294765337529024e-03
1.370546488646918765e-03
1.363743405472984125e-03
1.354975617921482444e-03
1.344335051669835832e-03
1.331913853184238643e-03
1.317805823709352047e-03
1.302104817975035037e-03
1.284905312388598311e-03
1.266301528405911966e-03
1.246387858057328808e-03
1.225257989325458140e-03
1.203005189181445946e-03
1.179721431108735627e-03
1.155497824902988703e-03
1.130424107848101859e-03
1.104588787592184710e-03
1.078077984958432942e-03
1.050976518759769640e-03
1.023366678492584111e-03
9.953290221278458718e-04
9.669412231620445322e-04
9.382787981244728338e-04
9.094144615678546742e-04
8.804183494076633920e-04
8.513578093895279083e-04
8.222971923589234315e-04
7.932979334298588970e-04
7.644184892734574681e-04
7.357142760451118417e-04
7.072376801804183821e-04
6.790380697149623994e-04
6.511615892080488150e-04
6.236513165123172466e-04
5.965475283266859002e-04
5.698872070283799406e-04
5.437045236272961424e-04
5.180305618927371443e-04
4.928936209185965939e-04
4.683191201987120674e-04
4.443297938963309797e-04
4.209455236773703909e-04
3.981838220898165017e-04
3.760594845590448381e-04
3.545848918548431426e-04
3.337701678356475043e-04
3.136230840084433926e-04
2.941493976070057564e-04
2.753526111398770155e-04
2.572345268462564107e-04
2.397948249988167814e-04
2.230316539395230829e-04
2.069413704330456028e-04
1.915189122168109101e-04
1.767577364980653495e-04
1.626498846169157784e-04
1.491863355154523531e-04
1.363567624877126650e-04
1.241499311291485502e-04
1.125535818858254983e-04
1.015546375443799975e-04
9.113922965232231486e-05
8.129294145193483663e-05
7.200056252932337652e-05
6.324659310490196704e-05
5.501495282778091461e-05
4.728927657675273220e-05
4.005291627228061227e-05
3.328898303621656682e-05
2.698045455619201238e-05
2.111022341916493961e-05
1.566117904127532019e-05
1.061616959238987308e-05
5.958188984103863006e-06
1.670309814918869752e-06
-2.264217194306377925e-06
-5.861947941276957638e-06
-9.139182193613640414e-06
-1.211196014844240457e-05
-1.479600767115546428e-05
-1.720672091607501324e-05
-1.935913306863060328e-05
-2.126793435776590341e-05
-2.294736235211175806e-05
-2.441127991796976490e-05
-2.567311553725308733e-05
-2.674587945075508139e-05
-2.764209861946575057e-05
-2.837388509929711521e-05
-2.895287126186850529e-05
-2.939021968031103947e-05
-2.969668960119466815e-05
-2.988252506179569083e-05
-2.995752382419773722e-05
-2.993104089108903631e-05
-2.981197403590707246e-05
-2.960878329823584228e-05
-2.932950151840619035e-05
-2.898171331635057284e-05
-2.857259738703535408e-05
-2.810892819470454414e-05
-2.759707320524700297e-05
-2.704301953725173494e-05
-2.645237807126581245e-05
-2.583038082642418623e-05
-2.518194162938714272e-05
-2.451160613076272784e-05
-2.382361028710971258e-05
-2.312186432816689752e-05
-2.240998870955333462e-05
-2.169131394815175648e-05
-2.096889855336507569e-05
-2.024553568529872155e-05
-1.952377112763180371e-05
-1.880592127837566686e-05
-1.809407534388627443e-05
-1.739010319482179231e-05
-1.669568921336108403e-05
-1.601232210187740544e-05
-1.534131632764856848e-05
-1.468381889330683234e-05
-1.404082853971820577e-05
-1.341319462506749672e-05
-1.280163182293721569e-05
-1.220673256670057177e-05
-1.162897159201713149e-05
-1.106871951910321158e-05
-1.052624853179377330e-05
-1.000173918875637560e-05
-9.495290625330651742e-06
-9.006925109611011907e-06
-8.536598812014614774e-06
-8.084206928317657015e-06
-7.649586544307387297e-06
-7.232527407176177556e-06
-6.832773661046170175e-06
-6.450032359270015721e-06
-6.083974634681929919e-06
-5.734241952027617312e-06
-5.400453489212844509e-06
-5.082202787597198322e-06
-4.779068520023358478e-06
-4.490613680586519822e-06
-4.216389856061113036e-06
-3.955941213850330445e-06
-3.708803970826885176e-06
-3.474512637940755805e-06
-3.252599769059744520e-06
-3.042597685211048702e-06
-2.844042456593396618e-06
-2.656472518302450841e-06
-2.479432367567106053e-06
-2.312473153705228842e-06
-2.155153408103942060e-06
-2.007040196620476331e-06
-1.867710412057697342e-06
-1.736750230135193365e-06
-1.613757670508327644e-06
-1.498340638807514354e-06
-1.390119626842654928e-06
-1.288726458642869303e-06
-1.193805012192891086e-06
-1.105011869700978391e-06
-1.022015202199041521e-06
-9.444959123215338268e-07
-8.721470114892240432e-07
-8.046737022941689315e-07
-7.417930366305327838e-07
-6.832339261305295886e-07
-6.287369401939603486e-07
-5.780538563477097012e-07
-5.309475983055906889e-07
-4.871917852348842747e-07
-4.465703864117931987e-07
-4.088774812948258185e-07
-3.739168073750518031e-07
-3.415014487960177335e-07
-3.114533481001848548e-07
-2.836030823342063071e-07
-2.577892152537817570e-07
-2.338580904174460111e-07
-2.116633945564829718e-07
-1.910655618354008762e-07
-1.719315661204513620e-07
-1.541343953442102603e-07
-1.375526844889083232e-07
-1.220701365925798270e-07
-1.075753494855828832e-07
-9.396119233227927106e-08
-8.112449087051751446e-08
-6.896553603663983415e-08
-5.738773366041350517e-08
-4.629718346512847232e-08
-3.560220062344487062e-08
-2.521297401417906072e-08
-1.504112404485408574e-08
-4.999284694550878621e-09
4.999284694550878621e-09
1.504112404485408574e-08
2.521297401417906072e-08
3.560220062344487062e-08
4.629718346512847232e-08
5.738773366041350517e-08
6.896553603663983415e-08
8.112449087051751446e-08
9.396119233227927106e-08
1.075753494855828832e-07
1.220701365925798270e-07
1.375526844889083232e-07
1.541343953442102603e-07
1.719315661204513620e-07
1.910655618354008762e-07
2.116633945564829718e-07
2.338580904174460111e-07
2.577892152537817570e-07
2.836030823342063071e-07
3.114533481001848548e-07
3.415014487960177335e-07
3.739168073750518031e-07
4.088774812948258185e-07
4.465703864117931987e-07
4.871917852348842747e-07
5.309475983055906889e-07
5.780538563477097012e-07
6.287369401939603486e-07
6.832339261305295886e-07
7.417930366305327838e-07
8.046737022941689315e-07
8.721470114892240432e-07
9.444959123215338268e-07
1.022015202199041521e-06
1.105011869700978391e-06
1.193805012192891086e-06
1.288726458642869303e-06
1.390119626842654928e-06
1.498340638807514354e-06
1.613757670508327644e-06
1.736750230135193365e-06
1.867710412057697342e-06
2.007040196620476331e-06
2.155153408103942060e-06
2.312473153705228842e-06
2.479432367567106053e-06
2.656472518302450841e-06
2.844042456593396618e-06
3.042597685211048702e-06
3.252599769059744520e-06
3.474512637940755805e-06
3.708803970826885176e-06
3.955941213850330445e-06
4.216389856061113036e-06
4.490613680586519822e-06
4.779068520023358478e-06
5.082202787597198322e-06
5.400453489212844509e-06
5.734241952027617312e-06
6.083974634681929919e-06
6.450032359270015721e-06
6.832773661046170175e-06
7.232527407176177556e-06
7.649586544307387297e-06
8.084206928317657015e-06
8.536598812014614774e-06
9.006925109611011907e-06
9.495290625330651742e-06
1.000173918875637560e-05
1.052624853179377330e-05
1.106871951910321158e-05
1.162897159201713149e-05
1.220673256670057177e-05
1.280163182293721569e-05
1.341319462506749672e-05
1.404082853971820577e-05
1.468381889330683234e-05
1.534131632764856848e-05
1.601232210187740544e-05
1.669568921336108403e-05
1.739010319482179231e-05
1.809407534388627443e-05
1.880592127837566347e-05
1.952377112763180371e-05
2.024553568529872155e-05
2.096889855336507569e-05
2.169131394815175648e-05
2.240998870955333462e-05
2.312186432816689752e-05
2.382361028710971258e-05
2.451160613076272784e-05
2.518194162938714272e-05
2.583038082642418623e-05
2.645237807126581245e-05
2.704301953725173494e-05
2.759707320524700297e-05
2.810892819470454414e-05
2.857259738703535408e-05
2.898171331635057284e-05
2.932950151840619035e-05
2.960878329823584228e-05
2.981197403590707246e-05
2.993104089108903631e-05
2.995752382419773722e-05
2.988252506179569083e-05
2.969668960119466815e-05
2.939021968031103947e-05
2.895287126186850529e-05
2.837388509929711521e-05
2.764209861946575057e-05
2.674587945075508139e-05
2.567311553725308733e-05
2.441127991796976490e-05
2.294736235211175806e-05
2.126793435776590341e-05
1.935913306863060328e-05
1.720672091607501324e-05
1.479600767115546767e-05
1.211196014844240795e-05
9.139182193613638720e-06
5.861947941276956791e-06
2.264217194306378349e-06
-1.670309814918871234e-06
-5.958188984103863853e-06
-1.061616959238987478e-05
-1.566117904127532019e-05
-2.111022341916493622e-05
-2.698045455619200899e-05
-3.328898303621656682e-05
-4.005291627228061227e-05
-4.728927657675273220e-05
-5.501495282778091461e-05
-6.324659310490196704e-05
-7.200056252932337652e-05
-8.129294145193483663e-05
-9.113922965232231486e-05
-1.015546375443799975e-04
-1.125535818858254983e-04
-1.241499311291485502e-04
-1.363567624877126650e-04
-1.491863355154523531e-04
-1.626498846169157784e-04
-1.767577364980653495e-04
-1.915189122168109101e-04
-2.069413704330456028e-04
-2.230316539395230829e-04
-2.397948249988167814e-04
-2.572345268462564107e-04
-2.753526111398770155e-04
-2.941493976070057564e-04
-3.136230840084433926e-04
-3.337701678356475043e-04
-3.545848918548431426e-04
-3.760594845590448381e-04
-3.981838220898165017e-04
-4.209455236773703909e-04
-4.443297938963309797e-04
-4.683191201987121216e-04
-4.928936209185965939e-04
-5.180305618927371443e-04
-5.437045236272961424e-04
-5.698872070283799406e-04
-5.965475283266859002e-04
-6.236513165123172466e-04
-6.511615892080488150e-04
-6.790380697149623994e-04
-7.072376801804183821e-04
-7.357142760451118417e-04
-7.644184892734574681e-04
-7.932979334298588970e-04
-8.222971923589234315e-04
-8.513578093895279083e-04
-8.804183494076633920e-04
-9.094144615678546742e-04
-9.382787981244728338e-04
-9.669412231620445322e-04
-9.953290221278458718e-04
-1.023366678492584111e-03
-1.050976518759769640e-03
-1.078077984958432942e-03
-1.104588787592184493e-03
-1.130424107848101859e-03
-1.155497824902988703e-03
-1.179721431108735627e-03
-1.203005189181445946e-03
-1.225257989325458357e-03
-1.246387858057328808e-03
-1.266301528405911966e-03
-1.284905312388598311e-03
-1.302104817975035253e-03
-1.317805823709352047e-03
-1.331913853184238643e-03
-1.344335051669835832e-03
-1.354975617921482444e-03
-1.363743405472984125e-03
-1.370546488646918765e-03
-1.375294765337529024e-03
-1.377899825499749207e-03
-1.378274386407494622e-03
-1.376334041479639059e-03
-1.371996262420197444e-03
-1.365181136342516087e-03
-1.355811090793450618e-03
-1.343812064273505356e-03
-1.329112507694218395e-03
-1.311644698390127244e-03
-1.291343595503084045e-03
-1.268148007481314371e-03
-1.242000312507928004e-03
-1.212846321923873255e-03
-1.180635720084563349e-03
-1.145321779146498981e-03
-1.106861649551540375e-03
-1.065216069076451930e-03
-1.020349501727827075e-03
-9.722298379540467725e-04
-9.208286665904933613e-04
-8.661209595253416228e-04
-8.080848883416769492e-04
-7.467020567269422836e-04
-6.819561168459301222e-04
-6.138343852583360346e-04
-5.423257938672733196e-04
-4.674219550148534766e-04
-3.891156904961799181e-04
-3.074006476356891545e-04
-2.222717816162257762e-04
-1.337240229401327805e-04
-4.175325534396932164e-05
5.364176509904506300e-05
1.524525695575202570e-04
2.546476752698610679e-04
3.601448207362517606e-04
4.687608917079020480e-04
5.801294235339028021e-04
6.935708794738066219e-04
8.079098492322134067e-04
9.212387119825140745e-04
1.030646462638116915e-03
1.131960042002864509e-03
1.219571875453219706e-03
1.286455851783097548e-03
1.324473756602144491e-03
1.325048787555528282e-03
1.280211646798252393e-03
1.183923030671959033e-03
1.033462816045997669e-03
8.305938700238353319e-04
5.821870007812624936e-04
3.000675293359933308e-04
