1.425516573278277650e-03
1.426990735492591469e-03
1.431328634760760388e-03
1.438283751604614536e-03
1.447468108564643318e-03
1.458382607861374554e-03
1.470453244985170209e-03
1.483072136760229653e-03
1.495635906083664845e-03
1.507577136921664507e-03
1.518390172087341660e-03
1.527647765287017600e-03
1.535009680284809760e-03
1.540223516632823614e-03
1.543117791154844645e-03
1.543597043316500845e-03
1.541629296659456421e-03
1.537233012693563477e-03
1.530468880687799920e-03
1.521430101915908486e-03
1.510231015234281835e-03
1.497003562662156239e-03
1.481888004268190834e-03
1.465032498443471620e-03
1.446586797835520879e-03
1.426701275930117568e-03
1.405522380987355140e-03
1.383195549258608038e-03
1.359858465260101092e-03
1.335646464874352133e-03
1.310686728941025522e-03
1.285101005440027633e-03
1.259004247927611366e-03
1.232504262948043482e-03
1.205701645878171687e-03
1.178691735012887083e-03
1.151561936006043237e-03
1.124392556668933271e-03
1.097258933507980162e-03
1.070228092932902150e-03
1.043362749144286037e-03
1.016718607951227126e-03
9.903461504156137966e-04
9.642902010133006484e-04
9.385903060924855566e-04
9.132813980515846943e-04
8.883936388161593842e-04
8.639526646784260935e-04
8.399801159214437133e-04
8.164936944687853793e-04
7.935079137314451523e-04
7.710332706313727420e-04
7.490776234228937232e-04
7.276461665941710540e-04
7.067412835995865112e-04
6.863629761154612860e-04
6.665095207866219684e-04
6.471767820788215837e-04
6.283596157162021911e-04
6.100508809435026096e-04
5.922423110022031426e-04
5.749247973273981021e-04
5.580877966529770645e-04
5.417207716301297845e-04
5.258117466291301013e-04
5.103487705984750995e-04
4.953193395361017411e-04
4.807108637780428771e-04
4.665105795864706180e-04
4.527054581952878330e-04
4.392826945680198929e-04
4.262297865083428572e-04
4.135341460785663592e-04
4.011834076345574540e-04
3.891656177174174919e-04
3.774693360456415772e-04
3.660832111825284532e-04
3.549963406759059975e-04
3.441982225304552039e-04
3.336790548221867493e-04
3.234291903009918392e-04
3.134396669300818991e-04
3.037018062873926712e-04
2.942075388301743782e-04
2.849491464271336548e-04
2.759192662399577185e-04
2.671113015384890543e-04
2.585187843176970052e-04
2.501357997987397859e-04
2.419567411859051981e-04
2.339764279105382722e-04
2.261899907742897175e-04
2.185929605859251849e-04
2.111811528711231593e-04
2.039506106192590649e-04
1.968976196453948860e-04
1.900189275579598248e-04
1.833112786858344129e-04
1.767718074857812214e-04
1.703976169756364894e-04
1.641860410540297807e-04
1.581347321552308797e-04
1.522412250030126220e-04
1.465033734556675168e-04
1.409188996673262550e-04
1.354857872491138746e-04
1.302020414152689715e-04
1.250655728173616550e-04
1.200745033835613182e-04
1.152268755308279835e-04
1.105208197651826350e-04
1.059543075559001089e-04
1.015255590496780253e-04
9.723254129379890721e-05
9.307333957749163605e-05
8.904595397525305329e-05
8.514835055043174612e-05
8.137854166336972166e-05
7.773441889658477605e-05
7.421383336092481249e-05
7.081468327484514058e-05
6.753473232919992067e-05
6.437176274079169373e-05
6.132348455486322952e-05
5.838760501105706322e-05
5.556177057143123357e-05
5.284357806041533971e-05
5.023064400185101112e-05
4.772055025337902521e-05
4.531076416287463198e-05
4.299884975047251916e-05
4.078230780352343633e-05
3.865860149481587063e-05
3.662522200458764881e-05
3.467962316109650714e-05
3.281930158599789322e-05
3.104168946941761716e-05
2.934427470433460949e-05
2.772451727988833084e-05
2.617996574944003469e-05
2.470808992244668059e-05
2.330644277988396572e-05
2.197257499393212899e-05
2.070408949707721639e-05
1.949858689952745671e-05
1.835372731011725169e-05
1.726719573945979948e-05
1.623671933352775282e-05
1.526007277360134684e-05
1.433505820074721622e-05
1.345955152438955784e-05
1.263144322107902126e-05
1.184869372178661339e-05
1.110931876090742974e-05
1.041137289968199791e-05
9.752959418973064260e-06
9.132255668052053900e-06
8.547473834441614667e-06
7.996888557365851671e-06
7.478845892856003348e-06
6.991711339543722371e-06
6.533938369847318379e-06
6.104028274382599056e-06
5.700521837002216057e-06
5.322031481115207694e-06
4.967214752793145347e-06
4.634787821243189773e-06
4.323522153612658488e-06
4.032225046603503906e-06
3.759774046325662638e-06
3.505083611783841391e-06
3.267126349323779401e-06
3.044911047624878022e-06
2.837504142851563231e-06
2.644012304916059108e-06
2.463586171703273596e-06
2.295413853870645088e-06
2.138736042698308826e-06
1.992821898672599035e-06
1.856985529086521545e-06
1.730578935386311746e-06
1.612982917165745953e-06
1.503618556562838640e-06
1.401940061158472905e-06
1.307427496376540633e-06
1.219600098421913543e-06
1.137995711780540813e-06
1.062188883492597710e-06
9.917738314385898681e-07
9.263740185794646822e-07
8.656354163484771454e-07
8.092257966296077398e-07
7.568344816309576321e-07
7.081718694889767395e-07
6.629693039885189745e-07
6.209718418565689392e-07
5.819469391549678608e-07
5.456738706324545123e-07
5.119499775403149561e-07
4.805866863741154870e-07
4.514064682009758144e-07
4.242487534199107934e-07
3.989610981733174792e-07
3.754035408726176999e-07
3.534476462270998721e-07
3.329727946508343024e-07
3.138687834942883229e-07
2.960334850247991928e-07
2.793726949266286049e-07
2.637999259277588522e-07
2.492344838066072662e-07
2.356034816228878528e-07
2.228391234767695911e-07
2.108785194697751075e-07
1.996648238731508654e-07
1.891457742377785257e-07
1.792731698801739559e-07
1.700022522857548268e-07
1.612930479388454943e-07
1.531081028617977338e-07
1.454137994952865213e-07
1.381785199161710437e-07
1.313742491732065900e-07
1.249745701024467235e-07
1.189559276239127129e-07
1.132963573354070564e-07
1.079761760911141728e-07
1.029771670706987893e-07
9.828273198392651878e-08
9.387773849771487018e-08
8.974839680113027096e-08
8.588229316847006725e-08
8.226772072813572253e-08
7.889455982414907610e-08
7.575321206832673807e-08
7.283515497781317284e-08
7.013255211068708871e-08
6.763836107519626227e-08
6.534627858344780601e-08
6.325062200282278395e-08
6.134625396551871191e-08
5.962857843858008301e-08
5.809357981497380112e-08
5.673768118862297690e-08
5.555784101904373508e-08
5.455129842209237858e-08
5.371589078085931291e-08
5.304975350760668119e-08
5.255140026074207307e-08
5.221977860036399849e-08
5.205412699375030792e-08
5.205412699375030792e-08
5.221977860036399849e-08
5.255140026074207307e-08
5.304975350760668119e-08
5.371589078085931291e-08
5.455129842209237858e-08
5.555784101904373508e-08
5.673768118862297029e-08
5.809357981497380112e-08
5.962857843858008301e-08
6.134625396551871191e-08
6.325062200282278395e-08
6.534627858344780601e-08
6.763836107519626227e-08
7.013255211068708871e-08
7.283515497781317284e-08
7.575321206832673807e-08
7.889455982414907610e-08
8.226772072813572253e-08
8.588229316847006725e-08
8.974839680113027096e-08
9.387773849771487018e-08
9.828273198392651878e-08
1.029771670706987893e-07
1.079761760911141728e-07
1.132963573354070564e-07
1.189559276239127129e-07
1.249745701024467235e-07
1.313742491732065900e-07
1.381785199161710437e-07
1.454137994952865213e-07
1.531081028617977338e-07
1.612930479388454678e-07
1.700022522857548003e-07
1.792731698801739559e-07
1.891457742377785257e-07
1.996648238731508654e-07
2.108785194697751075e-07
2.228391234767695911e-07
2.356034816228878528e-07
2.492344838066072133e-07
2.637999259277588522e-07
2.793726949266286049e-07
2.960334850247992457e-07
3.138687834942883229e-07
3.329727946508343024e-07
3.534476462270998721e-07
3.754035408726176999e-07
3.989610981733174792e-07
4.242487534199107934e-07
4.514064682009758144e-07
4.805866863741154870e-07
5.119499775403149561e-07
5.456738706324545123e-07
5.819469391549678608e-07
6.209718418565689392e-07
6.629693039885189745e-07
7.081718694889767395e-07
7.568344816309576321e-07
8.092257966296077398e-07
8.656354163484771454e-07
9.263740185794646822e-07
9.917738314385898681e-07
1.062188883492597710e-06
1.137995711780540813e-06
1.219600098421913543e-06
1.307427496376540633e-06
1.401940061158472905e-06
1.503618556562838640e-06
1.612982917165745953e-06
1.730578935386311746e-06
1.856985529086521333e-06
1.992821898672599035e-06
2.138736042698308826e-06
2.295413853870645088e-06
2.463586171703273596e-06
2.644012304916059108e-06
2.837504142851563231e-06
3.044911047624878022e-06
3.267126349323779401e-06
3.505083611783841391e-06
3.759774046325662638e-06
4.032225046603503906e-06
4.323522153612658488e-06
4.634787821243189773e-06
4.967214752793145347e-06
5.322031481115207694e-06
5.700521837002216057e-06
6.104028274382599056e-06
6.533938369847318379e-06
6.991711339543722371e-06
7.478845892856003348e-06
7.996888557365851671e-06
8.547473834441614667e-06
9.132255668052053900e-06
9.752959418973065954e-06
1.041137289968199791e-05
1.110931876090742974e-05
1.184869372178661339e-05
1.263144322107902126e-05
1.345955152438955784e-05
1.433505820074721622e-05
1.526007277360134684e-05
1.623671933352775282e-05
1.726719573945979948e-05
1.835372731011725169e-05
1.949858689952745333e-05
2.070408949707721639e-05
2.197257499393212899e-05
2.330644277988396572e-05
2.470808992244668059e-05
2.617996574944003469e-05
2.772451727988833084e-05
2.934427470433460949e-05
3.104168946941761716e-05
3.281930158599789322e-05
3.467962316109650714e-05
3.662522200458764881e-05
3.865860149481587063e-05
4.078230780352343633e-05
4.299884975047251916e-05
4.531076416287463198e-05
4.772055025337902521e-05
5.023064400185101112e-05
5.284357806041533971e-05
5.556177057143123357e-05
5.838760501105706322e-05
6.132348455486322952e-05
6.437176274079169373e-05
6.753473232919992067e-05
7.081468327484514058e-05
7.421383336092481249e-05
7.773441889658477605e-05
8.137854166336972166e-05
8.514835055043174612e-05
8.904595397525305329e-05
9.307333957749163605e-05
9.723254129379890721e-05
1.015255590496780253e-04
1.059543075559001089e-04
1.105208197651826350e-04
1.152268755308279835e-04
1.200745033835613182e-04
1.250655728173616821e-04
1.302020414152689715e-04
1.354857872491138746e-04
1.409188996673262550e-04
1.465033734556675168e-04
1.522412250030126220e-04
1.581347321552308797e-04
1.641860410540297807e-04
1.703976169756364894e-04
1.767718074857812214e-04
1.833112786858344129e-04
1.900189275579598248e-04
1.968976196453948860e-04
2.039506106192590649e-04
2.111811528711231593e-04
2.185929605859251849e-04
2.261899907742897175e-04
2.339764279105382722e-04
2.419567411859051981e-04
2.501357997987397859e-04
2.585187843176970052e-04
2.671113015384890543e-04
2.759192662399577185e-04
2.849491464271337090e-04
2.942075388301743782e-04
3.037018062873926712e-04
3.134396669300818991e-04
3.234291903009918392e-04
3.336790548221867493e-04
3.441982225304552039e-04
3.549963406759059433e-04
3.660832111825284532e-04
3.774693360456415772e-04
3.891656177174174919e-04
4.011834076345574540e-04
4.135341460785663592e-04
4.262297865083428572e-04
4.392826945680198929e-04
4.527054581952877788e-04
4.665105795864706180e-04
4.807108637780428771e-04
4.953193395361017411e-04
5.103487705984752080e-04
5.258117466291301013e-04
5.417207716301297845e-04
5.580877966529770645e-04
5.749247973273981021e-04
5.922423110022031426e-04
6.100508809435026096e-04
6.283596157162021911e-04
6.471767820788215837e-04
6.665095207866219684e-04
6.863629761154612860e-04
7.067412835995865112e-04
7.276461665941710540e-04
7.490776234228937232e-04
7.710332706313727420e-04
7.935079137314451523e-04
8.164936944687853793e-04
8.399801159214437133e-04
8.639526646784259850e-04
8.883936388161593842e-04
9.132813980515846943e-04
9.385903060924855566e-04
9.642902010133006484e-04
9.903461504156137966e-04
1.016718607951227126e-03
1.043362749144286037e-03
1.070228092932902150e-03
1.097258933507980162e-03
1.124392556668933271e-03
1.151561936006043237e-03
1.178691735012887083e-03
1.205701645878171687e-03
1.232504262948043482e-03
1.259004247927611366e-03
1.285101005440027633e-03
1.310686728941025522e-03
1.335646464874352133e-03
1.359858465260101092e-03
1.383195549258608038e-03
1.405522380987355140e-03
1.426701275930117568e-03
1.446586797835520879e-03
1.465032498443471620e-03
1.481888004268190834e-03
1.497003562662156239e-03
1.510231015234281835e-03
1.521430101915908486e-03
1.530468880687799920e-03
1.537233012693563477e-03
1.541629296659456421e-03
1.543597043316500845e-03
1.543117791154844645e-03
1.540223516632823614e-03
1.535009680284809760e-03
1.527647765287017600e-03
1.518390172087341660e-03
1.507577136921664507e-03
1.495635906083664845e-03
1.483072136760229870e-03
1.470453244985170209e-03
1.458382607861374554e-03
1.447468108564643318e-03
1.438283751604614536e-03
1.431328634760760388e-03
1.426990735492591686e-03
1.425516573278277650e-03
1.426990735492591469e-03
1.431328634760760388e-03
1.438283751604614536e-03
1.447468108564643318e-03
1.458382607861374554e-03
1.470453244985170209e-03
1.483072136760229653e-03
1.495635906083664845e-03
1.507577136921664507e-03
1.518390172087341660e-03
1.527647765287017600e-03
1.535009680284809760e-03
1.540223516632823614e-03
1.543117791154844645e-03
1.543597043316500845e-03
1.541629296659456421e-03
1.537233012693563477e-03
1.530468880687799920e-03
1.521430101915908486e-03
1.510231015234281835e-03
1.497003562662156239e-03
1.481888004268190834e-03
1.465032498443471620e-03
1.446586797835520879e-03
1.426701275930117568e-03
1.405522380987355140e-03
1.383195549258608038e-03
1.359858465260101092e-03
1.335646464874352133e-03
1.310686728941025522e-03
1.285101005440027633e-03
1.259004247927611366e-03
1.232504262948043482e-03
1.205701645878171687e-03
1.178691735012887083e-03
1.151561936006043237e-03
1.124392556668933271e-03
1.097258933507980162e-03
1.070228092932902150e-03
1.043362749144286037e-03
1.016718607951227126e-03
9.903461504156137966e-04
9.642902010133006484e-04
9.385903060924855566e-04
9.132813980515846943e-04
8.883936388161593842e-04
8.639526646784260935e-04
8.399801159214437133e-04
8.164936944687853793e-04
7.935079137314451523e-04
7.710332706313727420e-04
7.490776234228937232e-04
7.276461665941710540e-04
7.067412835995865112e-04
6.863629761154612860e-04
6.665095207866219684e-04
6.471767820788215837e-04
6.283596157162021911e-04
6.100508809435026096e-04
5.922423110022031426e-04
5.749247973273981021e-04
5.580877966529770645e-04
5.417207716301297845e-04
5.258117466291301013e-04
5.103487705984750995e-04
4.953193395361017411e-04
4.807108637780428771e-04
4.665105795864706180e-04
4.527054581952878330e-04
4.392826945680198929e-04
4.262297865083428572e-04
4.135341460785663592e-04
4.011834076345574540e-04
3.891656177174174919e-04
3.774693360456415772e-04
3.660832111825284532e-04
3.549963406759059975e-04
3.441982225304552039e-04
3.336790548221867493e-04
3.234291903009918392e-04
3.134396669300818991e-04
3.037018062873926712e-04
2.942075388301743782e-04
2.849491464271336548e-04
2.759192662399577185e-04
2.671113015384890543e-04
2.585187843176970052e-04
2.501357997987397859e-04
2.419567411859051981e-04
2.339764279105382722e-04
2.261899907742897175e-04
2.185929605859251849e-04
2.111811528711231593e-04
2.039506106192590649e-04
1.968976196453948860e-04
1.900189275579598248e-04
1.833112786858344129e-04
1.767718074857812214e-04
1.703976169756364894e-04
1.641860410540297807e-04
1.581347321552308797e-04
1.522412250030126220e-04
1.465033734556675168e-04
1.409188996673262550e-04
1.354857872491138746e-04
1.302020414152689715e-04
1.250655728173616550e-04
1.200745033835613182e-04
1.152268755308279835e-04
1.105208197651826350e-04
1.059543075559001089e-04
1.015255590496780253e-04
9.723254129379890721e-05
9.307333957749163605e-05
8.904595397525305329e-05
8.514835055043174612e-05
8.137854166336972166e-05
7.773441889658477605e-05
7.421383336092481249e-05
7.081468327484514058e-05
6.753473232919992067e-05
6.437176274079169373e-05
6.132348455486322952e-05
5.838760501105706322e-05
5.556177057143123357e-05
5.284357806041533971e-05
5.023064400185101112e-05
4.772055025337902521e-05
4.531076416287463198e-05
4.299884975047251916e-05
4.078230780352343633e-05
3.865860149481587063e-05
3.662522200458764881e-05
3.467962316109650714e-05
3.281930158599789322e-05
3.104168946941761716e-05
2.934427470433460949e-05
2.772451727988833084e-05
2.617996574944003469e-05
2.470808992244668059e-05
2.330644277988396572e-05
2.197257499393212899e-05
2.070408949707721639e-05
1.949858689952745671e-05
1.835372731011725169e-05
1.726719573945979948e-05
1.623671933352775282e-05
1.526007277360134684e-05
1.433505820074721622e-05
1.345955152438955784e-05
1.263144322107902126e-05
1.184869372178661339e-05
1.110931876090742974e-05
1.041137289968199791e-05
9.752959418973064260e-06
9.132255668052053900e-06
8.547473834441614667e-06
7.996888557365851671e-06
7.478845892856003348e-06
6.991711339543722371e-06
6.533938369847318379e-06
6.104028274382599056e-06
5.700521837002216057e-06
5.322031481115207694e-06
4.967214752793145347e-06
4.634787821243189773e-06
4.323522153612658488e-06
4.032225046603503906e-06
3.759774046325662638e-06
3.505083611783841391e-06
3.267126349323779401e-06
3.044911047624878022e-06
2.837504142851563231e-06
2.644012304916059108e-06
2.463586171703273596e-06
2.295413853870645088e-06
2.138736042698308826e-06
1.992821898672599035e-06
1.856985529086521545e-06
1.730578935386311746e-06
1.612982917165745953e-06
1.503618556562838640e-06
1.401940061158472905e-06
1.307427496376540633e-06
1.219600098421913543e-06
1.137995711780540813e-06
1.062188883492597710e-06
9.917738314385898681e-07
9.263740185794646822e-07
8.656354163484771454e-07
8.092257966296077398e-07
7.568344816309576321e-07
7.081718694889767395e-07
6.629693039885189745e-07
6.209718418565689392e-07
5.819469391549678608e-07
5.456738706324545123e-07
5.119499775403149561e-07
4.805866863741154870e-07
4.514064682009758144e-07
4.242487534199107934e-07
3.989610981733174792e-07
3.754035408726176999e-07
3.534476462270998721e-07
3.329727946508343024e-07
3.138687834942883229e-07
2.960334850247991928e-07
2.793726949266286049e-07
2.637999259277588522e-07
2.492344838066072662e-07
2.356034816228878528e-07
2.228391234767695911e-07
2.108785194697751075e-07
1.996648238731508654e-07
1.891457742377785257e-07
1.792731698801739559e-07
1.700022522857548268e-07
1.612930479388454943e-07
1.531081028617977338e-07
1.454137994952865213e-07
1.381785199161710437e-07
1.313742491732065900e-07
1.249745701024467235e-07
1.189559276239127129e-07
1.132963573354070564e-07
1.079761760911141728e-07
1.029771670706987893e-07
9.828273198392651878e-08
9.387773849771487018e-08
8.974839680113027096e-08
8.588229316847006725e-08
8.226772072813572253e-08
7.889455982414907610e-08
7.575321206832673807e-08
7.283515497781317284e-08
7.013255211068708871e-08
6.763836107519626227e-08
6.534627858344780601e-08
6.325062200282278395e-08
6.134625396551871191e-08
5.962857843858008301e-08
5.809357981497380112e-08
5.673768118862297690e-08
5.555784101904373508e-08
5.455129842209237858e-08
5.371589078085931291e-08
5.304975350760668119e-08
5.255140026074207307e-08
5.221977860036399849e-08
5.205412699375030792e-08
5.205412699375030792e-08
5.221977860036399849e-08
5.255140026074207307e-08
5.304975350760668119e-08
5.371589078085931291e-08
5.455129842209237858e-08
5.555784101904373508e-08
5.673768118862297029e-08
5.809357981497380112e-08
5.962857843858008301e-08
6.134625396551871191e-08
6.325062200282278395e-08
6.534627858344780601e-08
6.763836107519626227e-08
7.013255211068708871e-08
7.283515497781317284e-08
7.575321206832673807e-08
7.889455982414907610e-08
8.226772072813572253e-08
8.588229316847006725e-08
8.974839680113027096e-08
9.387773849771487018e-08
9.828273198392651878e-08
1.029771670706987893e-07
1.079761760911141728e-07
1.132963573354070564e-07
1.189559276239127129e-07
1.249745701024467235e-07
1.313742491732065900e-07
1.381785199161710437e-07
1.454137994952865213e-07
1.531081028617977338e-07
1.612930479388454678e-07
1.700022522857548003e-07
1.792731698801739559e-07
1.891457742377785257e-07
1.996648238731508654e-07
2.108785194697751075e-07
2.228391234767695911e-07
2.356034816228878528e-07
2.492344838066072133e-07
2.637999259277588522e-07
2.793726949266286049e-07
2.960334850247992457e-07
3.138687834942883229e-07
3.329727946508343024e-07
3.534476462270998721e-07
3.754035408726176999e-07
3.989610981733174792e-07
4.242487534199107934e-07
4.514064682009758144e-07
4.805866863741154870e-07
5.119499775403149561e-07
5.456738706324545123e-07
5.819469391549678608e-07
6.209718418565689392e-07
6.629693039885189745e-07
7.081718694889767395e-07
7.568344816309576321e-07
8.092257966296077398e-07
8.656354163484771454e-07
9.263740185794646822e-07
9.917738314385898681e-07
1.062188883492597710e-06
1.137995711780540813e-06
1.219600098421913543e-06
1.307427496376540633e-06
1.401940061158472905e-06
1.503618556562838640e-06
1.612982917165745953e-06
1.730578935386311746e-06
1.856985529086521333e-06
1.992821898672599035e-06
2.138736042698308826e-06
2.295413853870645088e-06
2.463586171703273596e-06
2.644012304916059108e-06
2.837504142851563231e-06
3.044911047624878022e-06
3.267126349323779401e-06
3.505083611783841391e-06
3.759774046325662638e-06
4.032225046603503906e-06
4.323522153612658488e-06
4.634787821243189773e-06
4.967214752793145347e-06
5.322031481115207694e-06
5.700521837002216057e-06
6.104028274382599056e-06
6.533938369847318379e-06
6.991711339543722371e-06
7.478845892856003348e-06
7.996888557365851671e-06
8.547473834441614667e-06
9.132255668052053900e-06
9.752959418973065954e-06
1.041137289968199791e-05
1.110931876090742974e-05
1.184869372178661339e-05
1.263144322107902126e-05
1.345955152438955784e-05
1.433505820074721622e-05
1.526007277360134684e-05
1.623671933352775282e-05
1.726719573945979948e-05
1.835372731011725169e-05
1.949858689952745333e-05
2.070408949707721639e-05
2.197257499393212899e-05
2.330644277988396572e-05
2.470808992244668059e-05
2.617996574944003469e-05
2.772451727988833084e-05
2.934427470433460949e-05
3.104168946941761716e-05
3.281930158599789322e-05
3.467962316109650714e-05
3.662522200458764881e-05
3.865860149481587063e-05
4.078230780352343633e-05
4.299884975047251916e-05
4.531076416287463198e-05
4.772055025337902521e-05
5.023064400185101112e-05
5.284357806041533971e-05
5.556177057143123357e-05
5.838760501105706322e-05
6.132348455486322952e-05
6.437176274079169373e-05
6.753473232919992067e-05
7.081468327484514058e-05
7.421383336092481249e-05
7.773441889658477605e-05
8.137854166336972166e-05
8.514835055043174612e-05
8.904595397525305329e-05
9.307333957749163605e-05
9.723254129379890721e-05
1.015255590496780253e-04
1.059543075559001089e-04
1.105208197651826350e-04
1.152268755308279835e-04
1.200745033835613182e-04
1.250655728173616821e-04
1.302020414152689715e-04
1.354857872491138746e-04
1.409188996673262550e-04
1.465033734556675168e-04
1.522412250030126220e-04
1.581347321552308797e-04
1.641860410540297807e-04
1.703976169756364894e-04
1.767718074857812214e-04
1.833112786858344129e-04
1.900189275579598248e-04
1.968976196453948860e-04
2.039506106192590649e-04
2.111811528711231593e-04
2.185929605859251849e-04
2.261899907742897175e-04
2.339764279105382722e-04
2.419567411859051981e-04
2.501357997987397859e-04
2.585187843176970052e-04
2.671113015384890543e-04
2.759192662399577185e-04
2.849491464271337090e-04
2.942075388301743782e-04
3.037018062873926712e-04
3.134396669300818991e-04
3.234291903009918392e-04
3.336790548221867493e-04
3.441982225304552039e-04
3.549963406759059433e-04
3.660832111825284532e-04
3.774693360456415772e-04
3.891656177174174919e-04
4.011834076345574540e-04
4.135341460785663592e-04
4.262297865083428572e-04
4.392826945680198929e-04
4.527054581952877788e-04
4.665105795864706180e-04
4.807108637780428771e-04
4.953193395361017411e-04
5.103487705984752080e-04
5.258117466291301013e-04
5.417207716301297845e-04
5.580877966529770645e-04
5.749247973273981021e-04
5.922423110022031426e-04
6.100508809435026096e-04
6.283596157162021911e-04
6.471767820788215837e-04
6.665095207866219684e-04
6.863629761154612860e-04
7.067412835995865112e-04
7.276461665941710540e-04
7.490776234228937232e-04
7.710332706313727420e-04
7.935079137314451523e-04
8.164936944687853793e-04
8.399801159214437133e-04
8.639526646784259850e-04
8.883936388161593842e-04
9.132813980515846943e-04
9.385903060924855566e-04
9.642902010133006484e-04
9.903461504156137966e-04
1.016718607951227126e-03
1.043362749144286037e-03
1.070228092932902150e-03
1.097258933507980162e-03
1.124392556668933271e-03
1.151561936006043237e-03
1.178691735012887083e-03
1.205701645878171687e-03
1.232504262948043482e-03
1.259004247927611366e-03
1.285101005440027633e-03
1.310686728941025522e-03
1.335646464874352133e-03
1.359858465260101092e-03
1.383195549258608038e-03
1.405522380987355140e-03
1.426701275930117568e-03
1.446586797835520879e-03
1.465032498443471620e-03
1.481888004268190834e-03
1.497003562662156239e-03
1.510231015234281835e-03
1.521430101915908486e-03
1.530468880687799920e-03
1.537233012693563477e-03
1.541629296659456421e-03
1.543597043316500845e-03
1.543117791154844645e-03
1.540223516632823614e-03
1.535009680284809760e-03
1.527647765287017600e-03
1.518390172087341660e-03
1.507577136921664507e-03
1.495635906083664845e-03
1.483072136760229870e-03
1.470453244985170209e-03
1.458382607861374554e-03
1.447468108564643318e-03
1.438283751604614536e-03
1.431328634760760388e-03
1.426990735492591686e-03
