-2.387308449322321502e-02
-2.387474087297993333e-02
-2.388055951335408406e-02
-2.389293538586340776e-02
-2.391530472909468574e-02
-2.395149045212085007e-02
-2.400495938610309327e-02
-2.407821770788845864e-02
-2.417239037457945272e-02
-2.428707872658283570e-02
-2.442044384209230215e-02
-2.456946989986326726e-02
-2.473036007105192460e-02
-2.489890731778772112e-02
-2.507085057431895914e-02
-2.524213827633047316e-02
-2.540910500874239350e-02
-2.556855944004868264e-02
-2.571780999375735191e-02
-2.585461991715986077e-02
-2.597718448580653081e-02
-2.608404566601873684e-02
-2.617402207245936308e-02
-2.624616619716611116e-02
-2.629969610932240964e-02
-2.633394953793498014e-02
-2.634835132829452600e-02
-2.634238472449779850e-02
-2.631555382136031157e-02
-2.626739206308347646e-02
-2.619742205207459609e-02
-2.610515992469707169e-02
-2.599011382303230422e-02
-2.585177305699950731e-02
-2.568961104994567368e-02
-2.550308412663166921e-02
-2.529164935045743329e-02
-2.505474833354833647e-02
-2.479183607508176831e-02
-2.450236805302473397e-02
-2.418582467455254043e-02
-2.384171130435140326e-02
-2.346956604359757767e-02
-2.306897368835943846e-02
-2.263957109915453250e-02
-2.218105858013668871e-02
-2.169320252140173252e-02
-2.117584832578296022e-02
-2.062892742361921786e-02
-2.005245833208649589e-02
-1.944655640035720251e-02
-1.881143900074547931e-02
-1.814743054502660283e-02
-1.745495996831844879e-02
-1.673456827974911104e-02
-1.598690782326167223e-02
-1.521274351723365080e-02
-1.441295093356053693e-02
-1.358851855595258860e-02
-1.274054027730577195e-02
-1.187021648920801899e-02
-1.097884836004592302e-02
-1.006783448493746638e-02
-9.138664781413171484e-03
-8.192914395098383623e-03
-7.232239279711479354e-03
-6.258366584917413565e-03
-5.273088580984891700e-03
-4.278256006468756333e-03
-3.275767642525069783e-03
-2.267564109050419427e-03
-1.255618099120343455e-03
-2.419259272857558968e-04
7.714998703481234675e-04
1.782642008879990574e-03
2.789483530446325906e-03
3.790019131353239423e-03
4.782263189518562441e-03
5.764254849397303267e-03
6.734071163637488436e-03
7.689829936223688440e-03
8.629700606739133459e-03
9.551905555966414690e-03
1.045473457730316039e-02
1.133654315361592134e-02
1.219576535819631366e-02
1.303091055309563671e-02
1.384057617264772798e-02
1.462344429897966501e-02
1.537829138303118716e-02
1.610398909339041257e-02
1.679950509883999105e-02
1.746390671992384055e-02
1.809636451423596304e-02
1.869614698946932621e-02
1.926262699392224109e-02
1.979528217260680470e-02
2.029368802280729842e-02
2.075752263188458679e-02
2.118656401847095194e-02
2.158069328921391472e-02
2.193987572595932495e-02
2.226418438757197041e-02
2.255377082435302410e-02
2.280888565129997672e-02
2.302985211052726786e-02
2.321708362706204759e-02
2.337106610154189232e-02
2.349236365321284020e-02
2.358160378306786362e-02
2.363948012175283442e-02
2.366674928069224457e-02
2.366422180906420022e-02
2.363275900129045357e-02
2.357326968644508219e-02
2.348670406643428576e-02
2.337405341180679927e-02
2.323633800419968448e-02
2.307460974724767286e-02
2.288994302815752085e-02
2.268342850943868769e-02
2.245618306241014064e-02
2.220932300458955053e-02
2.194397843398867079e-02
2.166128261232297750e-02
2.136236868924178481e-02
2.104836642994675072e-02
2.072039601174626225e-02
2.037957063264688243e-02
2.002698738415320187e-02
1.966373280883035313e-02
1.929086938473572460e-02
1.890943963144121193e-02
1.852046435393939552e-02
1.812493796040747646e-02
1.772382966078714372e-02
1.731807733659826432e-02
1.690858875986877077e-02
1.649624135476238443e-02
1.608188050202072339e-02
1.566631491851524713e-02
1.525032232180101137e-02
1.483464336317156552e-02
1.441998144231201873e-02
1.400700987120182504e-02
1.359635849959614506e-02
1.318862823813220057e-02
1.278437917157283429e-02
1.238413629488935991e-02
1.198839379099544966e-02
1.159760317222013892e-02
1.121218858428313370e-02
1.083253643295929887e-02
1.045900116440675806e-02
1.009190591626154578e-02
9.731540974702237654e-03
9.378165908217708444e-03
9.032012442218505591e-03
8.693282203104796962e-03
8.362149605812510544e-03
8.038762545687609326e-03
7.723244563776467987e-03
7.415693348036419240e-03
7.116184376739532157e-03
6.824771631057061083e-03
6.541486844288372723e-03
6.266343892381375999e-03
5.999335849462017825e-03
5.740440119623772992e-03
5.489617700948503688e-03
5.246813553382791324e-03
5.011958804105075445e-03
4.784971854617216247e-03
4.565758756275767327e-03
4.354214688750597702e-03
4.150224339559031167e-03
3.953663753066427415e-03
3.764400713238566076e-03
3.582295494675664244e-03
3.407201981761576876e-03
3.238968421889959655e-03
3.077438179561551440e-03
2.922450307744355654e-03
2.773840303309564170e-03
2.631441413364199195e-03
2.495084107252218235e-03
2.364597383531912358e-03
2.239809526717058148e-03
2.120548130223704961e-03
2.006640486265229978e-03
1.897914893033937275e-03
1.794199760102759824e-03
1.695325649161779583e-03
1.601123645095134081e-03
1.511427579641650299e-03
1.426073135714615468e-03
1.344898602576273354e-03
1.267744804980563880e-03
1.194455582283679906e-03
1.124877991879550104e-03
1.058862236938677920e-03
9.962621440498581251e-04
9.369347229857731899e-04
8.807411019628006051e-04
8.275458111223276758e-04
7.772174414915592085e-04
7.296282943031057178e-04
6.846545343038657264e-04
6.421764801127162383e-04
6.020781601442528165e-04
5.642476477345707668e-04
5.285769829159867777e-04
4.949619560532495140e-04
4.633024413636778276e-04
4.335019501686319075e-04
4.054679175180889703e-04
3.791113920373417813e-04
3.543471610287647860e-04
3.310936228257472711e-04
3.092727274842757036e-04
2.888098252878382372e-04
2.696337212178895261e-04
2.516765225939084625e-04
2.348735321679108117e-04
2.191632325539125440e-04
2.044872244022487588e-04
1.907900265961916470e-04
1.780191054245155709e-04
1.661247543343591067e-04
1.550600077470393342e-04
1.447805889486466666e-04
1.352448003316445661e-04
1.264134592008182368e-04
1.182498447536229139e-04
1.107195759769385020e-04
1.037906154076436891e-04
9.743315796142189723e-05
9.161956537557374174e-05
8.632431760713615669e-05
8.152396972748018542e-05
7.719707992024023877e-05
7.332416592419374157e-05
6.988767272727983756e-05
6.687191138360030617e-05
6.426303776035447238e-05
6.204900241820849812e-05
6.021954616442639572e-05
5.876614381390346661e-05
5.768200509706400045e-05
5.696206391593848809e-05
5.660293875027746168e-05
5.660293875027746168e-05
5.696206391593848809e-05
5.768200509706400045e-05
5.876614381390346661e-05
6.021954616442639572e-05
6.204900241820849812e-05
6.426303776035447238e-05
6.687191138360030617e-05
6.988767272727983756e-05
7.332416592419374157e-05
7.719707992024023877e-05
8.152396972748018542e-05
8.632431760713615669e-05
9.161956537557374174e-05
9.743315796142189723e-05
1.037906154076436891e-04
1.107195759769385020e-04
1.182498447536229139e-04
1.264134592008182368e-04
1.352448003316445661e-04
1.447805889486466666e-04
1.550600077470393342e-04
1.661247543343591067e-04
1.780191054245155709e-04
1.907900265961916470e-04
2.044872244022487588e-04
2.191632325539125440e-04
2.348735321679108117e-04
2.516765225939084625e-04
2.696337212178895261e-04
2.888098252878382372e-04
3.092727274842757036e-04
3.310936228257472711e-04
3.543471610287647860e-04
3.791113920373417813e-04
4.054679175180889703e-04
4.335019501686319075e-04
4.633024413636778276e-04
4.949619560532495140e-04
5.285769829159867777e-04
5.642476477345707668e-04
6.020781601442528165e-04
6.421764801127162383e-04
6.846545343038657264e-04
7.296282943031057178e-04
7.772174414915592085e-04
8.275458111223276758e-04
8.807411019628006051e-04
9.369347229857731899e-04
9.962621440498581251e-04
1.058862236938677920e-03
1.124877991879550104e-03
1.194455582283679906e-03
1.267744804980563880e-03
1.344898602576273354e-03
1.426073135714615468e-03
1.511427579641650299e-03
1.601123645095134081e-03
1.695325649161779583e-03
1.794199760102759824e-03
1.897914893033937275e-03
2.006640486265229978e-03
2.120548130223704961e-03
2.239809526717058148e-03
2.364597383531912358e-03
2.495084107252218235e-03
2.631441413364199195e-03
2.773840303309564170e-03
2.922450307744355654e-03
3.077438179561551440e-03
3.238968421889959655e-03
3.407201981761576876e-03
3.582295494675664244e-03
3.764400713238566076e-03
3.953663753066427415e-03
4.150224339559031167e-03
4.354214688750597702e-03
4.565758756275767327e-03
4.784971854617216247e-03
5.011958804105075445e-03
5.246813553382791324e-03
5.489617700948503688e-03
5.740440119623772992e-03
5.999335849462017825e-03
6.266343892381375999e-03
6.541486844288372723e-03
6.824771631057061083e-03
7.116184376739532157e-03
7.415693348036419240e-03
7.723244563776467987e-03
8.038762545687609326e-03
8.362149605812510544e-03
8.693282203104796962e-03
9.032012442218505591e-03
9.378165908217708444e-03
9.731540974702237654e-03
1.009190591626154578e-02
1.045900116440675806e-02
1.083253643295929887e-02
1.121218858428313370e-02
1.159760317222013892e-02
1.198839379099544966e-02
1.238413629488935991e-02
1.278437917157283429e-02
1.318862823813220057e-02
1.359635849959614506e-02
1.400700987120182504e-02
1.441998144231201873e-02
1.483464336317156552e-02
1.525032232180101137e-02
1.566631491851524713e-02
1.608188050202072339e-02
1.649624135476238443e-02
1.690858875986877077e-02
1.731807733659826432e-02
1.772382966078714372e-02
1.812493796040747646e-02
1.852046435393939552e-02
1.890943963144121193e-02
1.929086938473572460e-02
1.966373280883035313e-02
2.002698738415320187e-02
2.037957063264688243e-02
2.072039601174626225e-02
2.104836642994675072e-02
2.136236868924178481e-02
2.166128261232297750e-02
2.194397843398867079e-02
2.220932300458955053e-02
2.245618306241014064e-02
2.268342850943868769e-02
2.288994302815752085e-02
2.307460974724767286e-02
2.323633800419968448e-02
2.337405341180679927e-02
2.348670406643428576e-02
2.357326968644508219e-02
2.363275900129045357e-02
2.366422180906420022e-02
2.366674928069224457e-02
2.363948012175283789e-02
2.358160378306786362e-02
2.349236365321284020e-02
2.337106610154188885e-02
2.321708362706204759e-02
2.302985211052726786e-02
2.280888565129997672e-02
2.255377082435302410e-02
2.226418438757197041e-02
2.193987572595932495e-02
2.158069328921391472e-02
2.118656401847095194e-02
2.075752263188458679e-02
2.029368802280729842e-02
1.979528217260680470e-02
1.926262699392224109e-02
1.869614698946932621e-02
1.809636451423596304e-02
1.746390671992384055e-02
1.679950509883999105e-02
1.610398909339041257e-02
1.537829138303118716e-02
1.462344429897966501e-02
1.384057617264772798e-02
1.303091055309563151e-02
1.219576535819631366e-02
1.133654315361592134e-02
1.045473457730316039e-02
9.551905555966414690e-03
8.629700606739133459e-03
7.689829936223688440e-03
6.734071163637488436e-03
5.764254849397303267e-03
4.782263189518562441e-03
3.790019131353239423e-03
2.789483530446325039e-03
1.782642008879989273e-03
7.714998703481234675e-04
-2.419259272857552192e-04
-1.255618099120343455e-03
-2.267564109050419427e-03
-3.275767642525068482e-03
-4.278256006468757200e-03
-5.273088580984892568e-03
-6.258366584917413565e-03
-7.232239279711479354e-03
-8.192914395098383623e-03
-9.138664781413171484e-03
-1.006783448493746638e-02
-1.097884836004591955e-02
-1.187021648920801899e-02
-1.274054027730577195e-02
-1.358851855595258860e-02
-1.441295093356053693e-02
-1.521274351723365080e-02
-1.598690782326167223e-02
-1.673456827974911104e-02
-1.745495996831844879e-02
-1.814743054502660283e-02
-1.881143900074547931e-02
-1.944655640035720251e-02
-2.005245833208649589e-02
-2.062892742361921786e-02
-2.117584832578296022e-02
-2.169320252140173252e-02
-2.218105858013668871e-02
-2.263957109915453944e-02
-2.306897368835943846e-02
-2.346956604359757767e-02
-2.384171130435140326e-02
-2.418582467455254043e-02
-2.450236805302473397e-02
-2.479183607508176831e-02
-2.505474833354833647e-02
-2.529164935045743329e-02
-2.550308412663168309e-02
-2.568961104994567368e-02
-2.585177305699950731e-02
-2.599011382303230422e-02
-2.610515992469707169e-02
-2.619742205207459609e-02
-2.626739206308347646e-02
-2.631555382136031157e-02
-2.634238472449779850e-02
-2.634835132829452600e-02
-2.633394953793498014e-02
-2.629969610932240964e-02
-2.624616619716611116e-02
-2.617402207245936308e-02
-2.608404566601873684e-02
-2.597718448580653081e-02
-2.585461991715986077e-02
-2.571780999375735191e-02
-2.556855944004868264e-02
-2.540910500874239350e-02
-2.524213827633047316e-02
-2.507085057431895914e-02
-2.489890731778772112e-02
-2.473036007105192460e-02
-2.456946989986326726e-02
-2.442044384209230215e-02
-2.428707872658283223e-02
-2.417239037457944925e-02
-2.407821770788845864e-02
-2.400495938610309327e-02
-2.395149045212085007e-02
-2.391530472909468574e-02
-2.389293538586340776e-02
-2.388055951335408406e-02
-2.387474087297993680e-02
-2.387308449322321502e-02
-2.387474087297993333e-02
-2.388055951335408406e-02
-2.389293538586340776e-02
-2.391530472909468574e-02
-2.395149045212085007e-02
-2.400495938610309327e-02
-2.407821770788845864e-02
-2.417239037457945272e-02
-2.428707872658283570e-02
-2.442044384209230215e-02
-2.456946989986326726e-02
-2.473036007105192460e-02
-2.489890731778772112e-02
-2.507085057431895914e-02
-2.524213827633047316e-02
-2.540910500874239350e-02
-2.556855944004868264e-02
-2.571780999375735191e-02
-2.585461991715986077e-02
-2.597718448580653081e-02
-2.608404566601873684e-02
-2.617402207245936308e-02
-2.624616619716611116e-02
-2.629969610932240964e-02
-2.633394953793498014e-02
-2.634835132829452600e-02
-2.634238472449779850e-02
-2.631555382136031157e-02
-2.626739206308347646e-02
-2.619742205207459609e-02
-2.610515992469707169e-02
-2.599011382303230422e-02
-2.585177305699950731e-02
-2.568961104994567368e-02
-2.550308412663166921e-02
-2.529164935045743329e-02
-2.505474833354833647e-02
-2.479183607508176831e-02
-2.450236805302473397e-02
-2.418582467455254043e-02
-2.384171130435140326e-02
-2.346956604359757767e-02
-2.306897368835943846e-02
-2.263957109915453250e-02
-2.218105858013668871e-02
-2.169320252140173252e-02
-2.117584832578296022e-02
-2.062892742361921786e-02
-2.005245833208649589e-02
-1.944655640035720251e-02
-1.881143900074547931e-02
-1.814743054502660283e-02
-1.745495996831844879e-02
-1.673456827974911104e-02
-1.598690782326167223e-02
-1.521274351723365080e-02
-1.441295093356053693e-02
-1.358851855595258860e-02
-1.274054027730577195e-02
-1.187021648920801899e-02
-1.097884836004592302e-02
-1.006783448493746638e-02
-9.138664781413171484e-03
-8.192914395098383623e-03
-7.232239279711479354e-03
-6.258366584917413565e-03
-5.273088580984891700e-03
-4.278256006468756333e-03
-3.275767642525069783e-03
-2.267564109050419427e-03
-1.255618099120343455e-03
-2.419259272857558968e-04
7.714998703481234675e-04
1.782642008879990574e-03
2.789483530446325906e-03
3.790019131353239423e-03
4.782263189518562441e-03
5.764254849397303267e-03
6.734071163637488436e-03
7.689829936223688440e-03
8.629700606739133459e-03
9.551905555966414690e-03
1.045473457730316039e-02
1.133654315361592134e-02
1.219576535819631366e-02
1.303091055309563671e-02
1.384057617264772798e-02
1.462344429897966501e-02
1.537829138303118716e-02
1.610398909339041257e-02
1.679950509883999105e-02
1.746390671992384055e-02
1.809636451423596304e-02
1.869614698946932621e-02
1.926262699392224109e-02
1.979528217260680470e-02
2.029368802280729842e-02
2.075752263188458679e-02
2.118656401847095194e-02
2.158069328921391472e-02
2.193987572595932495e-02
2.226418438757197041e-02
2.255377082435302410e-02
2.280888565129997672e-02
2.302985211052726786e-02
2.321708362706204759e-02
2.337106610154189232e-02
2.349236365321284020e-02
2.358160378306786362e-02
2.363948012175283442e-02
2.366674928069224457e-02
2.366422180906420022e-02
2.363275900129045357e-02
2.357326968644508219e-02
2.348670406643428576e-02
2.337405341180679927e-02
2.323633800419968448e-02
2.307460974724767286e-02
2.288994302815752085e-02
2.268342850943868769e-02
2.245618306241014064e-02
2.220932300458955053e-02
2.194397843398867079e-02
2.166128261232297750e-02
2.136236868924178481e-02
2.104836642994675072e-02
2.072039601174626225e-02
2.037957063264688243e-02
2.002698738415320187e-02
1.966373280883035313e-02
1.929086938473572460e-02
1.890943963144121193e-02
1.852046435393939552e-02
1.812493796040747646e-02
1.772382966078714372e-02
1.731807733659826432e-02
1.690858875986877077e-02
1.649624135476238443e-02
1.608188050202072339e-02
1.566631491851524713e-02
1.525032232180101137e-02
1.483464336317156552e-02
1.441998144231201873e-02
1.400700987120182504e-02
1.359635849959614506e-02
1.318862823813220057e-02
1.278437917157283429e-02
1.238413629488935991e-02
1.198839379099544966e-02
1.159760317222013892e-02
1.121218858428313370e-02
1.083253643295929887e-02
1.045900116440675806e-02
1.009190591626154578e-02
9.731540974702237654e-03
9.378165908217708444e-03
9.032012442218505591e-03
8.693282203104796962e-03
8.362149605812510544e-03
8.038762545687609326e-03
7.723244563776467987e-03
7.415693348036419240e-03
7.116184376739532157e-03
6.824771631057061083e-03
6.541486844288372723e-03
6.266343892381375999e-03
5.999335849462017825e-03
5.740440119623772992e-03
5.489617700948503688e-03
5.246813553382791324e-03
5.011958804105075445e-03
4.784971854617216247e-03
4.565758756275767327e-03
4.354214688750597702e-03
4.150224339559031167e-03
3.953663753066427415e-03
3.764400713238566076e-03
3.582295494675664244e-03
3.407201981761576876e-03
3.238968421889959655e-03
3.077438179561551440e-03
2.922450307744355654e-03
2.773840303309564170e-03
2.631441413364199195e-03
2.495084107252218235e-03
2.364597383531912358e-03
2.239809526717058148e-03
2.120548130223704961e-03
2.006640486265229978e-03
1.897914893033937275e-03
1.794199760102759824e-03
1.695325649161779583e-03
1.601123645095134081e-03
1.511427579641650299e-03
1.426073135714615468e-03
1.344898602576273354e-03
1.267744804980563880e-03
1.194455582283679906e-03
1.124877991879550104e-03
1.058862236938677920e-03
9.962621440498581251e-04
9.369347229857731899e-04
8.807411019628006051e-04
8.275458111223276758e-04
7.772174414915592085e-04
7.296282943031057178e-04
6.846545343038657264e-04
6.421764801127162383e-04
6.020781601442528165e-04
5.642476477345707668e-04
5.285769829159867777e-04
4.949619560532495140e-04
4.633024413636778276e-04
4.335019501686319075e-04
4.054679175180889703e-04
3.791113920373417813e-04
3.543471610287647860e-04
3.310936228257472711e-04
3.092727274842757036e-04
2.888098252878382372e-04
2.696337212178895261e-04
2.516765225939084625e-04
2.348735321679108117e-04
2.191632325539125440e-04
2.044872244022487588e-04
1.907900265961916470e-04
1.780191054245155709e-04
1.661247543343591067e-04
1.550600077470393342e-04
1.447805889486466666e-04
1.352448003316445661e-04
1.264134592008182368e-04
1.182498447536229139e-04
1.107195759769385020e-04
1.037906154076436891e-04
9.743315796142189723e-05
9.161956537557374174e-05
8.632431760713615669e-05
8.152396972748018542e-05
7.719707992024023877e-05
7.332416592419374157e-05
6.988767272727983756e-05
6.687191138360030617e-05
6.426303776035447238e-05
6.204900241820849812e-05
6.021954616442639572e-05
5.876614381390346661e-05
5.768200509706400045e-05
5.696206391593848809e-05
5.660293875027746168e-05
5.660293875027746168e-05
5.696206391593848809e-05
5.768200509706400045e-05
5.876614381390346661e-05
6.021954616442639572e-05
6.204900241820849812e-05
6.426303776035447238e-05
6.687191138360030617e-05
6.988767272727983756e-05
7.332416592419374157e-05
7.719707992024023877e-05
8.152396972748018542e-05
8.632431760713615669e-05
9.161956537557374174e-05
9.743315796142189723e-05
1.037906154076436891e-04
1.107195759769385020e-04
1.182498447536229139e-04
1.264134592008182368e-04
1.352448003316445661e-04
1.447805889486466666e-04
1.550600077470393342e-04
1.661247543343591067e-04
1.780191054245155709e-04
1.907900265961916470e-04
2.044872244022487588e-04
2.191632325539125440e-04
2.348735321679108117e-04
2.516765225939084625e-04
2.696337212178895261e-04
2.888098252878382372e-04
3.092727274842757036e-04
3.310936228257472711e-04
3.543471610287647860e-04
3.791113920373417813e-04
4.054679175180889703e-04
4.335019501686319075e-04
4.633024413636778276e-04
4.949619560532495140e-04
5.285769829159867777e-04
5.642476477345707668e-04
6.020781601442528165e-04
6.421764801127162383e-04
6.846545343038657264e-04
7.296282943031057178e-04
7.772174414915592085e-04
8.275458111223276758e-04
8.807411019628006051e-04
9.369347229857731899e-04
9.962621440498581251e-04
1.058862236938677920e-03
1.124877991879550104e-03
1.194455582283679906e-03
1.267744804980563880e-03
1.344898602576273354e-03
1.426073135714615468e-03
1.511427579641650299e-03
1.601123645095134081e-03
1.695325649161779583e-03
1.794199760102759824e-03
1.897914893033937275e-03
2.006640486265229978e-03
2.120548130223704961e-03
2.239809526717058148e-03
2.364597383531912358e-03
2.495084107252218235e-03
2.631441413364199195e-03
2.773840303309564170e-03
2.922450307744355654e-03
3.077438179561551440e-03
3.238968421889959655e-03
3.407201981761576876e-03
3.582295494675664244e-03
3.764400713238566076e-03
3.953663753066427415e-03
4.150224339559031167e-03
4.354214688750597702e-03
4.565758756275767327e-03
4.784971854617216247e-03
5.011958804105075445e-03
5.246813553382791324e-03
5.489617700948503688e-03
5.740440119623772992e-03
5.999335849462017825e-03
6.266343892381375999e-03
6.541486844288372723e-03
6.824771631057061083e-03
7.116184376739532157e-03
7.415693348036419240e-03
7.723244563776467987e-03
8.038762545687609326e-03
8.362149605812510544e-03
8.693282203104796962e-03
9.032012442218505591e-03
9.378165908217708444e-03
9.731540974702237654e-03
1.009190591626154578e-02
1.045900116440675806e-02
1.083253643295929887e-02
1.121218858428313370e-02
1.159760317222013892e-02
1.198839379099544966e-02
1.238413629488935991e-02
1.278437917157283429e-02
1.318862823813220057e-02
1.359635849959614506e-02
1.400700987120182504e-02
1.441998144231201873e-02
1.483464336317156552e-02
1.525032232180101137e-02
1.566631491851524713e-02
1.608188050202072339e-02
1.649624135476238443e-02
1.690858875986877077e-02
1.731807733659826432e-02
1.772382966078714372e-02
1.812493796040747646e-02
1.852046435393939552e-02
1.890943963144121193e-02
1.929086938473572460e-02
1.966373280883035313e-02
2.002698738415320187e-02
2.037957063264688243e-02
2.072039601174626225e-02
2.104836642994675072e-02
2.136236868924178481e-02
2.166128261232297750e-02
2.194397843398867079e-02
2.220932300458955053e-02
2.245618306241014064e-02
2.268342850943868769e-02
2.288994302815752085e-02
2.307460974724767286e-02
2.323633800419968448e-02
2.337405341180679927e-02
2.348670406643428576e-02
2.357326968644508219e-02
2.363275900129045357e-02
2.366422180906420022e-02
2.366674928069224457e-02
2.363948012175283789e-02
2.358160378306786362e-02
2.349236365321284020e-02
2.337106610154188885e-02
2.321708362706204759e-02
2.302985211052726786e-02
2.280888565129997672e-02
2.255377082435302410e-02
2.226418438757197041e-02
2.193987572595932495e-02
2.158069328921391472e-02
2.118656401847095194e-02
2.075752263188458679e-02
2.029368802280729842e-02
1.979528217260680470e-02
1.926262699392224109e-02
1.869614698946932621e-02
1.809636451423596304e-02
1.746390671992384055e-02
1.679950509883999105e-02
1.610398909339041257e-02
1.537829138303118716e-02
1.462344429897966501e-02
1.384057617264772798e-02
1.303091055309563151e-02
1.219576535819631366e-02
1.133654315361592134e-02
1.045473457730316039e-02
9.551905555966414690e-03
8.629700606739133459e-03
7.689829936223688440e-03
6.734071163637488436e-03
5.764254849397303267e-03
4.782263189518562441e-03
3.790019131353239423e-03
2.789483530446325039e-03
1.782642008879989273e-03
7.714998703481234675e-04
-2.419259272857552192e-04
-1.255618099120343455e-03
-2.267564109050419427e-03
-3.275767642525068482e-03
-4.278256006468757200e-03
-5.273088580984892568e-03
-6.258366584917413565e-03
-7.232239279711479354e-03
-8.192914395098383623e-03
-9.138664781413171484e-03
-1.006783448493746638e-02
-1.097884836004591955e-02
-1.187021648920801899e-02
-1.274054027730577195e-02
-1.358851855595258860e-02
-1.441295093356053693e-02
-1.521274351723365080e-02
-1.598690782326167223e-02
-1.673456827974911104e-02
-1.745495996831844879e-02
-1.814743054502660283e-02
-1.881143900074547931e-02
-1.944655640035720251e-02
-2.005245833208649589e-02
-2.062892742361921786e-02
-2.117584832578296022e-02
-2.169320252140173252e-02
-2.218105858013668871e-02
-2.263957109915453944e-02
-2.306897368835943846e-02
-2.346956604359757767e-02
-2.384171130435140326e-02
-2.418582467455254043e-02
-2.450236805302473397e-02
-2.479183607508176831e-02
-2.505474833354833647e-02
-2.529164935045743329e-02
-2.550308412663168309e-02
-2.568961104994567368e-02
-2.585177305699950731e-02
-2.599011382303230422e-02
-2.610515992469707169e-02
-2.619742205207459609e-02
-2.626739206308347646e-02
-2.631555382136031157e-02
-2.634238472449779850e-02
-2.634835132829452600e-02
-2.633394953793498014e-02
-2.629969610932240964e-02
-2.624616619716611116e-02
-2.617402207245936308e-02
-2.608404566601873684e-02
-2.597718448580653081e-02
-2.585461991715986077e-02
-2.571780999375735191e-02
-2.556855944004868264e-02
-2.540910500874239350e-02
-2.524213827633047316e-02
-2.507085057431895914e-02
-2.489890731778772112e-02
-2.473036007105192460e-02
-2.456946989986326726e-02
-2.442044384209230215e-02
-2.428707872658283223e-02
-2.417239037457944925e-02
-2.407821770788845864e-02
-2.400495938610309327e-02
-2.395149045212085007e-02
-2.391530472909468574e-02
-2.389293538586340776e-02
-2.388055951335408406e-02
-2.387474087297993680e-02
