1.491984470225509764e-02
1.490562912852152165e-02
1.486345628655699053e-02
1.479469545003266398e-02
1.470143354906454890e-02
1.458625308744958445e-02
1.445194792348616225e-02
1.430127637914398002e-02
1.413676541908668975e-02
1.396057504143359204e-02
1.377445021212705088e-02
1.357973904757689074e-02
1.337744282766623223e-02
1.316830306626869292e-02
1.295288791510439824e-02
1.273166987969144223e-02
1.250509110884424208e-02
1.227359820629048137e-02
1.203767680363496823e-02
1.179785653112329878e-02
1.155472458133061445e-02
1.130890841476240444e-02
1.106107683213607140e-02
1.081192868506582541e-02
1.056217693814612626e-02
1.031254461113143527e-02
1.006375620482053909e-02
9.816523849165738336e-03
9.571535685719226999e-03
9.329458599400108215e-03
9.090927344293099621e-03
8.856528421684987940e-03
8.626816869698770290e-03
8.402287710026325532e-03
8.183390506142440915e-03
7.970516233245654100e-03
7.764003939820948719e-03
7.564129000355870880e-03
7.371109731226355329e-03
7.185107209603544196e-03
7.006217815915102322e-03
6.834490151546614156e-03
6.669910905275505848e-03
6.512410413126153673e-03
6.361871601533107892e-03
6.218126469770419648e-03
6.080964780570465369e-03
5.950128405551458576e-03
5.825323445859837204e-03
5.706224041246599210e-03
5.592469255311878495e-03
5.483672120285823168e-03
5.379423603659417956e-03
5.279298939551744542e-03
5.182854676127043869e-03
5.089640646824603737e-03
4.999197988317199276e-03
4.911068345343586397e-03
4.824794233943286055e-03
4.739922200086193853e-03
4.656009235320638859e-03
4.572624063962570443e-03
4.489350749297527261e-03
4.405789959497891095e-03
4.321563246091887807e-03
4.236317073468877543e-03
4.149720311472091146e-03
4.061469625387866336e-03
3.971288326955172039e-03
3.878931724314911393e-03
3.784182439587865324e-03
3.686855950241266482e-03
3.586797960730540337e-03
3.483888505862268829e-03
3.378034392712607904e-03
3.269178154194336740e-03
3.157292315681041548e-03
3.042377601945306289e-03
2.924466016628116116e-03
2.803617153659740315e-03
2.679918219019747101e-03
2.553481011784965605e-03
2.424443083278541699e-03
2.292964460657255597e-03
2.159224941869374113e-03
2.023425804747033905e-03
1.885783940503071724e-03
1.746533197391865206e-03
1.605920595502076083e-03
1.464205329868365152e-03
1.321656779319489846e-03
1.178552395036401189e-03
1.035174945776997767e-03
8.918130786494259284e-04
7.487571052945769454e-04
6.062982214196175734e-04
4.647266055526113595e-04
3.243308568516468254e-04
1.853944651192712982e-04
4.819615288077029646e-05
-8.699286587130785047e-05
-2.199087436173373530e-04
-3.502969794689305989e-04
-4.779150660809580145e-04
-6.025296476159826276e-04
-7.239209797016111451e-04
-8.418822347788701334e-04
-9.562197354192820183e-04
-1.066754755800371993e-03
-1.173322991366820096e-03
-1.275775421930327959e-03
-1.373978472725629783e-03
-1.467813357019566792e-03
-1.557178674847710257e-03
-1.641986954702861481e-03
-1.722167129028717540e-03
-1.797663630375128524e-03
-1.868436182852659241e-03
-1.934458892009818885e-03
-1.995721194391391652e-03
-2.052226126704792368e-03
-2.103990571343129952e-03
-2.151044800847647705e-03
-2.193431321453572121e-03
-2.231204645676248231e-03
-2.264431295591129174e-03
-2.293188174308143264e-03
-2.317562099752731690e-03
-2.337648871081636406e-03
-2.353554429012942682e-03
-2.365390892456682541e-03
-2.373278647453429344e-03
-2.377344709662956856e-03
-2.377721085820705318e-03
-2.374545695420161168e-03
-2.367960264802562807e-03
-2.358111014531009617e-03
-2.345146319389181978e-03
-2.329217394701333863e-03
-2.310477119624735048e-03
-2.289079791471248636e-03
-2.265179948496128838e-03
-2.238932356707055288e-03
-2.210491530951156497e-03
-2.180010557515301307e-03
-2.147641080946079313e-03
-2.113533290991642145e-03
-2.077834745562615309e-03
-2.040690358064296047e-03
-2.002241919326131370e-03
-1.962628085487085408e-03
-1.921983900546480641e-03
-1.880440202853355140e-03
-1.838123963296113984e-03
-1.795157692567156535e-03
-1.751659780163745701e-03
-1.707743436831966931e-03
-1.663517500092465693e-03
-1.619085843226031893e-03
-1.574547483199305797e-03
-1.529996456209693767e-03
-1.485521693679996104e-03
-1.441207364361478394e-03
-1.397132518387843867e-03
-1.353371197427444316e-03
-1.309992778095442302e-03
-1.267061500879266547e-03
-1.224637280043035844e-03
-1.182775000532191754e-03
-1.141525212249371729e-03
-1.100933776967035534e-03
-1.061042563339339908e-03
-1.021888978108137546e-03
-9.835066617953939702e-04
-9.459250787686331301e-04
-9.091700971404053635e-04
-8.732639868801021516e-04
-8.382254764074637769e-04
-8.040701004835281189e-04
-7.708102573077003482e-04
-7.384553240522761727e-04
-7.070120054430699581e-04
-6.764842750877570268e-04
-6.468736080300967152e-04
-6.181792134782981406e-04
-5.903980930714867233e-04
-5.635252739176088059e-04
-5.375538671446035942e-04
-5.124753011990202355e-04
-4.882793806348676379e-04
-4.649545778354480631e-04
-4.424878882697826869e-04
-4.208652097001558162e-04
-4.000714304241595833e-04
-3.800904302691980119e-04
-3.609052562655058467e-04
-3.424982692629677163e-04
-3.248512032766371922e-04
-3.079452248654488593e-04
-2.917611380567732894e-04
-2.762793855647320399e-04
-2.614801373349423248e-04
-2.473433790989371041e-04
-2.338490009334276551e-04
-2.209768130603572474e-04
-2.087066926104890526e-04
-1.970185557565488845e-04
-1.858924608027641662e-04
-1.753086385008968445e-04
-1.652475660053245442e-04
-1.556899389455357764e-04
-1.466168035483082083e-04
-1.380094850097296163e-04
-1.298497341209033594e-04
-1.221196410364744052e-04
-1.148017309142942727e-04
-1.078789576627965836e-04
-1.013347413143459439e-04
-9.515295443638191073e-05
-8.931795216723952989e-05
-8.381458766855373361e-05
-7.862821299395032402e-05
-7.374467264979750599e-05
-6.915034805560503527e-05
-6.483210738493540835e-05
-6.077736451374669905e-05
-5.697402879761665574e-05
-5.341053485299052231e-05
-5.007583228945318101e-05
-4.695938268710000166e-05
-4.405116381939528009e-05
-4.134165201811129198e-05
-3.882182997452053434e-05
-3.648317268358449599e-05
-3.431765154938790508e-05
-3.231772754847522377e-05
-3.047633345158224814e-05
-2.878688512201659641e-05
-2.724326368350822166e-05
-2.583981585172423639e-05
-2.457134878304021559e-05
-2.343311762201474930e-05
-2.242083303282254108e-05
-2.153064324029978899e-05
-2.075913969367776347e-05
-2.010334815455942572e-05
-1.956072521832227695e-05
-1.912915663123541975e-05
-1.880695376554343049e-05
-1.859285370967978291e-05
-1.848601387882020430e-05
-1.848601387882020430e-05
-1.859285370967978291e-05
-1.880695376554343049e-05
-1.912915663123541975e-05
-1.956072521832227695e-05
-2.010334815455942572e-05
-2.075913969367776347e-05
-2.153064324029978899e-05
-2.242083303282254108e-05
-2.343311762201474930e-05
-2.457134878304021559e-05
-2.583981585172423639e-05
-2.724326368350822166e-05
-2.878688512201659641e-05
-3.047633345158224814e-05
-3.231772754847522377e-05
-3.431765154938790508e-05
-3.648317268358449599e-05
-3.882182997452053434e-05
-4.134165201811129198e-05
-4.405116381939528009e-05
-4.695938268710000166e-05
-5.007583228945318101e-05
-5.341053485299052231e-05
-5.697402879761665574e-05
-6.077736451374669905e-05
-6.483210738493540835e-05
-6.915034805560503527e-05
-7.374467264979750599e-05
-7.862821299395032402e-05
-8.381458766855373361e-05
-8.931795216723952989e-05
-9.515295443638191073e-05
-1.013347413143459439e-04
-1.078789576627965836e-04
-1.148017309142942727e-04
-1.221196410364744052e-04
-1.298497341209033594e-04
-1.380094850097296163e-04
-1.466168035483082083e-04
-1.556899389455357764e-04
-1.652475660053245442e-04
-1.753086385008968445e-04
-1.858924608027641662e-04
-1.970185557565488845e-04
-2.087066926104890526e-04
-2.209768130603572474e-04
-2.338490009334276551e-04
-2.473433790989371041e-04
-2.614801373349423248e-04
-2.762793855647320399e-04
-2.917611380567732894e-04
-3.079452248654488593e-04
-3.248512032766371922e-04
-3.424982692629677163e-04
-3.609052562655058467e-04
-3.800904302691980119e-04
-4.000714304241595833e-04
-4.208652097001558162e-04
-4.424878882697826869e-04
-4.649545778354480631e-04
-4.882793806348676379e-04
-5.124753011990202355e-04
-5.375538671446035942e-04
-5.635252739176088059e-04
-5.903980930714867233e-04
-6.181792134782981406e-04
-6.468736080300967152e-04
-6.764842750877570268e-04
-7.070120054430699581e-04
-7.384553240522761727e-04
-7.708102573077003482e-04
-8.040701004835281189e-04
-8.382254764074637769e-04
-8.732639868801021516e-04
-9.091700971404053635e-04
-9.459250787686331301e-04
-9.835066617953939702e-04
-1.021888978108137546e-03
-1.061042563339339908e-03
-1.100933776967035534e-03
-1.141525212249371729e-03
-1.182775000532191754e-03
-1.224637280043035844e-03
-1.267061500879266547e-03
-1.309992778095442302e-03
-1.353371197427444316e-03
-1.397132518387843867e-03
-1.441207364361478394e-03
-1.485521693679996104e-03
-1.529996456209693767e-03
-1.574547483199305797e-03
-1.619085843226031893e-03
-1.663517500092465693e-03
-1.707743436831966931e-03
-1.751659780163745701e-03
-1.795157692567156535e-03
-1.838123963296113984e-03
-1.880440202853355140e-03
-1.921983900546480641e-03
-1.962628085487085408e-03
-2.002241919326131370e-03
-2.040690358064296481e-03
-2.077834745562615309e-03
-2.113533290991642145e-03
-2.147641080946079313e-03
-2.180010557515301307e-03
-2.210491530951156497e-03
-2.238932356707055288e-03
-2.265179948496128838e-03
-2.289079791471248636e-03
-2.310477119624735048e-03
-2.329217394701333863e-03
-2.345146319389181978e-03
-2.358111014531009617e-03
-2.367960264802562807e-03
-2.374545695420161168e-03
-2.377721085820705318e-03
-2.377344709662956856e-03
-2.373278647453429344e-03
-2.365390892456682541e-03
-2.353554429012942682e-03
-2.337648871081636406e-03
-2.317562099752731690e-03
-2.293188174308143264e-03
-2.264431295591129174e-03
-2.231204645676248231e-03
-2.193431321453572121e-03
-2.151044800847647272e-03
-2.103990571343129952e-03
-2.052226126704792368e-03
-1.995721194391391218e-03
-1.934458892009818885e-03
-1.868436182852659241e-03
-1.797663630375128524e-03
-1.722167129028717540e-03
-1.641986954702861481e-03
-1.557178674847710257e-03
-1.467813357019566792e-03
-1.373978472725629783e-03
-1.275775421930327959e-03
-1.173322991366820096e-03
-1.066754755800371993e-03
-9.562197354192820183e-04
-8.418822347788701334e-04
-7.239209797016111451e-04
-6.025296476159826276e-04
-4.779150660809580145e-04
-3.502969794689305989e-04
-2.199087436173373530e-04
-8.699286587130785047e-05
4.819615288077029646e-05
1.853944651192712982e-04
3.243308568516468254e-04
4.647266055526113595e-04
6.062982214196175734e-04
7.487571052945769454e-04
8.918130786494259284e-04
1.035174945776997767e-03
1.178552395036401189e-03
1.321656779319489846e-03
1.464205329868365152e-03
1.605920595502076083e-03
1.746533197391865206e-03
1.885783940503071724e-03
2.023425804747033905e-03
2.159224941869374113e-03
2.292964460657255597e-03
2.424443083278541699e-03
2.553481011784965605e-03
2.679918219019747101e-03
2.803617153659740315e-03
2.924466016628116116e-03
3.042377601945306289e-03
3.157292315681041548e-03
3.269178154194336740e-03
3.378034392712607904e-03
3.483888505862268829e-03
3.586797960730540337e-03
3.686855950241266482e-03
3.784182439587865324e-03
3.878931724314911393e-03
3.971288326955172039e-03
4.061469625387866336e-03
4.149720311472091146e-03
4.236317073468877543e-03
4.321563246091887807e-03
4.405789959497891095e-03
4.489350749297527261e-03
4.572624063962570443e-03
4.656009235320638859e-03
4.739922200086193853e-03
4.824794233943286055e-03
4.911068345343586397e-03
4.999197988317199276e-03
5.089640646824603737e-03
5.182854676127043869e-03
5.279298939551744542e-03
5.379423603659417956e-03
5.483672120285823168e-03
5.592469255311878495e-03
5.706224041246599210e-03
5.825323445859837204e-03
5.950128405551458576e-03
6.080964780570465369e-03
6.218126469770419648e-03
6.361871601533107025e-03
6.512410413126153673e-03
6.669910905275505848e-03
6.834490151546614156e-03
7.006217815915102322e-03
7.185107209603544196e-03
7.371109731226355329e-03
7.564129000355870880e-03
7.764003939820948719e-03
7.970516233245654100e-03
8.183390506142440915e-03
8.402287710026325532e-03
8.626816869698770290e-03
8.856528421684987940e-03
9.090927344293099621e-03
9.329458599400108215e-03
9.571535685719226999e-03
9.816523849165738336e-03
1.006375620482053909e-02
1.031254461113143527e-02
1.056217693814612626e-02
1.081192868506582541e-02
1.106107683213607140e-02
1.130890841476240444e-02
1.155472458133061445e-02
1.179785653112329878e-02
1.203767680363496649e-02
1.227359820629048137e-02
1.250509110884424208e-02
1.273166987969144223e-02
1.295288791510439998e-02
1.316830306626869292e-02
1.337744282766623223e-02
1.357973904757689074e-02
1.377445021212705088e-02
1.396057504143359204e-02
1.413676541908668802e-02
1.430127637914398002e-02
1.445194792348616225e-02
1.458625308744958445e-02
1.470143354906454890e-02
1.479469545003266398e-02
1.486345628655699053e-02
1.490562912852152165e-02
1.491984470225509764e-02
1.490562912852152165e-02
1.486345628655699053e-02
1.479469545003266398e-02
1.470143354906454890e-02
1.458625308744958445e-02
1.445194792348616225e-02
1.430127637914398002e-02
1.413676541908668975e-02
1.396057504143359204e-02
1.377445021212705088e-02
1.357973904757689074e-02
1.337744282766623223e-02
1.316830306626869292e-02
1.295288791510439824e-02
1.273166987969144223e-02
1.250509110884424208e-02
1.227359820629048137e-02
1.203767680363496823e-02
1.179785653112329878e-02
1.155472458133061445e-02
1.130890841476240444e-02
1.106107683213607140e-02
1.081192868506582541e-02
1.056217693814612626e-02
1.031254461113143527e-02
1.006375620482053909e-02
9.816523849165738336e-03
9.571535685719226999e-03
9.329458599400108215e-03
9.090927344293099621e-03
8.856528421684987940e-03
8.626816869698770290e-03
8.402287710026325532e-03
8.183390506142440915e-03
7.970516233245654100e-03
7.764003939820948719e-03
7.564129000355870880e-03
7.371109731226355329e-03
7.185107209603544196e-03
7.006217815915102322e-03
6.834490151546614156e-03
6.669910905275505848e-03
6.512410413126153673e-03
6.361871601533107892e-03
6.218126469770419648e-03
6.080964780570465369e-03
5.950128405551458576e-03
5.825323445859837204e-03
5.706224041246599210e-03
5.592469255311878495e-03
5.483672120285823168e-03
5.379423603659417956e-03
5.279298939551744542e-03
5.182854676127043869e-03
5.089640646824603737e-03
4.999197988317199276e-03
4.911068345343586397e-03
4.824794233943286055e-03
4.739922200086193853e-03
4.656009235320638859e-03
4.572624063962570443e-03
4.489350749297527261e-03
4.405789959497891095e-03
4.321563246091887807e-03
4.236317073468877543e-03
4.149720311472091146e-03
4.061469625387866336e-03
3.971288326955172039e-03
3.878931724314911393e-03
3.784182439587865324e-03
3.686855950241266482e-03
3.586797960730540337e-03
3.483888505862268829e-03
3.378034392712607904e-03
3.269178154194336740e-03
3.157292315681041548e-03
3.042377601945306289e-03
2.924466016628116116e-03
2.803617153659740315e-03
2.679918219019747101e-03
2.553481011784965605e-03
2.424443083278541699e-03
2.292964460657255597e-03
2.159224941869374113e-03
2.023425804747033905e-03
1.885783940503071724e-03
1.746533197391865206e-03
1.605920595502076083e-03
1.464205329868365152e-03
1.321656779319489846e-03
1.178552395036401189e-03
1.035174945776997767e-03
8.918130786494259284e-04
7.487571052945769454e-04
6.062982214196175734e-04
4.647266055526113595e-04
3.243308568516468254e-04
1.853944651192712982e-04
4.819615288077029646e-05
-8.699286587130785047e-05
-2.199087436173373530e-04
-3.502969794689305989e-04
-4.779150660809580145e-04
-6.025296476159826276e-04
-7.239209797016111451e-04
-8.418822347788701334e-04
-9.562197354192820183e-04
-1.066754755800371993e-03
-1.173322991366820096e-03
-1.275775421930327959e-03
-1.373978472725629783e-03
-1.467813357019566792e-03
-1.557178674847710257e-03
-1.641986954702861481e-03
-1.722167129028717540e-03
-1.797663630375128524e-03
-1.868436182852659241e-03
-1.934458892009818885e-03
-1.995721194391391652e-03
-2.052226126704792368e-03
-2.103990571343129952e-03
-2.151044800847647705e-03
-2.193431321453572121e-03
-2.231204645676248231e-03
-2.264431295591129174e-03
-2.293188174308143264e-03
-2.317562099752731690e-03
-2.337648871081636406e-03
-2.353554429012942682e-03
-2.365390892456682541e-03
-2.373278647453429344e-03
-2.377344709662956856e-03
-2.377721085820705318e-03
-2.374545695420161168e-03
-2.367960264802562807e-03
-2.358111014531009617e-03
-2.345146319389181978e-03
-2.329217394701333863e-03
-2.310477119624735048e-03
-2.289079791471248636e-03
-2.265179948496128838e-03
-2.238932356707055288e-03
-2.210491530951156497e-03
-2.180010557515301307e-03
-2.147641080946079313e-03
-2.113533290991642145e-03
-2.077834745562615309e-03
-2.040690358064296047e-03
-2.002241919326131370e-03
-1.962628085487085408e-03
-1.921983900546480641e-03
-1.880440202853355140e-03
-1.838123963296113984e-03
-1.795157692567156535e-03
-1.751659780163745701e-03
-1.707743436831966931e-03
-1.663517500092465693e-03
-1.619085843226031893e-03
-1.574547483199305797e-03
-1.529996456209693767e-03
-1.485521693679996104e-03
-1.441207364361478394e-03
-1.397132518387843867e-03
-1.353371197427444316e-03
-1.309992778095442302e-03
-1.267061500879266547e-03
-1.224637280043035844e-03
-1.182775000532191754e-03
-1.141525212249371729e-03
-1.100933776967035534e-03
-1.061042563339339908e-03
-1.021888978108137546e-03
-9.835066617953939702e-04
-9.459250787686331301e-04
-9.091700971404053635e-04
-8.732639868801021516e-04
-8.382254764074637769e-04
-8.040701004835281189e-04
-7.708102573077003482e-04
-7.384553240522761727e-04
-7.070120054430699581e-04
-6.764842750877570268e-04
-6.468736080300967152e-04
-6.181792134782981406e-04
-5.903980930714867233e-04
-5.635252739176088059e-04
-5.375538671446035942e-04
-5.124753011990202355e-04
-4.882793806348676379e-04
-4.649545778354480631e-04
-4.424878882697826869e-04
-4.208652097001558162e-04
-4.000714304241595833e-04
-3.800904302691980119e-04
-3.609052562655058467e-04
-3.424982692629677163e-04
-3.248512032766371922e-04
-3.079452248654488593e-04
-2.917611380567732894e-04
-2.762793855647320399e-04
-2.614801373349423248e-04
-2.473433790989371041e-04
-2.338490009334276551e-04
-2.209768130603572474e-04
-2.087066926104890526e-04
-1.970185557565488845e-04
-1.858924608027641662e-04
-1.753086385008968445e-04
-1.652475660053245442e-04
-1.556899389455357764e-04
-1.466168035483082083e-04
-1.380094850097296163e-04
-1.298497341209033594e-04
-1.221196410364744052e-04
-1.148017309142942727e-04
-1.078789576627965836e-04
-1.013347413143459439e-04
-9.515295443638191073e-05
-8.931795216723952989e-05
-8.381458766855373361e-05
-7.862821299395032402e-05
-7.374467264979750599e-05
-6.915034805560503527e-05
-6.483210738493540835e-05
-6.077736451374669905e-05
-5.697402879761665574e-05
-5.341053485299052231e-05
-5.007583228945318101e-05
-4.695938268710000166e-05
-4.405116381939528009e-05
-4.134165201811129198e-05
-3.882182997452053434e-05
-3.648317268358449599e-05
-3.431765154938790508e-05
-3.231772754847522377e-05
-3.047633345158224814e-05
-2.878688512201659641e-05
-2.724326368350822166e-05
-2.583981585172423639e-05
-2.457134878304021559e-05
-2.343311762201474930e-05
-2.242083303282254108e-05
-2.153064324029978899e-05
-2.075913969367776347e-05
-2.010334815455942572e-05
-1.956072521832227695e-05
-1.912915663123541975e-05
-1.880695376554343049e-05
-1.859285370967978291e-05
-1.848601387882020430e-05
-1.848601387882020430e-05
-1.859285370967978291e-05
-1.880695376554343049e-05
-1.912915663123541975e-05
-1.956072521832227695e-05
-2.010334815455942572e-05
-2.075913969367776347e-05
-2.153064324029978899e-05
-2.242083303282254108e-05
-2.343311762201474930e-05
-2.457134878304021559e-05
-2.583981585172423639e-05
-2.724326368350822166e-05
-2.878688512201659641e-05
-3.047633345158224814e-05
-3.231772754847522377e-05
-3.431765154938790508e-05
-3.648317268358449599e-05
-3.882182997452053434e-05
-4.134165201811129198e-05
-4.405116381939528009e-05
-4.695938268710000166e-05
-5.007583228945318101e-05
-5.341053485299052231e-05
-5.697402879761665574e-05
-6.077736451374669905e-05
-6.483210738493540835e-05
-6.915034805560503527e-05
-7.374467264979750599e-05
-7.862821299395032402e-05
-8.381458766855373361e-05
-8.931795216723952989e-05
-9.515295443638191073e-05
-1.013347413143459439e-04
-1.078789576627965836e-04
-1.148017309142942727e-04
-1.221196410364744052e-04
-1.298497341209033594e-04
-1.380094850097296163e-04
-1.466168035483082083e-04
-1.556899389455357764e-04
-1.652475660053245442e-04
-1.753086385008968445e-04
-1.858924608027641662e-04
-1.970185557565488845e-04
-2.087066926104890526e-04
-2.209768130603572474e-04
-2.338490009334276551e-04
-2.473433790989371041e-04
-2.614801373349423248e-04
-2.762793855647320399e-04
-2.917611380567732894e-04
-3.079452248654488593e-04
-3.248512032766371922e-04
-3.424982692629677163e-04
-3.609052562655058467e-04
-3.800904302691980119e-04
-4.000714304241595833e-04
-4.208652097001558162e-04
-4.424878882697826869e-04
-4.649545778354480631e-04
-4.882793806348676379e-04
-5.124753011990202355e-04
-5.375538671446035942e-04
-5.635252739176088059e-04
-5.903980930714867233e-04
-6.181792134782981406e-04
-6.468736080300967152e-04
-6.764842750877570268e-04
-7.070120054430699581e-04
-7.384553240522761727e-04
-7.708102573077003482e-04
-8.040701004835281189e-04
-8.382254764074637769e-04
-8.732639868801021516e-04
-9.091700971404053635e-04
-9.459250787686331301e-04
-9.835066617953939702e-04
-1.021888978108137546e-03
-1.061042563339339908e-03
-1.100933776967035534e-03
-1.141525212249371729e-03
-1.182775000532191754e-03
-1.224637280043035844e-03
-1.267061500879266547e-03
-1.309992778095442302e-03
-1.353371197427444316e-03
-1.397132518387843867e-03
-1.441207364361478394e-03
-1.485521693679996104e-03
-1.529996456209693767e-03
-1.574547483199305797e-03
-1.619085843226031893e-03
-1.663517500092465693e-03
-1.707743436831966931e-03
-1.751659780163745701e-03
-1.795157692567156535e-03
-1.838123963296113984e-03
-1.880440202853355140e-03
-1.921983900546480641e-03
-1.962628085487085408e-03
-2.002241919326131370e-03
-2.040690358064296481e-03
-2.077834745562615309e-03
-2.113533290991642145e-03
-2.147641080946079313e-03
-2.180010557515301307e-03
-2.210491530951156497e-03
-2.238932356707055288e-03
-2.265179948496128838e-03
-2.289079791471248636e-03
-2.310477119624735048e-03
-2.329217394701333863e-03
-2.345146319389181978e-03
-2.358111014531009617e-03
-2.367960264802562807e-03
-2.374545695420161168e-03
-2.377721085820705318e-03
-2.377344709662956856e-03
-2.373278647453429344e-03
-2.365390892456682541e-03
-2.353554429012942682e-03
-2.337648871081636406e-03
-2.317562099752731690e-03
-2.293188174308143264e-03
-2.264431295591129174e-03
-2.231204645676248231e-03
-2.193431321453572121e-03
-2.151044800847647272e-03
-2.103990571343129952e-03
-2.052226126704792368e-03
-1.995721194391391218e-03
-1.934458892009818885e-03
-1.868436182852659241e-03
-1.797663630375128524e-03
-1.722167129028717540e-03
-1.641986954702861481e-03
-1.557178674847710257e-03
-1.467813357019566792e-03
-1.373978472725629783e-03
-1.275775421930327959e-03
-1.173322991366820096e-03
-1.066754755800371993e-03
-9.562197354192820183e-04
-8.418822347788701334e-04
-7.239209797016111451e-04
-6.025296476159826276e-04
-4.779150660809580145e-04
-3.502969794689305989e-04
-2.199087436173373530e-04
-8.699286587130785047e-05
4.819615288077029646e-05
1.853944651192712982e-04
3.243308568516468254e-04
4.647266055526113595e-04
6.062982214196175734e-04
7.487571052945769454e-04
8.918130786494259284e-04
1.035174945776997767e-03
1.178552395036401189e-03
1.321656779319489846e-03
1.464205329868365152e-03
1.605920595502076083e-03
1.746533197391865206e-03
1.885783940503071724e-03
2.023425804747033905e-03
2.159224941869374113e-03
2.292964460657255597e-03
2.424443083278541699e-03
2.553481011784965605e-03
2.679918219019747101e-03
2.803617153659740315e-03
2.924466016628116116e-03
3.042377601945306289e-03
3.157292315681041548e-03
3.269178154194336740e-03
3.378034392712607904e-03
3.483888505862268829e-03
3.586797960730540337e-03
3.686855950241266482e-03
3.784182439587865324e-03
3.878931724314911393e-03
3.971288326955172039e-03
4.061469625387866336e-03
4.149720311472091146e-03
4.236317073468877543e-03
4.321563246091887807e-03
4.405789959497891095e-03
4.489350749297527261e-03
4.572624063962570443e-03
4.656009235320638859e-03
4.739922200086193853e-03
4.824794233943286055e-03
4.911068345343586397e-03
4.999197988317199276e-03
5.089640646824603737e-03
5.182854676127043869e-03
5.279298939551744542e-03
5.379423603659417956e-03
5.483672120285823168e-03
5.592469255311878495e-03
5.706224041246599210e-03
5.825323445859837204e-03
5.950128405551458576e-03
6.080964780570465369e-03
6.218126469770419648e-03
6.361871601533107025e-03
6.512410413126153673e-03
6.669910905275505848e-03
6.834490151546614156e-03
7.006217815915102322e-03
7.185107209603544196e-03
7.371109731226355329e-03
7.564129000355870880e-03
7.764003939820948719e-03
7.970516233245654100e-03
8.183390506142440915e-03
8.402287710026325532e-03
8.626816869698770290e-03
8.856528421684987940e-03
9.090927344293099621e-03
9.329458599400108215e-03
9.571535685719226999e-03
9.816523849165738336e-03
1.006375620482053909e-02
1.031254461113143527e-02
1.056217693814612626e-02
1.081192868506582541e-02
1.106107683213607140e-02
1.130890841476240444e-02
1.155472458133061445e-02
1.179785653112329878e-02
1.203767680363496649e-02
1.227359820629048137e-02
1.250509110884424208e-02
1.273166987969144223e-02
1.295288791510439998e-02
1.316830306626869292e-02
1.337744282766623223e-02
1.357973904757689074e-02
1.377445021212705088e-02
1.396057504143359204e-02
1.413676541908668802e-02
1.430127637914398002e-02
1.445194792348616225e-02
1.458625308744958445e-02
1.470143354906454890e-02
1.479469545003266398e-02
1.486345628655699053e-02
1.490562912852152165e-02
