2.550554405838727917e-02
2.557601066210626883e-02
2.578267283109347136e-02
2.611191570065024559e-02
2.654291708493589086e-02
2.705007548980038062e-02
2.760575748498473453e-02
2.818290458475460752e-02
2.875716240160264281e-02
2.930827474526719045e-02
2.982073761595812472e-02
3.028378803286529974e-02
3.069092805964687698e-02
3.103914268575971858e-02
3.132804993304993957e-02
3.155910162187940821e-02
3.173489422279340832e-02
3.185867363598220148e-02
3.193395199422797287e-02
3.196426361819337814e-02
3.195305084500438958e-02
3.190357530758518995e-02
3.181887706736091781e-02
3.170178463835866822e-02
3.155491596372254903e-02
3.138068196545466121e-02
3.118130920809498996e-02
3.095886844840722157e-02
3.071524663826705887e-02
3.045222218051851781e-02
3.017141609208624786e-02
2.987435565567748974e-02
2.956244202010971378e-02
2.923698016552922496e-02
2.889919681910642357e-02
2.855022591769120627e-02
2.819111943747064364e-02
2.782287621040322595e-02
2.744641987266927680e-02
2.706261540857151510e-02
2.667227591158921607e-02
2.627616519562999547e-02
2.587499629679953367e-02
2.546944266557647080e-02
2.506013414202976075e-02
2.464766940804770379e-02
2.423260768973733992e-02
2.381547884901306228e-02
2.339678394586974797e-02
2.297699001576068711e-02
2.255654701907271187e-02
2.213587296168099267e-02
2.171536494281471608e-02
2.129540075290610457e-02
2.087633662110200544e-02
2.045850671105368251e-02
2.004223368792520249e-02
1.962781776916603521e-02
1.921554058867385589e-02
1.880567363711501544e-02
1.839847452126171928e-02
1.799417943031234729e-02
1.759301789175081454e-02
1.719520232432102808e-02
1.680093709618350750e-02
1.641041077084530453e-02
1.602380227831455214e-02
1.564127773188646667e-02
1.526299745149877624e-02
1.488910525687320990e-02
1.451973821730750611e-02
1.415502519556809113e-02
1.379508443263931933e-02
1.344002390064484576e-02
1.308994442579609549e-02
1.274493813248758073e-02
1.240509059200820691e-02
1.207047736407422522e-02
1.174116610838135677e-02
1.141721961077582503e-02
1.109869041194252656e-02
1.078562659741803473e-02
1.047806826078936243e-02
1.017605233608774584e-02
9.879600654490148376e-03
9.588738723532250902e-03
9.303480968282779734e-03
9.023836917497380511e-03
8.749812258328402981e-03
8.481403363169111309e-03
8.218605778253942548e-03
7.961408734825148326e-03
7.709795241098285623e-03
7.463744961482008181e-03
7.223232898532751245e-03
6.988229000289969753e-03
6.758701021647592344e-03
6.534611326862942160e-03
6.315919740702878940e-03
6.102580341323431135e-03
5.894545699328960359e-03
5.691764593429869679e-03
5.494183447485161478e-03
5.301744504238635816e-03
5.114389583525625824e-03
4.932054989653386970e-03
4.754675728934447398e-03
4.582186464700150133e-03
4.414517580149332834e-03
4.251597990726725673e-03
4.093355625788257929e-03
3.939715812530673704e-03
3.790603150257051621e-03
3.645940588682868369e-03
3.505649668527027578e-03
3.369651226014855686e-03
3.237865397251014563e-03
3.110211155400680050e-03
2.986606777763057240e-03
2.866969845851590620e-03
2.751217942724159399e-03
2.639268185006713244e-03
2.531037219507132827e-03
2.426442150160352910e-03
2.325399135750654336e-03
2.227825944909898707e-03
2.133638922404026625e-03
2.042755659057952575e-03
1.955094052155513951e-03
1.870571947323766866e-03
1.789108409695700300e-03
1.710622782698178156e-03
1.635034794144130284e-03
1.562265476846168635e-03
1.492236691904942712e-03
1.424870651699250076e-03
1.360090839601718875e-03
1.297821532490552304e-03
1.237988720060981089e-03
1.180518346434229152e-03
1.125338393353802688e-03
1.072377761872453806e-03
1.021566259924792637e-03
9.728353465662457726e-04
9.261175374274907036e-04
8.813466250909005647e-04
8.384574920499900802e-04
7.973867968405314640e-04
7.580722632634488440e-04
7.204530756462642314e-04
6.844695757217272858e-04
6.500638327454140615e-04
6.171788167670601462e-04
5.857593182819560620e-04
5.557512964369645467e-04
5.271021587311107166e-04
4.997606043398717919e-04
4.736768168751418796e-04
4.488022498885964589e-04
4.250897327209303932e-04
4.024934892490195223e-04
3.809690986399367043e-04
3.604733108044065604e-04
3.409643277338702313e-04
3.224015611935992327e-04
3.047457689930187143e-04
2.879589004466402615e-04
2.720041748957326144e-04
2.568459567338037377e-04
2.424499071491885535e-04
2.287827868519573082e-04
2.158125500686740002e-04
2.035082350386016223e-04
1.918400002557905395e-04
1.807790736244523988e-04
1.702977600445496217e-04
1.603693764578122388e-04
1.509682889744021553e-04
1.420697464869314437e-04
1.336500491894702285e-04
1.256863898859304145e-04
1.181568482974067506e-04
1.110404146733961193e-04
1.043169190117026980e-04
9.796701140211825547e-05
9.197215710994921588e-05
8.631461729131107157e-05
8.097738623205692396e-05
7.594419424532115230e-05
7.119945980795617602e-05
6.672834372650562093e-05
6.251661428996074549e-05
5.855067992673286331e-05
5.481759654849629765e-05
5.130499500675390586e-05
4.800107781481470807e-05
4.489459781927396373e-05
4.197484428247623531e-05
3.923161454374642120e-05
3.665519672096535764e-05
3.423635617229673635e-05
3.196629661007796878e-05
2.983666862234495335e-05
2.783954010546854402e-05
2.596737044070170422e-05
2.421301023864149126e-05
2.256967207812973477e-05
2.103092134860370032e-05
1.959065808844347417e-05
1.824310618669424522e-05
1.698279357381646325e-05
1.580454522599371374e-05
1.470346169489917808e-05
1.367491408258385407e-05
1.271452544509487856e-05
1.181816772568329842e-05
1.098193510645364705e-05
1.020215107384122674e-05
9.475346440095201895e-06
8.798251973919993252e-06
8.167788357378217125e-06
7.581057559371828859e-06
7.035337442378011624e-06
6.528063684056611653e-06
6.056835391383043891e-06
5.619392109314427103e-06
5.213621793933750600e-06
4.837541540536133077e-06
4.489297449100954372e-06
4.167156795348256505e-06
3.869501828079130064e-06
3.594825646003050104e-06
3.341723786126206438e-06
3.108892890998729179e-06
2.895123720585322737e-06
2.699297375097967875e-06
2.520381089651268334e-06
2.357424509146472690e-06
2.209556669740591645e-06
2.075981866963539977e-06
1.955976342281082736e-06
1.848887265221227284e-06
1.754128439664605979e-06
1.671178759022392492e-06
1.599579999082444129e-06
1.538935312215507181e-06
1.488907399272674832e-06
1.449217040870519489e-06
1.419642215074535789e-06
1.400017573805654802e-06
1.390232572426406379e-06
1.390232572426406379e-06
1.400017573805654802e-06
1.419642215074535789e-06
1.449217040870519489e-06
1.488907399272674832e-06
1.538935312215507181e-06
1.599579999082444129e-06
1.671178759022392492e-06
1.754128439664605979e-06
1.848887265221227284e-06
1.955976342281082736e-06
2.075981866963539977e-06
2.209556669740591645e-06
2.357424509146472690e-06
2.520381089651268334e-06
2.699297375097967875e-06
2.895123720585322737e-06
3.108892890998729179e-06
3.341723786126206438e-06
3.594825646003050104e-06
3.869501828079130064e-06
4.167156795348256505e-06
4.489297449100954372e-06
4.837541540536133077e-06
5.213621793933750600e-06
5.619392109314427103e-06
6.056835391383043891e-06
6.528063684056611653e-06
7.035337442378011624e-06
7.581057559371828859e-06
8.167788357378217125e-06
8.798251973919993252e-06
9.475346440095201895e-06
1.020215107384122674e-05
1.098193510645364705e-05
1.181816772568329842e-05
1.271452544509487856e-05
1.367491408258385407e-05
1.470346169489917808e-05
1.580454522599371374e-05
1.698279357381646325e-05
1.824310618669424522e-05
1.959065808844347417e-05
2.103092134860369355e-05
2.256967207812973477e-05
2.421301023864149126e-05
2.596737044070170422e-05
2.783954010546854402e-05
2.983666862234495335e-05
3.196629661007796878e-05
3.423635617229673635e-05
3.665519672096535764e-05
3.923161454374642120e-05
4.197484428247623531e-05
4.489459781927396373e-05
4.800107781481470807e-05
5.130499500675390586e-05
5.481759654849629765e-05
5.855067992673286331e-05
6.251661428996074549e-05
6.672834372650562093e-05
7.119945980795617602e-05
7.594419424532115230e-05
8.097738623205692396e-05
8.631461729131107157e-05
9.197215710994921588e-05
9.796701140211825547e-05
1.043169190117026980e-04
1.110404146733961193e-04
1.181568482974067506e-04
1.256863898859304145e-04
1.336500491894702285e-04
1.420697464869314437e-04
1.509682889744021553e-04
1.603693764578122388e-04
1.702977600445496217e-04
1.807790736244523988e-04
1.918400002557905395e-04
2.035082350386016223e-04
2.158125500686740002e-04
2.287827868519573082e-04
2.424499071491885535e-04
2.568459567338037377e-04
2.720041748957326144e-04
2.879589004466402615e-04
3.047457689930187143e-04
3.224015611935992327e-04
3.409643277338702313e-04
3.604733108044065604e-04
3.809690986399367043e-04
4.024934892490195223e-04
4.250897327209303932e-04
4.488022498885964589e-04
4.736768168751418796e-04
4.997606043398717919e-04
5.271021587311107166e-04
5.557512964369645467e-04
5.857593182819560620e-04
6.171788167670601462e-04
6.500638327454140615e-04
6.844695757217272858e-04
7.204530756462642314e-04
7.580722632634488440e-04
7.973867968405314640e-04
8.384574920499900802e-04
8.813466250909005647e-04
9.261175374274907036e-04
9.728353465662457726e-04
1.021566259924792637e-03
1.072377761872453806e-03
1.125338393353802688e-03
1.180518346434229152e-03
1.237988720060981089e-03
1.297821532490552304e-03
1.360090839601718875e-03
1.424870651699250076e-03
1.492236691904942712e-03
1.562265476846168635e-03
1.635034794144130284e-03
1.710622782698178156e-03
1.789108409695700300e-03
1.870571947323766866e-03
1.955094052155513951e-03
2.042755659057952575e-03
2.133638922404026625e-03
2.227825944909898707e-03
2.325399135750654336e-03
2.426442150160352910e-03
2.531037219507132827e-03
2.639268185006713244e-03
2.751217942724159399e-03
2.866969845851590620e-03
2.986606777763057240e-03
3.110211155400680050e-03
3.237865397251014563e-03
3.369651226014855686e-03
3.505649668527027578e-03
3.645940588682868369e-03
3.790603150257051621e-03
3.939715812530673704e-03
4.093355625788257929e-03
4.251597990726725673e-03
4.414517580149332834e-03
4.582186464700150133e-03
4.754675728934447398e-03
4.932054989653386970e-03
5.114389583525625824e-03
5.301744504238635816e-03
5.494183447485161478e-03
5.691764593429871413e-03
5.894545699328962093e-03
6.102580341323431135e-03
6.315919740702878940e-03
6.534611326862942160e-03
6.758701021647592344e-03
6.988229000289969753e-03
7.223232898532751245e-03
7.463744961482008181e-03
7.709795241098285623e-03
7.961408734825148326e-03
8.218605778253942548e-03
8.481403363169111309e-03
8.749812258328402981e-03
9.023836917497380511e-03
9.303480968282779734e-03
9.588738723532250902e-03
9.879600654490148376e-03
1.017605233608774584e-02
1.047806826078936243e-02
1.078562659741803473e-02
1.109869041194252656e-02
1.141721961077582503e-02
1.174116610838135677e-02
1.207047736407422522e-02
1.240509059200820691e-02
1.274493813248758073e-02
1.308994442579609549e-02
1.344002390064484576e-02
1.379508443263931586e-02
1.415502519556809113e-02
1.451973821730750958e-02
1.488910525687320990e-02
1.526299745149877624e-02
1.564127773188646320e-02
1.602380227831455214e-02
1.641041077084530453e-02
1.680093709618350750e-02
1.719520232432102808e-02
1.759301789175081454e-02
1.799417943031234729e-02
1.839847452126171928e-02
1.880567363711501544e-02
1.921554058867385589e-02
1.962781776916603521e-02
2.004223368792520943e-02
2.045850671105368251e-02
2.087633662110200544e-02
2.129540075290610457e-02
2.171536494281471608e-02
2.213587296168099267e-02
2.255654701907271187e-02
2.297699001576068711e-02
2.339678394586974797e-02
2.381547884901306228e-02
2.423260768973733992e-02
2.464766940804770379e-02
2.506013414202976075e-02
2.546944266557647080e-02
2.587499629679953367e-02
2.627616519562999547e-02
2.667227591158921607e-02
2.706261540857151510e-02
2.744641987266927680e-02
2.782287621040322595e-02
2.819111943747064364e-02
2.855022591769120627e-02
2.889919681910641663e-02
2.923698016552922496e-02
2.956244202010971378e-02
2.987435565567748974e-02
3.017141609208624786e-02
3.045222218051851781e-02
3.071524663826705887e-02
3.095886844840722157e-02
3.118130920809498996e-02
3.138068196545466121e-02
3.155491596372254903e-02
3.170178463835866822e-02
3.181887706736091781e-02
3.190357530758518995e-02
3.195305084500438958e-02
3.196426361819337814e-02
3.193395199422796593e-02
3.185867363598220148e-02
3.173489422279341526e-02
3.155910162187940821e-02
3.132804993304993957e-02
3.103914268575971858e-02
3.069092805964687698e-02
3.028378803286530668e-02
2.982073761595813166e-02
2.930827474526719045e-02
2.875716240160264281e-02
2.818290458475460752e-02
2.760575748498473453e-02
2.705007548980038062e-02
2.654291708493589086e-02
2.611191570065024559e-02
2.578267283109347136e-02
2.557601066210626883e-02
2.550554405838727917e-02
2.557601066210626883e-02
2.578267283109347136e-02
2.611191570065024559e-02
2.654291708493589086e-02
2.705007548980038062e-02
2.760575748498473453e-02
2.818290458475460752e-02
2.875716240160264281e-02
2.930827474526719045e-02
2.982073761595812472e-02
3.028378803286529974e-02
3.069092805964687698e-02
3.103914268575971858e-02
3.132804993304993957e-02
3.155910162187940821e-02
3.173489422279340832e-02
3.185867363598220148e-02
3.193395199422797287e-02
3.196426361819337814e-02
3.195305084500438958e-02
3.190357530758518995e-02
3.181887706736091781e-02
3.170178463835866822e-02
3.155491596372254903e-02
3.138068196545466121e-02
3.118130920809498996e-02
3.095886844840722157e-02
3.071524663826705887e-02
3.045222218051851781e-02
3.017141609208624786e-02
2.987435565567748974e-02
2.956244202010971378e-02
2.923698016552922496e-02
2.889919681910642357e-02
2.855022591769120627e-02
2.819111943747064364e-02
2.782287621040322595e-02
2.744641987266927680e-02
2.706261540857151510e-02
2.667227591158921607e-02
2.627616519562999547e-02
2.587499629679953367e-02
2.546944266557647080e-02
2.506013414202976075e-02
2.464766940804770379e-02
2.423260768973733992e-02
2.381547884901306228e-02
2.339678394586974797e-02
2.297699001576068711e-02
2.255654701907271187e-02
2.213587296168099267e-02
2.171536494281471608e-02
2.129540075290610457e-02
2.087633662110200544e-02
2.045850671105368251e-02
2.004223368792520249e-02
1.962781776916603521e-02
1.921554058867385589e-02
1.880567363711501544e-02
1.839847452126171928e-02
1.799417943031234729e-02
1.759301789175081454e-02
1.719520232432102808e-02
1.680093709618350750e-02
1.641041077084530453e-02
1.602380227831455214e-02
1.564127773188646667e-02
1.526299745149877624e-02
1.488910525687320990e-02
1.451973821730750611e-02
1.415502519556809113e-02
1.379508443263931933e-02
1.344002390064484576e-02
1.308994442579609549e-02
1.274493813248758073e-02
1.240509059200820691e-02
1.207047736407422522e-02
1.174116610838135677e-02
1.141721961077582503e-02
1.109869041194252656e-02
1.078562659741803473e-02
1.047806826078936243e-02
1.017605233608774584e-02
9.879600654490148376e-03
9.588738723532250902e-03
9.303480968282779734e-03
9.023836917497380511e-03
8.749812258328402981e-03
8.481403363169111309e-03
8.218605778253942548e-03
7.961408734825148326e-03
7.709795241098285623e-03
7.463744961482008181e-03
7.223232898532751245e-03
6.988229000289969753e-03
6.758701021647592344e-03
6.534611326862942160e-03
6.315919740702878940e-03
6.102580341323431135e-03
5.894545699328960359e-03
5.691764593429869679e-03
5.494183447485161478e-03
5.301744504238635816e-03
5.114389583525625824e-03
4.932054989653386970e-03
4.754675728934447398e-03
4.582186464700150133e-03
4.414517580149332834e-03
4.251597990726725673e-03
4.093355625788257929e-03
3.939715812530673704e-03
3.790603150257051621e-03
3.645940588682868369e-03
3.505649668527027578e-03
3.369651226014855686e-03
3.237865397251014563e-03
3.110211155400680050e-03
2.986606777763057240e-03
2.866969845851590620e-03
2.751217942724159399e-03
2.639268185006713244e-03
2.531037219507132827e-03
2.426442150160352910e-03
2.325399135750654336e-03
2.227825944909898707e-03
2.133638922404026625e-03
2.042755659057952575e-03
1.955094052155513951e-03
1.870571947323766866e-03
1.789108409695700300e-03
1.710622782698178156e-03
1.635034794144130284e-03
1.562265476846168635e-03
1.492236691904942712e-03
1.424870651699250076e-03
1.360090839601718875e-03
1.297821532490552304e-03
1.237988720060981089e-03
1.180518346434229152e-03
1.125338393353802688e-03
1.072377761872453806e-03
1.021566259924792637e-03
9.728353465662457726e-04
9.261175374274907036e-04
8.813466250909005647e-04
8.384574920499900802e-04
7.973867968405314640e-04
7.580722632634488440e-04
7.204530756462642314e-04
6.844695757217272858e-04
6.500638327454140615e-04
6.171788167670601462e-04
5.857593182819560620e-04
5.557512964369645467e-04
5.271021587311107166e-04
4.997606043398717919e-04
4.736768168751418796e-04
4.488022498885964589e-04
4.250897327209303932e-04
4.024934892490195223e-04
3.809690986399367043e-04
3.604733108044065604e-04
3.409643277338702313e-04
3.224015611935992327e-04
3.047457689930187143e-04
2.879589004466402615e-04
2.720041748957326144e-04
2.568459567338037377e-04
2.424499071491885535e-04
2.287827868519573082e-04
2.158125500686740002e-04
2.035082350386016223e-04
1.918400002557905395e-04
1.807790736244523988e-04
1.702977600445496217e-04
1.603693764578122388e-04
1.509682889744021553e-04
1.420697464869314437e-04
1.336500491894702285e-04
1.256863898859304145e-04
1.181568482974067506e-04
1.110404146733961193e-04
1.043169190117026980e-04
9.796701140211825547e-05
9.197215710994921588e-05
8.631461729131107157e-05
8.097738623205692396e-05
7.594419424532115230e-05
7.119945980795617602e-05
6.672834372650562093e-05
6.251661428996074549e-05
5.855067992673286331e-05
5.481759654849629765e-05
5.130499500675390586e-05
4.800107781481470807e-05
4.489459781927396373e-05
4.197484428247623531e-05
3.923161454374642120e-05
3.665519672096535764e-05
3.423635617229673635e-05
3.196629661007796878e-05
2.983666862234495335e-05
2.783954010546854402e-05
2.596737044070170422e-05
2.421301023864149126e-05
2.256967207812973477e-05
2.103092134860370032e-05
1.959065808844347417e-05
1.824310618669424522e-05
1.698279357381646325e-05
1.580454522599371374e-05
1.470346169489917808e-05
1.367491408258385407e-05
1.271452544509487856e-05
1.181816772568329842e-05
1.098193510645364705e-05
1.020215107384122674e-05
9.475346440095201895e-06
8.798251973919993252e-06
8.167788357378217125e-06
7.581057559371828859e-06
7.035337442378011624e-06
6.528063684056611653e-06
6.056835391383043891e-06
5.619392109314427103e-06
5.213621793933750600e-06
4.837541540536133077e-06
4.489297449100954372e-06
4.167156795348256505e-06
3.869501828079130064e-06
3.594825646003050104e-06
3.341723786126206438e-06
3.108892890998729179e-06
2.895123720585322737e-06
2.699297375097967875e-06
2.520381089651268334e-06
2.357424509146472690e-06
2.209556669740591645e-06
2.075981866963539977e-06
1.955976342281082736e-06
1.848887265221227284e-06
1.754128439664605979e-06
1.671178759022392492e-06
1.599579999082444129e-06
1.538935312215507181e-06
1.488907399272674832e-06
1.449217040870519489e-06
1.419642215074535789e-06
1.400017573805654802e-06
1.390232572426406379e-06
1.390232572426406379e-06
1.400017573805654802e-06
1.419642215074535789e-06
1.449217040870519489e-06
1.488907399272674832e-06
1.538935312215507181e-06
1.599579999082444129e-06
1.671178759022392492e-06
1.754128439664605979e-06
1.848887265221227284e-06
1.955976342281082736e-06
2.075981866963539977e-06
2.209556669740591645e-06
2.357424509146472690e-06
2.520381089651268334e-06
2.699297375097967875e-06
2.895123720585322737e-06
3.108892890998729179e-06
3.341723786126206438e-06
3.594825646003050104e-06
3.869501828079130064e-06
4.167156795348256505e-06
4.489297449100954372e-06
4.837541540536133077e-06
5.213621793933750600e-06
5.619392109314427103e-06
6.056835391383043891e-06
6.528063684056611653e-06
7.035337442378011624e-06
7.581057559371828859e-06
8.167788357378217125e-06
8.798251973919993252e-06
9.475346440095201895e-06
1.020215107384122674e-05
1.098193510645364705e-05
1.181816772568329842e-05
1.271452544509487856e-05
1.367491408258385407e-05
1.470346169489917808e-05
1.580454522599371374e-05
1.698279357381646325e-05
1.824310618669424522e-05
1.959065808844347417e-05
2.103092134860369355e-05
2.256967207812973477e-05
2.421301023864149126e-05
2.596737044070170422e-05
2.783954010546854402e-05
2.983666862234495335e-05
3.196629661007796878e-05
3.423635617229673635e-05
3.665519672096535764e-05
3.923161454374642120e-05
4.197484428247623531e-05
4.489459781927396373e-05
4.800107781481470807e-05
5.130499500675390586e-05
5.481759654849629765e-05
5.855067992673286331e-05
6.251661428996074549e-05
6.672834372650562093e-05
7.119945980795617602e-05
7.594419424532115230e-05
8.097738623205692396e-05
8.631461729131107157e-05
9.197215710994921588e-05
9.796701140211825547e-05
1.043169190117026980e-04
1.110404146733961193e-04
1.181568482974067506e-04
1.256863898859304145e-04
1.336500491894702285e-04
1.420697464869314437e-04
1.509682889744021553e-04
1.603693764578122388e-04
1.702977600445496217e-04
1.807790736244523988e-04
1.918400002557905395e-04
2.035082350386016223e-04
2.158125500686740002e-04
2.287827868519573082e-04
2.424499071491885535e-04
2.568459567338037377e-04
2.720041748957326144e-04
2.879589004466402615e-04
3.047457689930187143e-04
3.224015611935992327e-04
3.409643277338702313e-04
3.604733108044065604e-04
3.809690986399367043e-04
4.024934892490195223e-04
4.250897327209303932e-04
4.488022498885964589e-04
4.736768168751418796e-04
4.997606043398717919e-04
5.271021587311107166e-04
5.557512964369645467e-04
5.857593182819560620e-04
6.171788167670601462e-04
6.500638327454140615e-04
6.844695757217272858e-04
7.204530756462642314e-04
7.580722632634488440e-04
7.973867968405314640e-04
8.384574920499900802e-04
8.813466250909005647e-04
9.261175374274907036e-04
9.728353465662457726e-04
1.021566259924792637e-03
1.072377761872453806e-03
1.125338393353802688e-03
1.180518346434229152e-03
1.237988720060981089e-03
1.297821532490552304e-03
1.360090839601718875e-03
1.424870651699250076e-03
1.492236691904942712e-03
1.562265476846168635e-03
1.635034794144130284e-03
1.710622782698178156e-03
1.789108409695700300e-03
1.870571947323766866e-03
1.955094052155513951e-03
2.042755659057952575e-03
2.133638922404026625e-03
2.227825944909898707e-03
2.325399135750654336e-03
2.426442150160352910e-03
2.531037219507132827e-03
2.639268185006713244e-03
2.751217942724159399e-03
2.866969845851590620e-03
2.986606777763057240e-03
3.110211155400680050e-03
3.237865397251014563e-03
3.369651226014855686e-03
3.505649668527027578e-03
3.645940588682868369e-03
3.790603150257051621e-03
3.939715812530673704e-03
4.093355625788257929e-03
4.251597990726725673e-03
4.414517580149332834e-03
4.582186464700150133e-03
4.754675728934447398e-03
4.932054989653386970e-03
5.114389583525625824e-03
5.301744504238635816e-03
5.494183447485161478e-03
5.691764593429871413e-03
5.894545699328962093e-03
6.102580341323431135e-03
6.315919740702878940e-03
6.534611326862942160e-03
6.758701021647592344e-03
6.988229000289969753e-03
7.223232898532751245e-03
7.463744961482008181e-03
7.709795241098285623e-03
7.961408734825148326e-03
8.218605778253942548e-03
8.481403363169111309e-03
8.749812258328402981e-03
9.023836917497380511e-03
9.303480968282779734e-03
9.588738723532250902e-03
9.879600654490148376e-03
1.017605233608774584e-02
1.047806826078936243e-02
1.078562659741803473e-02
1.109869041194252656e-02
1.141721961077582503e-02
1.174116610838135677e-02
1.207047736407422522e-02
1.240509059200820691e-02
1.274493813248758073e-02
1.308994442579609549e-02
1.344002390064484576e-02
1.379508443263931586e-02
1.415502519556809113e-02
1.451973821730750958e-02
1.488910525687320990e-02
1.526299745149877624e-02
1.564127773188646320e-02
1.602380227831455214e-02
1.641041077084530453e-02
1.680093709618350750e-02
1.719520232432102808e-02
1.759301789175081454e-02
1.799417943031234729e-02
1.839847452126171928e-02
1.880567363711501544e-02
1.921554058867385589e-02
1.962781776916603521e-02
2.004223368792520943e-02
2.045850671105368251e-02
2.087633662110200544e-02
2.129540075290610457e-02
2.171536494281471608e-02
2.213587296168099267e-02
2.255654701907271187e-02
2.297699001576068711e-02
2.339678394586974797e-02
2.381547884901306228e-02
2.423260768973733992e-02
2.464766940804770379e-02
2.506013414202976075e-02
2.546944266557647080e-02
2.587499629679953367e-02
2.627616519562999547e-02
2.667227591158921607e-02
2.706261540857151510e-02
2.744641987266927680e-02
2.782287621040322595e-02
2.819111943747064364e-02
2.855022591769120627e-02
2.889919681910641663e-02
2.923698016552922496e-02
2.956244202010971378e-02
2.987435565567748974e-02
3.017141609208624786e-02
3.045222218051851781e-02
3.071524663826705887e-02
3.095886844840722157e-02
3.118130920809498996e-02
3.138068196545466121e-02
3.155491596372254903e-02
3.170178463835866822e-02
3.181887706736091781e-02
3.190357530758518995e-02
3.195305084500438958e-02
3.196426361819337814e-02
3.193395199422796593e-02
3.185867363598220148e-02
3.173489422279341526e-02
3.155910162187940821e-02
3.132804993304993957e-02
3.103914268575971858e-02
3.069092805964687698e-02
3.028378803286530668e-02
2.982073761595813166e-02
2.930827474526719045e-02
2.875716240160264281e-02
2.818290458475460752e-02
2.760575748498473453e-02
2.705007548980038062e-02
2.654291708493589086e-02
2.611191570065024559e-02
2.578267283109347136e-02
2.557601066210626883e-02
