5.377996661513368887e-17
-9.945529736711897911e-03
-1.940610804410700108e-02
-2.793672803348311307e-02
-3.516678244195663161e-02
-4.082465596397046037e-02
-4.475006220346909591e-02
-4.689392350520715791e-02
-4.730765229418462670e-02
-4.612503378817552069e-02
-4.354037912360148033e-02
-3.978634270999570344e-02
-3.511416090014443658e-02
-2.977746227940294976e-02
-2.402072106339026014e-02
-1.807161802357395985e-02
-1.213687656687606475e-02
-6.400642915926624266e-03
-1.024459002930661056e-03
3.851696484600986015e-03
8.107996039839610036e-03
1.164322768545883457e-02
1.437321658122286960e-02
1.622948963647022347e-02
1.715810877577672589e-02
1.711855770066214588e-02
1.608284301937429328e-02
1.403471363976959915e-02
1.096883706535925485e-02
6.890184993088369070e-03
1.813296421453808316e-03
-4.238298535653106658e-03
-1.123274211236197778e-02
-1.913046489564401015e-02
-2.788479684621543442e-02
-3.744260225824492389e-02
-4.774489981153234863e-02
-5.872749376298634638e-02
-7.032159086069061926e-02
-8.245446522262467326e-02
-9.505002308270810163e-02
-1.080295019810881829e-01
-1.213120177417322532e-01
-1.348152311961171579e-01
-1.484558663196042794e-01
-1.621503701580455092e-01
-1.758154460786727769e-01
-1.893685345818790777e-01
-2.027284500173631154e-01
-2.158156886557625609e-01
-2.285531156837079525e-01
-2.408662262553589173e-01
-2.526836509881001946e-01
-2.639373991423440424e-01
-2.745633758539813840e-01
-2.845015177435570308e-01
-2.936961578738751522e-01
-3.020962028957355772e-01
-3.096554354250860008e-01
-3.163324351748970642e-01
-3.220909684130517370e-01
-3.268999221167276925e-01
-3.307334685542127062e-01
-3.335709241610065323e-01
-3.353968990915507931e-01
-3.362011715608012041e-01
-3.359785853758006091e-01
-3.347291200608937256e-01
-3.324575081308726032e-01
-3.291733535968623947e-01
-3.248907388404842500e-01
-3.196281845386048648e-01
-3.134083372028089176e-01
-3.062578615782084457e-01
-2.982070167610081368e-01
-2.892896316806803370e-01
-2.795426011564854929e-01
-2.690058416661754714e-01
-2.577218429092457130e-01
-2.457354562481495197e-01
-2.330935776169491547e-01
-2.198449487131800550e-01
-2.060397340260057275e-01
-1.917293507987469781e-01
-1.769661274846715537e-01
-1.618030442385358092e-01
-1.462934885927931195e-01
-1.304909743496101560e-01
-1.144488834604056038e-01
-9.822024408073974644e-02
-8.185750581697033568e-02
-6.541230110424753330e-02
-4.893525614536910207e-02
-3.247579934072940266e-02
-1.608198218062148466e-02
1.996910689525954741e-04
1.632440621673861281e-02
3.224918244072656065e-02
4.793296198910741018e-02
6.333676548626382408e-02
7.842377128142766218e-02
9.315931139655936333e-02
1.075110895621936291e-01
1.214491221741458155e-01
1.349457374752331962e-01
1.479757522048925078e-01
1.605163340165792762e-01
1.725470712460471789e-01
1.840499520532813960e-01
1.950093870973367283e-01
2.054120373767709951e-01
2.152469539282529931e-01
2.245053737867745980e-01
2.331807683092855799e-01
2.412687564876185853e-01
2.487669578126042724e-01
2.556750529662593641e-01
2.619945457581011050e-01
2.677287926044418231e-01
2.728828227672904783e-01
2.774633964402470898e-01
2.814787046861004782e-01
2.849383669268519270e-01
2.878534280108354659e-01
2.902360568798397766e-01
2.920996025314887001e-01
2.934584410750303851e-01
2.943278523392461876e-01
2.947239856753030018e-01
2.946636467696311934e-01
2.941643525355919220e-01
2.932441474762826905e-01
2.919214497691050569e-01
2.902151655183246026e-01
2.881443559455879599e-01
2.857283516116451150e-01
2.829865984353582276e-01
2.799385037506704199e-01
2.766036102451728818e-01
2.730012037268464420e-01
2.691504872218495326e-01
2.650704571489997941e-01
2.607798392102578244e-01
2.562969946002678912e-01
2.516399753574944942e-01
2.468264308410452745e-01
2.418735143508795593e-01
2.367979389079358787e-01
2.316158990759895064e-01
2.263430525431582852e-01
2.209945167615338657e-01
2.155847912390063126e-01
2.101278439021662114e-01
2.046369591984589786e-01
1.991248992794901196e-01
1.936037375138308647e-01
1.880849305712297137e-01
1.825793161511437557e-01
1.770971108582523046e-01
1.716479231226355484e-01
1.662407066549583257e-01
1.608838183453576987e-01
1.555850464912291176e-01
1.503515646459144817e-01
1.451899749963605490e-01
1.401063220556764688e-01
1.351060766656773660e-01
1.301942244149282835e-01
1.253751902463954848e-01
1.206529568775968342e-01
1.160310044992466649e-01
1.115123250672108712e-01
1.070995111829001756e-01
1.027947332927910129e-01
9.859973931281457160e-02
9.451592882707995913e-02
9.054433049308205361e-02
8.668561675948235901e-02
8.294017824396926475e-02
7.930806405200813147e-02
7.578908605575690460e-02
7.238276675437937957e-02
6.908839148243361983e-02
6.590503085239127201e-02
6.283154832911255760e-02
5.986661528484685246e-02
5.700872980644179633e-02
5.425623925190013741e-02
5.160734047654119694e-02
4.906012478143638444e-02
4.661255582299822509e-02
4.426249596546588672e-02
4.200774009597092740e-02
3.984599729556297099e-02
3.777492094718822024e-02
3.579211277310055672e-02
3.389513432773492985e-02
3.208152221928231573e-02
3.034879029481689361e-02
2.869443741418572363e-02
2.711595894888985114e-02
2.561085269170055440e-02
2.417663035195354027e-02
2.281081414658386181e-02
2.151095201376446164e-02
2.027461605822115237e-02
1.909941030466518613e-02
1.798297472030908895e-02
1.692298364337272570e-02
1.591716283157903339e-02
1.496327297625314051e-02
1.405912859962425709e-02
1.320259366179199131e-02
1.239158088554272868e-02
1.162405852418247829e-02
1.089804594585076780e-02
1.021162038601296576e-02
9.562910653732620975e-03
8.950105731422582089e-03
8.371445671834083085e-03
7.825230182618138353e-03
7.309810905284434140e-03
6.823594862694978488e-03
6.365043242748604987e-03
5.932671106348950951e-03
5.525043828876714108e-03
5.140778657254825579e-03
4.778541603917052516e-03
4.437047594129538489e-03
4.115058278946134851e-03
3.811378911005684766e-03
3.524860104167647917e-03
3.254393534181861461e-03
2.998910195366512495e-03
2.757380049385072668e-03
2.528808875417580017e-03
2.312236978588077391e-03
2.106737195761998645e-03
1.911412548211269703e-03
1.725394589137695545e-03
1.547841165739078165e-03
1.377934527393774415e-03
1.214878965309355418e-03
1.057899031625935109e-03
9.062374651113993228e-04
7.591528819078669638e-04
6.159175808263710541e-04
4.758157544784938787e-04
3.381411169646272473e-04
2.021947923792237543e-04
6.728339889827174031e-05
-6.728339889827174031e-05
-2.021947923792237543e-04
-3.381411169646272473e-04
-4.758157544784938787e-04
-6.159175808263710541e-04
-7.591528819078669638e-04
-9.062374651113991059e-04
-1.057899031625935109e-03
-1.214878965309355418e-03
-1.377934527393774415e-03
-1.547841165739078165e-03
-1.725394589137695545e-03
-1.911412548211269703e-03
-2.106737195761998645e-03
-2.312236978588077391e-03
-2.528808875417580017e-03
-2.757380049385072668e-03
-2.998910195366512495e-03
-3.254393534181861461e-03
-3.524860104167647917e-03
-3.811378911005684766e-03
-4.115058278946134851e-03
-4.437047594129538489e-03
-4.778541603917052516e-03
-5.140778657254825579e-03
-5.525043828876714108e-03
-5.932671106348950951e-03
-6.365043242748604987e-03
-6.823594862694978488e-03
-7.309810905284434140e-03
-7.825230182618138353e-03
-8.371445671834083085e-03
-8.950105731422582089e-03
-9.562910653732620975e-03
-1.021162038601296576e-02
-1.089804594585076780e-02
-1.162405852418247829e-02
-1.239158088554272868e-02
-1.320259366179199131e-02
-1.405912859962425709e-02
-1.496327297625314051e-02
-1.591716283157903339e-02
-1.692298364337272570e-02
-1.798297472030908895e-02
-1.909941030466518613e-02
-2.027461605822115237e-02
-2.151095201376446164e-02
-2.281081414658386181e-02
-2.417663035195354027e-02
-2.561085269170055440e-02
-2.711595894888985114e-02
-2.869443741418572363e-02
-3.034879029481689361e-02
-3.208152221928231573e-02
-3.389513432773492985e-02
-3.579211277310055672e-02
-3.777492094718822024e-02
-3.984599729556297099e-02
-4.200774009597092740e-02
-4.426249596546588672e-02
-4.661255582299822509e-02
-4.906012478143638444e-02
-5.160734047654119694e-02
-5.425623925190013741e-02
-5.700872980644179633e-02
-5.986661528484685246e-02
-6.283154832911255760e-02
-6.590503085239127201e-02
-6.908839148243361983e-02
-7.238276675437937957e-02
-7.578908605575690460e-02
-7.930806405200813147e-02
-8.294017824396926475e-02
-8.668561675948235901e-02
-9.054433049308205361e-02
-9.451592882707995913e-02
-9.859973931281457160e-02
-1.027947332927910129e-01
-1.070995111829001756e-01
-1.115123250672108712e-01
-1.160310044992466649e-01
-1.206529568775968342e-01
-1.253751902463954848e-01
-1.301942244149282835e-01
-1.351060766656773660e-01
-1.401063220556764688e-01
-1.451899749963606046e-01
-1.503515646459144817e-01
-1.555850464912291176e-01
-1.608838183453576987e-01
-1.662407066549583257e-01
-1.716479231226355484e-01
-1.770971108582523046e-01
-1.825793161511437557e-01
-1.880849305712297137e-01
-1.936037375138308647e-01
-1.991248992794901196e-01
-2.046369591984589786e-01
-2.101278439021662114e-01
-2.155847912390063126e-01
-2.209945167615338657e-01
-2.263430525431582852e-01
-2.316158990759895064e-01
-2.367979389079358787e-01
-2.418735143508795593e-01
-2.468264308410452745e-01
-2.516399753574944942e-01
-2.562969946002678912e-01
-2.607798392102578244e-01
-2.650704571489997941e-01
-2.691504872218495326e-01
-2.730012037268464420e-01
-2.766036102451728818e-01
-2.799385037506704199e-01
-2.829865984353582276e-01
-2.857283516116451150e-01
-2.881443559455879599e-01
-2.902151655183246026e-01
-2.919214497691050569e-01
-2.932441474762826905e-01
-2.941643525355919220e-01
-2.946636467696311934e-01
-2.947239856753030018e-01
-2.943278523392461876e-01
-2.934584410750303851e-01
-2.920996025314887001e-01
-2.902360568798397766e-01
-2.878534280108354659e-01
-2.849383669268519270e-01
-2.814787046861004782e-01
-2.774633964402470898e-01
-2.728828227672904783e-01
-2.677287926044418231e-01
-2.619945457581011050e-01
-2.556750529662593641e-01
-2.487669578126042724e-01
-2.412687564876185853e-01
-2.331807683092855799e-01
-2.245053737867746257e-01
-2.152469539282529931e-01
-2.054120373767709951e-01
-1.950093870973367283e-01
-1.840499520532813960e-01
-1.725470712460471789e-01
-1.605163340165792762e-01
-1.479757522048925078e-01
-1.349457374752331962e-01
-1.214491221741457738e-01
-1.075110895621936846e-01
-9.315931139655936333e-02
-7.842377128142763443e-02
-6.333676548626382408e-02
-4.793296198910741018e-02
-3.224918244072656065e-02
-1.632440621673861281e-02
-1.996910689525954741e-04
1.608198218062147078e-02
3.247579934072940266e-02
4.893525614536911594e-02
6.541230110424753330e-02
8.185750581697033568e-02
9.822024408073974644e-02
1.144488834604056038e-01
1.304909743496101560e-01
1.462934885927931195e-01
1.618030442385358092e-01
1.769661274846715537e-01
1.917293507987469781e-01
2.060397340260057275e-01
2.198449487131800550e-01
2.330935776169491547e-01
2.457354562481495197e-01
2.577218429092457130e-01
2.690058416661754714e-01
2.795426011564854929e-01
2.892896316806803370e-01
2.982070167610081368e-01
3.062578615782084457e-01
3.134083372028089176e-01
3.196281845386048648e-01
3.248907388404842500e-01
3.291733535968623947e-01
3.324575081308726032e-01
3.347291200608937256e-01
3.359785853758006091e-01
3.362011715608012041e-01
3.353968990915507931e-01
3.335709241610065323e-01
3.307334685542127062e-01
3.268999221167276925e-01
3.220909684130516260e-01
3.163324351748970642e-01
3.096554354250861119e-01
3.020962028957355772e-01
2.936961578738751522e-01
2.845015177435570308e-01
2.745633758539813840e-01
2.639373991423440424e-01
2.526836509881001946e-01
2.408662262553589173e-01
2.285531156837079525e-01
2.158156886557625609e-01
2.027284500173631154e-01
1.893685345818790777e-01
1.758154460786727769e-01
1.621503701580455092e-01
1.484558663196043349e-01
1.348152311961171579e-01
1.213120177417322532e-01
1.080295019810881829e-01
9.505002308270810163e-02
8.245446522262467326e-02
7.032159086069061926e-02
5.872749376298634638e-02
4.774489981153234863e-02
3.744260225824492389e-02
2.788479684621542748e-02
1.913046489564401015e-02
1.123274211236197084e-02
4.238298535653106658e-03
-1.813296421453808316e-03
-6.890184993088355192e-03
-1.096883706535925485e-02
-1.403471363976958874e-02
-1.608284301937427940e-02
-1.711855770066214588e-02
-1.715810877577672589e-02
-1.622948963647022347e-02
-1.437321658122286960e-02
-1.164322768545886233e-02
-8.107996039839610036e-03
-3.851696484600986015e-03
1.024459002930661056e-03
6.400642915926624266e-03
1.213687656687606475e-02
1.807161802357397373e-02
2.402072106339026014e-02
2.977746227940294976e-02
3.511416090014443658e-02
3.978634270999567568e-02
4.354037912360148033e-02
4.612503378817552069e-02
4.730765229418464057e-02
4.689392350520713015e-02
4.475006220346908203e-02
4.082465596397046037e-02
3.516678244195661773e-02
2.793672803348312694e-02
1.940610804410699414e-02
9.945529736711897911e-03
5.377996661513368887e-17
-9.945529736711897911e-03
-1.940610804410700108e-02
-2.793672803348311307e-02
-3.516678244195663161e-02
-4.082465596397046037e-02
-4.475006220346909591e-02
-4.689392350520715791e-02
-4.730765229418462670e-02
-4.612503378817552069e-02
-4.354037912360148033e-02
-3.978634270999570344e-02
-3.511416090014443658e-02
-2.977746227940294976e-02
-2.402072106339026014e-02
-1.807161802357395985e-02
-1.213687656687606475e-02
-6.400642915926624266e-03
-1.024459002930661056e-03
3.851696484600986015e-03
8.107996039839610036e-03
1.164322768545883457e-02
1.437321658122286960e-02
1.622948963647022347e-02
1.715810877577672589e-02
1.711855770066214588e-02
1.608284301937429328e-02
1.403471363976959915e-02
1.096883706535925485e-02
6.890184993088369070e-03
1.813296421453808316e-03
-4.238298535653106658e-03
-1.123274211236197778e-02
-1.913046489564401015e-02
-2.788479684621543442e-02
-3.744260225824492389e-02
-4.774489981153234863e-02
-5.872749376298634638e-02
-7.032159086069061926e-02
-8.245446522262467326e-02
-9.505002308270810163e-02
-1.080295019810881829e-01
-1.213120177417322532e-01
-1.348152311961171579e-01
-1.484558663196042794e-01
-1.621503701580455092e-01
-1.758154460786727769e-01
-1.893685345818790777e-01
-2.027284500173631154e-01
-2.158156886557625609e-01
-2.285531156837079525e-01
-2.408662262553589173e-01
-2.526836509881001946e-01
-2.639373991423440424e-01
-2.745633758539813840e-01
-2.845015177435570308e-01
-2.936961578738751522e-01
-3.020962028957355772e-01
-3.096554354250860008e-01
-3.163324351748970642e-01
-3.220909684130517370e-01
-3.268999221167276925e-01
-3.307334685542127062e-01
-3.335709241610065323e-01
-3.353968990915507931e-01
-3.362011715608012041e-01
-3.359785853758006091e-01
-3.347291200608937256e-01
-3.324575081308726032e-01
-3.291733535968623947e-01
-3.248907388404842500e-01
-3.196281845386048648e-01
-3.134083372028089176e-01
-3.062578615782084457e-01
-2.982070167610081368e-01
-2.892896316806803370e-01
-2.795426011564854929e-01
-2.690058416661754714e-01
-2.577218429092457130e-01
-2.457354562481495197e-01
-2.330935776169491547e-01
-2.198449487131800550e-01
-2.060397340260057275e-01
-1.917293507987469781e-01
-1.769661274846715537e-01
-1.618030442385358092e-01
-1.462934885927931195e-01
-1.304909743496101560e-01
-1.144488834604056038e-01
-9.822024408073974644e-02
-8.185750581697033568e-02
-6.541230110424753330e-02
-4.893525614536910207e-02
-3.247579934072940266e-02
-1.608198218062148466e-02
1.996910689525954741e-04
1.632440621673861281e-02
3.224918244072656065e-02
4.793296198910741018e-02
6.333676548626382408e-02
7.842377128142766218e-02
9.315931139655936333e-02
1.075110895621936291e-01
1.214491221741458155e-01
1.349457374752331962e-01
1.479757522048925078e-01
1.605163340165792762e-01
1.725470712460471789e-01
1.840499520532813960e-01
1.950093870973367283e-01
2.054120373767709951e-01
2.152469539282529931e-01
2.245053737867745980e-01
2.331807683092855799e-01
2.412687564876185853e-01
2.487669578126042724e-01
2.556750529662593641e-01
2.619945457581011050e-01
2.677287926044418231e-01
2.728828227672904783e-01
2.774633964402470898e-01
2.814787046861004782e-01
2.849383669268519270e-01
2.878534280108354659e-01
2.902360568798397766e-01
2.920996025314887001e-01
2.934584410750303851e-01
2.943278523392461876e-01
2.947239856753030018e-01
2.946636467696311934e-01
2.941643525355919220e-01
2.932441474762826905e-01
2.919214497691050569e-01
2.902151655183246026e-01
2.881443559455879599e-01
2.857283516116451150e-01
2.829865984353582276e-01
2.799385037506704199e-01
2.766036102451728818e-01
2.730012037268464420e-01
2.691504872218495326e-01
2.650704571489997941e-01
2.607798392102578244e-01
2.562969946002678912e-01
2.516399753574944942e-01
2.468264308410452745e-01
2.418735143508795593e-01
2.367979389079358787e-01
2.316158990759895064e-01
2.263430525431582852e-01
2.209945167615338657e-01
2.155847912390063126e-01
2.101278439021662114e-01
2.046369591984589786e-01
1.991248992794901196e-01
1.936037375138308647e-01
1.880849305712297137e-01
1.825793161511437557e-01
1.770971108582523046e-01
1.716479231226355484e-01
1.662407066549583257e-01
1.608838183453576987e-01
1.555850464912291176e-01
1.503515646459144817e-01
1.451899749963605490e-01
1.401063220556764688e-01
1.351060766656773660e-01
1.301942244149282835e-01
1.253751902463954848e-01
1.206529568775968342e-01
1.160310044992466649e-01
1.115123250672108712e-01
1.070995111829001756e-01
1.027947332927910129e-01
9.859973931281457160e-02
9.451592882707995913e-02
9.054433049308205361e-02
8.668561675948235901e-02
8.294017824396926475e-02
7.930806405200813147e-02
7.578908605575690460e-02
7.238276675437937957e-02
6.908839148243361983e-02
6.590503085239127201e-02
6.283154832911255760e-02
5.986661528484685246e-02
5.700872980644179633e-02
5.425623925190013741e-02
5.160734047654119694e-02
4.906012478143638444e-02
4.661255582299822509e-02
4.426249596546588672e-02
4.200774009597092740e-02
3.984599729556297099e-02
3.777492094718822024e-02
3.579211277310055672e-02
3.389513432773492985e-02
3.208152221928231573e-02
3.034879029481689361e-02
2.869443741418572363e-02
2.711595894888985114e-02
2.561085269170055440e-02
2.417663035195354027e-02
2.281081414658386181e-02
2.151095201376446164e-02
2.027461605822115237e-02
1.909941030466518613e-02
1.798297472030908895e-02
1.692298364337272570e-02
1.591716283157903339e-02
1.496327297625314051e-02
1.405912859962425709e-02
1.320259366179199131e-02
1.239158088554272868e-02
1.162405852418247829e-02
1.089804594585076780e-02
1.021162038601296576e-02
9.562910653732620975e-03
8.950105731422582089e-03
8.371445671834083085e-03
7.825230182618138353e-03
7.309810905284434140e-03
6.823594862694978488e-03
6.365043242748604987e-03
5.932671106348950951e-03
5.525043828876714108e-03
5.140778657254825579e-03
4.778541603917052516e-03
4.437047594129538489e-03
4.115058278946134851e-03
3.811378911005684766e-03
3.524860104167647917e-03
3.254393534181861461e-03
2.998910195366512495e-03
2.757380049385072668e-03
2.528808875417580017e-03
2.312236978588077391e-03
2.106737195761998645e-03
1.911412548211269703e-03
1.725394589137695545e-03
1.547841165739078165e-03
1.377934527393774415e-03
1.214878965309355418e-03
1.057899031625935109e-03
9.062374651113993228e-04
7.591528819078669638e-04
6.159175808263710541e-04
4.758157544784938787e-04
3.381411169646272473e-04
2.021947923792237543e-04
6.728339889827174031e-05
-6.728339889827174031e-05
-2.021947923792237543e-04
-3.381411169646272473e-04
-4.758157544784938787e-04
-6.159175808263710541e-04
-7.591528819078669638e-04
-9.062374651113991059e-04
-1.057899031625935109e-03
-1.214878965309355418e-03
-1.377934527393774415e-03
-1.547841165739078165e-03
-1.725394589137695545e-03
-1.911412548211269703e-03
-2.106737195761998645e-03
-2.312236978588077391e-03
-2.528808875417580017e-03
-2.757380049385072668e-03
-2.998910195366512495e-03
-3.254393534181861461e-03
-3.524860104167647917e-03
-3.811378911005684766e-03
-4.115058278946134851e-03
-4.437047594129538489e-03
-4.778541603917052516e-03
-5.140778657254825579e-03
-5.525043828876714108e-03
-5.932671106348950951e-03
-6.365043242748604987e-03
-6.823594862694978488e-03
-7.309810905284434140e-03
-7.825230182618138353e-03
-8.371445671834083085e-03
-8.950105731422582089e-03
-9.562910653732620975e-03
-1.021162038601296576e-02
-1.089804594585076780e-02
-1.162405852418247829e-02
-1.239158088554272868e-02
-1.320259366179199131e-02
-1.405912859962425709e-02
-1.496327297625314051e-02
-1.591716283157903339e-02
-1.692298364337272570e-02
-1.798297472030908895e-02
-1.909941030466518613e-02
-2.027461605822115237e-02
-2.151095201376446164e-02
-2.281081414658386181e-02
-2.417663035195354027e-02
-2.561085269170055440e-02
-2.711595894888985114e-02
-2.869443741418572363e-02
-3.034879029481689361e-02
-3.208152221928231573e-02
-3.389513432773492985e-02
-3.579211277310055672e-02
-3.777492094718822024e-02
-3.984599729556297099e-02
-4.200774009597092740e-02
-4.426249596546588672e-02
-4.661255582299822509e-02
-4.906012478143638444e-02
-5.160734047654119694e-02
-5.425623925190013741e-02
-5.700872980644179633e-02
-5.986661528484685246e-02
-6.283154832911255760e-02
-6.590503085239127201e-02
-6.908839148243361983e-02
-7.238276675437937957e-02
-7.578908605575690460e-02
-7.930806405200813147e-02
-8.294017824396926475e-02
-8.668561675948235901e-02
-9.054433049308205361e-02
-9.451592882707995913e-02
-9.859973931281457160e-02
-1.027947332927910129e-01
-1.070995111829001756e-01
-1.115123250672108712e-01
-1.160310044992466649e-01
-1.206529568775968342e-01
-1.253751902463954848e-01
-1.301942244149282835e-01
-1.351060766656773660e-01
-1.401063220556764688e-01
-1.451899749963606046e-01
-1.503515646459144817e-01
-1.555850464912291176e-01
-1.608838183453576987e-01
-1.662407066549583257e-01
-1.716479231226355484e-01
-1.770971108582523046e-01
-1.825793161511437557e-01
-1.880849305712297137e-01
-1.936037375138308647e-01
-1.991248992794901196e-01
-2.046369591984589786e-01
-2.101278439021662114e-01
-2.155847912390063126e-01
-2.209945167615338657e-01
-2.263430525431582852e-01
-2.316158990759895064e-01
-2.367979389079358787e-01
-2.418735143508795593e-01
-2.468264308410452745e-01
-2.516399753574944942e-01
-2.562969946002678912e-01
-2.607798392102578244e-01
-2.650704571489997941e-01
-2.691504872218495326e-01
-2.730012037268464420e-01
-2.766036102451728818e-01
-2.799385037506704199e-01
-2.829865984353582276e-01
-2.857283516116451150e-01
-2.881443559455879599e-01
-2.902151655183246026e-01
-2.919214497691050569e-01
-2.932441474762826905e-01
-2.941643525355919220e-01
-2.946636467696311934e-01
-2.947239856753030018e-01
-2.943278523392461876e-01
-2.934584410750303851e-01
-2.920996025314887001e-01
-2.902360568798397766e-01
-2.878534280108354659e-01
-2.849383669268519270e-01
-2.814787046861004782e-01
-2.774633964402470898e-01
-2.728828227672904783e-01
-2.677287926044418231e-01
-2.619945457581011050e-01
-2.556750529662593641e-01
-2.487669578126042724e-01
-2.412687564876185853e-01
-2.331807683092855799e-01
-2.245053737867746257e-01
-2.152469539282529931e-01
-2.054120373767709951e-01
-1.950093870973367283e-01
-1.840499520532813960e-01
-1.725470712460471789e-01
-1.605163340165792762e-01
-1.479757522048925078e-01
-1.349457374752331962e-01
-1.214491221741457738e-01
-1.075110895621936846e-01
-9.315931139655936333e-02
-7.842377128142763443e-02
-6.333676548626382408e-02
-4.793296198910741018e-02
-3.224918244072656065e-02
-1.632440621673861281e-02
-1.996910689525954741e-04
1.608198218062147078e-02
3.247579934072940266e-02
4.893525614536911594e-02
6.541230110424753330e-02
8.185750581697033568e-02
9.822024408073974644e-02
1.144488834604056038e-01
1.304909743496101560e-01
1.462934885927931195e-01
1.618030442385358092e-01
1.769661274846715537e-01
1.917293507987469781e-01
2.060397340260057275e-01
2.198449487131800550e-01
2.330935776169491547e-01
2.457354562481495197e-01
2.577218429092457130e-01
2.690058416661754714e-01
2.795426011564854929e-01
2.892896316806803370e-01
2.982070167610081368e-01
3.062578615782084457e-01
3.134083372028089176e-01
3.196281845386048648e-01
3.248907388404842500e-01
3.291733535968623947e-01
3.324575081308726032e-01
3.347291200608937256e-01
3.359785853758006091e-01
3.362011715608012041e-01
3.353968990915507931e-01
3.335709241610065323e-01
3.307334685542127062e-01
3.268999221167276925e-01
3.220909684130516260e-01
3.163324351748970642e-01
3.096554354250861119e-01
3.020962028957355772e-01
2.936961578738751522e-01
2.845015177435570308e-01
2.745633758539813840e-01
2.639373991423440424e-01
2.526836509881001946e-01
2.408662262553589173e-01
2.285531156837079525e-01
2.158156886557625609e-01
2.027284500173631154e-01
1.893685345818790777e-01
1.758154460786727769e-01
1.621503701580455092e-01
1.484558663196043349e-01
1.348152311961171579e-01
1.213120177417322532e-01
1.080295019810881829e-01
9.505002308270810163e-02
8.245446522262467326e-02
7.032159086069061926e-02
5.872749376298634638e-02
4.774489981153234863e-02
3.744260225824492389e-02
2.788479684621542748e-02
1.913046489564401015e-02
1.123274211236197084e-02
4.238298535653106658e-03
-1.813296421453808316e-03
-6.890184993088355192e-03
-1.096883706535925485e-02
-1.403471363976958874e-02
-1.608284301937427940e-02
-1.711855770066214588e-02
-1.715810877577672589e-02
-1.622948963647022347e-02
-1.437321658122286960e-02
-1.164322768545886233e-02
-8.107996039839610036e-03
-3.851696484600986015e-03
1.024459002930661056e-03
6.400642915926624266e-03
1.213687656687606475e-02
1.807161802357397373e-02
2.402072106339026014e-02
2.977746227940294976e-02
3.511416090014443658e-02
3.978634270999567568e-02
4.354037912360148033e-02
4.612503378817552069e-02
4.730765229418464057e-02
4.689392350520713015e-02
4.475006220346908203e-02
4.082465596397046037e-02
3.516678244195661773e-02
2.793672803348312694e-02
1.940610804410699414e-02
9.945529736711897911e-03
