1.963401213288307190e-02
1.943480223417282104e-02
1.884763315320014954e-02
1.790345460176467896e-02
1.664914935827255249e-02
1.514313742518424988e-02
1.344883069396018982e-02
1.162940636277198792e-02
9.742662310600280762e-03
7.838230580091476440e-03
5.955673754215240479e-03
4.124574363231658936e-03
2.365328371524810791e-03
6.905496120452880859e-04
-8.930638432502746582e-04
-2.383202314376831055e-03
-3.780410625040531158e-03
-5.087010562419891357e-03
-6.306372582912445068e-03
-7.442445494234561920e-03
-8.499228395521640778e-03
-9.480738081037998199e-03
-1.039082091301679611e-02
-1.123320125043392181e-02
-1.201134454458951950e-02
-1.272860448807477951e-02
-1.338808424770832062e-02
-1.399276498705148697e-02
-1.454539038240909576e-02
-1.504866033792495728e-02
-1.550503633916378021e-02
-1.591689884662628174e-02
-1.628650724887847900e-02
-1.661597378551959991e-02
-1.690737158060073853e-02
-1.716261915862560272e-02
-1.738354749977588654e-02
-1.757193729281425476e-02
-1.772946678102016449e-02
-1.785773038864135742e-02
-1.795827969908714294e-02
-1.803257130086421967e-02
-1.808199658989906311e-02
-1.810792647302150726e-02
-1.811163686215877533e-02
-1.809437572956085205e-02
-1.805730536580085754e-02
-1.800158619880676270e-02
-1.792829111218452454e-02
-1.783848553895950317e-02
-1.773315668106079102e-02
-1.761327311396598816e-02
-1.747977547347545624e-02
-1.733354665338993073e-02
-1.717544347047805786e-02
-1.700627431273460388e-02
-1.682684011757373810e-02
-1.663789153099060059e-02
-1.644016243517398834e-02
-1.623434014618396759e-02
-1.602110266685485840e-02
-1.580107770860195160e-02
-1.557489484548568726e-02
-1.534313894808292389e-02
-1.510637253522872925e-02
-1.486513577401638031e-02
-1.461994647979736328e-02
-1.437130011618137360e-02
-1.411967724561691284e-02
-1.386551558971405029e-02
-1.360925659537315369e-02
-1.335130538791418076e-02
-1.309206336736679077e-02
-1.283189281821250916e-02
-1.257115788757801056e-02
-1.231019292026758194e-02
-1.204931735992431641e-02
-1.178883668035268784e-02
-1.152903772890567780e-02
-1.127019338309764862e-02
-1.101255789399147034e-02
-1.075637899339199066e-02
-1.050188113003969193e-02
-1.024927478283643723e-02
-9.998769499361515045e-03
-9.750545024871826172e-03
-9.504781104624271393e-03
-9.261639788746833801e-03
-9.021274745464324951e-03
-8.783822879195213318e-03
-8.549416437745094299e-03
-8.318173699080944061e-03
-8.090204559266567230e-03
-7.865607738494873047e-03
-7.644469849765300751e-03
-7.426875177770853043e-03
-7.212893571704626083e-03
-7.002589292824268341e-03
-6.796021480113267899e-03
-6.593233440071344376e-03
-6.394267082214355469e-03
-6.199157331138849258e-03
-6.007931660860776901e-03
-5.820609163492918015e-03
-5.637205205857753754e-03
-5.457729101181030273e-03
-5.282181780785322189e-03
-5.110564175993204117e-03
-4.942867439240217209e-03
-4.779079463332891464e-03
-4.619185812771320343e-03
-4.463165998458862305e-03
-4.310994874686002731e-03
-4.162644501775503159e-03
-4.018084146082401276e-03
-3.877280512824654579e-03
-3.740192856639623642e-03
-3.606782993301749229e-03
-3.477006452158093452e-03
-3.350818529725074768e-03
-3.228171728551387787e-03
-3.109015524387359619e-03
-2.993299392983317375e-03
-2.880968851968646049e-03
-2.771968487650156021e-03
-2.666244050487875938e-03
-2.563737332820892334e-03
-2.464389428496360779e-03
-2.368141198530793190e-03
-2.274932106956839561e-03
-2.184701617807149887e-03
-2.097388729453086853e-03
-2.012930577620863914e-03
-1.931265927851200104e-03
-1.852331915870308876e-03
-1.776066259481012821e-03
-1.702406560070812702e-03
-1.631290186196565628e-03
-1.562655088491737843e-03
-1.496439450420439243e-03
-1.432581106200814247e-03
-1.371019403450191021e-03
-1.311692991293966770e-03
-1.254541915841400623e-03
-1.199506339617073536e-03
-1.146527240052819252e-03
-1.095546176657080650e-03
-1.046505407430231571e-03
-9.993478888645768166e-04
-9.540182072669267654e-04
-9.104604832828044891e-04
-8.686205255798995495e-04
-8.284449577331542969e-04
-7.898813928477466106e-04
-7.528780261054635048e-04
-7.173842750489711761e-04
-6.833506049588322639e-04
-6.507284706458449364e-04
-6.194704328663647175e-04
-5.895298090763390064e-04
-5.608610808849334717e-04
-5.334198940545320511e-04
-5.071628256700932980e-04
-4.820477042812854052e-04
-4.580329114105552435e-04
-4.350784292910248041e-04
-4.131450259592384100e-04
-3.921945753972977400e-04
-3.721899993252009153e-04
-3.530950343701988459e-04
-3.348747850395739079e-04
-3.174951707478612661e-04
-3.009230131283402443e-04
-2.851264143828302622e-04
-2.700742043089121580e-04
-2.557361731305718422e-04
-2.420832606730982661e-04
-2.290871634613722563e-04
-2.167205384466797113e-04
-2.049569447990506887e-04
-1.937708148034289479e-04
-1.831374684115871787e-04
-1.730330550344660878e-04
-1.634346117498353124e-04
-1.543199032312259078e-04
-1.456675090594217181e-04
-1.374568237224593759e-04
-1.296679838560521603e-04
-1.222818682435899973e-04
-1.152800396084785461e-04
-1.086448173737153411e-04
-1.023591539706103504e-04
-9.640669304644688964e-05
-9.077174763660877943e-05
-8.543917647330090404e-05
-8.039455860853195190e-05
-7.562398241134360433e-05
-7.111412560334429145e-05
-6.685222615487873554e-05
-6.282606773311272264e-05
-5.902393968426622450e-05
-5.543466249946504831e-05
-5.204752233112230897e-05
-4.885226735495962203e-05
-4.583909321809187531e-05
-4.299868305679410696e-05
-4.032208744320087135e-05
-3.780080805881880224e-05
-3.542670674505643547e-05
-3.319204552099108696e-05
-3.108943928964436054e-05
-2.911185765697155148e-05
-2.725261219893582165e-05
-2.550533281464595348e-05
-2.386396590736694634e-05
-2.232275619462598115e-05
-2.087623579427599907e-05
-1.951921876752749085e-05
-1.824678292905446142e-05
-1.705425529507920146e-05
-1.593721935932990164e-05
-1.489147962274728343e-05
-1.391307523590512574e-05
-1.299826089962152764e-05
-1.214349322253838181e-05
-1.134543435910018161e-05
-1.060092836269177496e-05
-9.907013009069487453e-06
-9.260890692530665547e-06
-8.659938430355396122e-06
-8.101692401396576315e-06
-7.583843398606404662e-06
-7.104232736310223117e-06
-6.660840426775394008e-06
-6.251789727684808895e-06
-5.875332590221660212e-06
-5.529848749574739486e-06
-5.213840722717577592e-06
-4.925929715682286769e-06
-4.664853349822806194e-06
-4.429457931109936908e-06
-4.218697995383990929e-06
-4.031634489365387708e-06
-3.867427949444390833e-06
-3.725339865923160687e-06
-3.604728362915921025e-06
-3.505045697238529101e-06
-3.425839850024203770e-06
-3.366749979250016622e-06
-3.327505737615865655e-06
-3.307928636786527932e-06
-3.307928636786527932e-06
-3.327505737615865655e-06
-3.366749979250016622e-06
-3.425839850024203770e-06
-3.505045697238529101e-06
-3.604728362915921025e-06
-3.725339865923160687e-06
-3.867427949444390833e-06
-4.031634489365387708e-06
-4.218697995383990929e-06
-4.429457931109936908e-06
-4.664853349822806194e-06
-4.925929715682286769e-06
-5.213840722717577592e-06
-5.529848749574739486e-06
-5.875332590221660212e-06
-6.251789727684808895e-06
-6.660840426775394008e-06
-7.104232736310223117e-06
-7.583843398606404662e-06
-8.101692401396576315e-06
-8.659938430355396122e-06
-9.260890692530665547e-06
-9.907013009069487453e-06
-1.060092836269177496e-05
-1.134543435910018161e-05
-1.214349322253838181e-05
-1.299826089962152764e-05
-1.391307523590512574e-05
-1.489147962274728343e-05
-1.593721935932990164e-05
-1.705425529507920146e-05
-1.824678292905446142e-05
-1.951921876752749085e-05
-2.087623579427599907e-05
-2.232275619462598115e-05
-2.386396590736694634e-05
-2.550533281464595348e-05
-2.725261219893582165e-05
-2.911185765697155148e-05
-3.108943928964436054e-05
-3.319204552099108696e-05
-3.542670674505643547e-05
-3.780080805881880224e-05
-4.032208744320087135e-05
-4.299868305679410696e-05
-4.583909321809187531e-05
-4.885226735495962203e-05
-5.204752233112230897e-05
-5.543466249946504831e-05
-5.902393968426622450e-05
-6.282606773311272264e-05
-6.685222615487873554e-05
-7.111412560334429145e-05
-7.562398241134360433e-05
-8.039455860853195190e-05
-8.543917647330090404e-05
-9.077174763660877943e-05
-9.640669304644688964e-05
-1.023591539706103504e-04
-1.086448173737153411e-04
-1.152800396084785461e-04
-1.222818682435899973e-04
-1.296679838560521603e-04
-1.374568237224593759e-04
-1.456675090594217181e-04
-1.543199032312259078e-04
-1.634346117498353124e-04
-1.730330550344660878e-04
-1.831374684115871787e-04
-1.937708148034289479e-04
-2.049569447990506887e-04
-2.167205384466797113e-04
-2.290871634613722563e-04
-2.420832606730982661e-04
-2.557361731305718422e-04
-2.700742043089121580e-04
-2.851264143828302622e-04
-3.009230131283402443e-04
-3.174951707478612661e-04
-3.348747850395739079e-04
-3.530950343701988459e-04
-3.721899993252009153e-04
-3.921945753972977400e-04
-4.131450259592384100e-04
-4.350784292910248041e-04
-4.580329114105552435e-04
-4.820477042812854052e-04
-5.071628256700932980e-04
-5.334198940545320511e-04
-5.608610808849334717e-04
-5.895298090763390064e-04
-6.194704328663647175e-04
-6.507284706458449364e-04
-6.833506049588322639e-04
-7.173842750489711761e-04
-7.528780261054635048e-04
-7.898813928477466106e-04
-8.284449577331542969e-04
-8.686205255798995495e-04
-9.104604832828044891e-04
-9.540182072669267654e-04
-9.993478888645768166e-04
-1.046505407430231571e-03
-1.095546176657080650e-03
-1.146527240052819252e-03
-1.199506339617073536e-03
-1.254541915841400623e-03
-1.311692991293966770e-03
-1.371019403450191021e-03
-1.432581106200814247e-03
-1.496439450420439243e-03
-1.562655088491737843e-03
-1.631290186196565628e-03
-1.702406560070812702e-03
-1.776066259481012821e-03
-1.852331915870308876e-03
-1.931265927851200104e-03
-2.012930577620863914e-03
-2.097388729453086853e-03
-2.184701617807149887e-03
-2.274932106956839561e-03
-2.368141198530793190e-03
-2.464389428496360779e-03
-2.563737332820892334e-03
-2.666244050487875938e-03
-2.771968487650156021e-03
-2.880968851968646049e-03
-2.993299392983317375e-03
-3.109015524387359619e-03
-3.228171728551387787e-03
-3.350818529725074768e-03
-3.477006452158093452e-03
-3.606782993301749229e-03
-3.740192856639623642e-03
-3.877280512824654579e-03
-4.018084146082401276e-03
-4.162644501775503159e-03
-4.310994874686002731e-03
-4.463165998458862305e-03
-4.619185812771320343e-03
-4.779079463332891464e-03
-4.942867439240217209e-03
-5.110564175993204117e-03
-5.282181780785322189e-03
-5.457729101181030273e-03
-5.637205205857753754e-03
-5.820609163492918015e-03
-6.007931660860776901e-03
-6.199157331138849258e-03
-6.394267082214355469e-03
-6.593233440071344376e-03
-6.796021480113267899e-03
-7.002589292824268341e-03
-7.212893571704626083e-03
-7.426875177770853043e-03
-7.644469849765300751e-03
-7.865607738494873047e-03
-8.090204559266567230e-03
-8.318173699080944061e-03
-8.549416437745094299e-03
-8.783822879195213318e-03
-9.021274745464324951e-03
-9.261639788746833801e-03
-9.504781104624271393e-03
-9.750545024871826172e-03
-9.998769499361515045e-03
-1.024927478283643723e-02
-1.050188113003969193e-02
-1.075637899339199066e-02
-1.101255789399147034e-02
-1.127019338309764862e-02
-1.152903772890567780e-02
-1.178883668035268784e-02
-1.204931735992431641e-02
-1.231019292026758194e-02
-1.257115788757801056e-02
-1.283189281821250916e-02
-1.309206336736679077e-02
-1.335130538791418076e-02
-1.360925659537315369e-02
-1.386551558971405029e-02
-1.411967724561691284e-02
-1.437130011618137360e-02
-1.461994647979736328e-02
-1.486513577401638031e-02
-1.510637253522872925e-02
-1.534313894808292389e-02
-1.557489484548568726e-02
-1.580107770860195160e-02
-1.602110266685485840e-02
-1.623434014618396759e-02
-1.644016243517398834e-02
-1.663789153099060059e-02
-1.682684011757373810e-02
-1.700627431273460388e-02
-1.717544347047805786e-02
-1.733354665338993073e-02
-1.747977547347545624e-02
-1.761327311396598816e-02
-1.773315668106079102e-02
-1.783848553895950317e-02
-1.792829111218452454e-02
-1.800158619880676270e-02
-1.805730536580085754e-02
-1.809437572956085205e-02
-1.811163686215877533e-02
-1.810792647302150726e-02
-1.808199658989906311e-02
-1.803257130086421967e-02
-1.795827969908714294e-02
-1.785773038864135742e-02
-1.772946678102016449e-02
-1.757193729281425476e-02
-1.738354749977588654e-02
-1.716261915862560272e-02
-1.690737158060073853e-02
-1.661597378551959991e-02
-1.628650724887847900e-02
-1.591689884662628174e-02
-1.550503633916378021e-02
-1.504866033792495728e-02
-1.454539038240909576e-02
-1.399276498705148697e-02
-1.338808424770832062e-02
-1.272860448807477951e-02
-1.201134454458951950e-02
-1.123320125043392181e-02
-1.039082091301679611e-02
-9.480738081037998199e-03
-8.499228395521640778e-03
-7.442445494234561920e-03
-6.306372582912445068e-03
-5.087010562419891357e-03
-3.780410625040531158e-03
-2.383202314376831055e-03
-8.930638432502746582e-04
6.905496120452880859e-04
2.365328371524810791e-03
4.124574363231658936e-03
5.955673754215240479e-03
7.838230580091476440e-03
9.742662310600280762e-03
1.162940636277198792e-02
1.344883069396018982e-02
1.514313742518424988e-02
1.664914935827255249e-02
1.790345460176467896e-02
1.884763315320014954e-02
1.943480223417282104e-02
1.963401213288307190e-02
1.943480223417282104e-02
1.884763315320014954e-02
1.790345460176467896e-02
1.664914935827255249e-02
1.514313742518424988e-02
1.344883069396018982e-02
1.162940636277198792e-02
9.742662310600280762e-03
7.838230580091476440e-03
5.955673754215240479e-03
4.124574363231658936e-03
2.365328371524810791e-03
6.905496120452880859e-04
-8.930638432502746582e-04
-2.383202314376831055e-03
-3.780410625040531158e-03
-5.087010562419891357e-03
-6.306372582912445068e-03
-7.442445494234561920e-03
-8.499228395521640778e-03
-9.480738081037998199e-03
-1.039082091301679611e-02
-1.123320125043392181e-02
-1.201134454458951950e-02
-1.272860448807477951e-02
-1.338808424770832062e-02
-1.399276498705148697e-02
-1.454539038240909576e-02
-1.504866033792495728e-02
-1.550503633916378021e-02
-1.591689884662628174e-02
-1.628650724887847900e-02
-1.661597378551959991e-02
-1.690737158060073853e-02
-1.716261915862560272e-02
-1.738354749977588654e-02
-1.757193729281425476e-02
-1.772946678102016449e-02
-1.785773038864135742e-02
-1.795827969908714294e-02
-1.803257130086421967e-02
-1.808199658989906311e-02
-1.810792647302150726e-02
-1.811163686215877533e-02
-1.809437572956085205e-02
-1.805730536580085754e-02
-1.800158619880676270e-02
-1.792829111218452454e-02
-1.783848553895950317e-02
-1.773315668106079102e-02
-1.761327311396598816e-02
-1.747977547347545624e-02
-1.733354665338993073e-02
-1.717544347047805786e-02
-1.700627431273460388e-02
-1.682684011757373810e-02
-1.663789153099060059e-02
-1.644016243517398834e-02
-1.623434014618396759e-02
-1.602110266685485840e-02
-1.580107770860195160e-02
-1.557489484548568726e-02
-1.534313894808292389e-02
-1.510637253522872925e-02
-1.486513577401638031e-02
-1.461994647979736328e-02
-1.437130011618137360e-02
-1.411967724561691284e-02
-1.386551558971405029e-02
-1.360925659537315369e-02
-1.335130538791418076e-02
-1.309206336736679077e-02
-1.283189281821250916e-02
-1.257115788757801056e-02
-1.231019292026758194e-02
-1.204931735992431641e-02
-1.178883668035268784e-02
-1.152903772890567780e-02
-1.127019338309764862e-02
-1.101255789399147034e-02
-1.075637899339199066e-02
-1.050188113003969193e-02
-1.024927478283643723e-02
-9.998769499361515045e-03
-9.750545024871826172e-03
-9.504781104624271393e-03
-9.261639788746833801e-03
-9.021274745464324951e-03
-8.783822879195213318e-03
-8.549416437745094299e-03
-8.318173699080944061e-03
-8.090204559266567230e-03
-7.865607738494873047e-03
-7.644469849765300751e-03
-7.426875177770853043e-03
-7.212893571704626083e-03
-7.002589292824268341e-03
-6.796021480113267899e-03
-6.593233440071344376e-03
-6.394267082214355469e-03
-6.199157331138849258e-03
-6.007931660860776901e-03
-5.820609163492918015e-03
-5.637205205857753754e-03
-5.457729101181030273e-03
-5.282181780785322189e-03
-5.110564175993204117e-03
-4.942867439240217209e-03
-4.779079463332891464e-03
-4.619185812771320343e-03
-4.463165998458862305e-03
-4.310994874686002731e-03
-4.162644501775503159e-03
-4.018084146082401276e-03
-3.877280512824654579e-03
-3.740192856639623642e-03
-3.606782993301749229e-03
-3.477006452158093452e-03
-3.350818529725074768e-03
-3.228171728551387787e-03
-3.109015524387359619e-03
-2.993299392983317375e-03
-2.880968851968646049e-03
-2.771968487650156021e-03
-2.666244050487875938e-03
-2.563737332820892334e-03
-2.464389428496360779e-03
-2.368141198530793190e-03
-2.274932106956839561e-03
-2.184701617807149887e-03
-2.097388729453086853e-03
-2.012930577620863914e-03
-1.931265927851200104e-03
-1.852331915870308876e-03
-1.776066259481012821e-03
-1.702406560070812702e-03
-1.631290186196565628e-03
-1.562655088491737843e-03
-1.496439450420439243e-03
-1.432581106200814247e-03
-1.371019403450191021e-03
-1.311692991293966770e-03
-1.254541915841400623e-03
-1.199506339617073536e-03
-1.146527240052819252e-03
-1.095546176657080650e-03
-1.046505407430231571e-03
-9.993478888645768166e-04
-9.540182072669267654e-04
-9.104604832828044891e-04
-8.686205255798995495e-04
-8.284449577331542969e-04
-7.898813928477466106e-04
-7.528780261054635048e-04
-7.173842750489711761e-04
-6.833506049588322639e-04
-6.507284706458449364e-04
-6.194704328663647175e-04
-5.895298090763390064e-04
-5.608610808849334717e-04
-5.334198940545320511e-04
-5.071628256700932980e-04
-4.820477042812854052e-04
-4.580329114105552435e-04
-4.350784292910248041e-04
-4.131450259592384100e-04
-3.921945753972977400e-04
-3.721899993252009153e-04
-3.530950343701988459e-04
-3.348747850395739079e-04
-3.174951707478612661e-04
-3.009230131283402443e-04
-2.851264143828302622e-04
-2.700742043089121580e-04
-2.557361731305718422e-04
-2.420832606730982661e-04
-2.290871634613722563e-04
-2.167205384466797113e-04
-2.049569447990506887e-04
-1.937708148034289479e-04
-1.831374684115871787e-04
-1.730330550344660878e-04
-1.634346117498353124e-04
-1.543199032312259078e-04
-1.456675090594217181e-04
-1.374568237224593759e-04
-1.296679838560521603e-04
-1.222818682435899973e-04
-1.152800396084785461e-04
-1.086448173737153411e-04
-1.023591539706103504e-04
-9.640669304644688964e-05
-9.077174763660877943e-05
-8.543917647330090404e-05
-8.039455860853195190e-05
-7.562398241134360433e-05
-7.111412560334429145e-05
-6.685222615487873554e-05
-6.282606773311272264e-05
-5.902393968426622450e-05
-5.543466249946504831e-05
-5.204752233112230897e-05
-4.885226735495962203e-05
-4.583909321809187531e-05
-4.299868305679410696e-05
-4.032208744320087135e-05
-3.780080805881880224e-05
-3.542670674505643547e-05
-3.319204552099108696e-05
-3.108943928964436054e-05
-2.911185765697155148e-05
-2.725261219893582165e-05
-2.550533281464595348e-05
-2.386396590736694634e-05
-2.232275619462598115e-05
-2.087623579427599907e-05
-1.951921876752749085e-05
-1.824678292905446142e-05
-1.705425529507920146e-05
-1.593721935932990164e-05
-1.489147962274728343e-05
-1.391307523590512574e-05
-1.299826089962152764e-05
-1.214349322253838181e-05
-1.134543435910018161e-05
-1.060092836269177496e-05
-9.907013009069487453e-06
-9.260890692530665547e-06
-8.659938430355396122e-06
-8.101692401396576315e-06
-7.583843398606404662e-06
-7.104232736310223117e-06
-6.660840426775394008e-06
-6.251789727684808895e-06
-5.875332590221660212e-06
-5.529848749574739486e-06
-5.213840722717577592e-06
-4.925929715682286769e-06
-4.664853349822806194e-06
-4.429457931109936908e-06
-4.218697995383990929e-06
-4.031634489365387708e-06
-3.867427949444390833e-06
-3.725339865923160687e-06
-3.604728362915921025e-06
-3.505045697238529101e-06
-3.425839850024203770e-06
-3.366749979250016622e-06
-3.327505737615865655e-06
-3.307928636786527932e-06
-3.307928636786527932e-06
-3.327505737615865655e-06
-3.366749979250016622e-06
-3.425839850024203770e-06
-3.505045697238529101e-06
-3.604728362915921025e-06
-3.725339865923160687e-06
-3.867427949444390833e-06
-4.031634489365387708e-06
-4.218697995383990929e-06
-4.429457931109936908e-06
-4.664853349822806194e-06
-4.925929715682286769e-06
-5.213840722717577592e-06
-5.529848749574739486e-06
-5.875332590221660212e-06
-6.251789727684808895e-06
-6.660840426775394008e-06
-7.104232736310223117e-06
-7.583843398606404662e-06
-8.101692401396576315e-06
-8.659938430355396122e-06
-9.260890692530665547e-06
-9.907013009069487453e-06
-1.060092836269177496e-05
-1.134543435910018161e-05
-1.214349322253838181e-05
-1.299826089962152764e-05
-1.391307523590512574e-05
-1.489147962274728343e-05
-1.593721935932990164e-05
-1.705425529507920146e-05
-1.824678292905446142e-05
-1.951921876752749085e-05
-2.087623579427599907e-05
-2.232275619462598115e-05
-2.386396590736694634e-05
-2.550533281464595348e-05
-2.725261219893582165e-05
-2.911185765697155148e-05
-3.108943928964436054e-05
-3.319204552099108696e-05
-3.542670674505643547e-05
-3.780080805881880224e-05
-4.032208744320087135e-05
-4.299868305679410696e-05
-4.583909321809187531e-05
-4.885226735495962203e-05
-5.204752233112230897e-05
-5.543466249946504831e-05
-5.902393968426622450e-05
-6.282606773311272264e-05
-6.685222615487873554e-05
-7.111412560334429145e-05
-7.562398241134360433e-05
-8.039455860853195190e-05
-8.543917647330090404e-05
-9.077174763660877943e-05
-9.640669304644688964e-05
-1.023591539706103504e-04
-1.086448173737153411e-04
-1.152800396084785461e-04
-1.222818682435899973e-04
-1.296679838560521603e-04
-1.374568237224593759e-04
-1.456675090594217181e-04
-1.543199032312259078e-04
-1.634346117498353124e-04
-1.730330550344660878e-04
-1.831374684115871787e-04
-1.937708148034289479e-04
-2.049569447990506887e-04
-2.167205384466797113e-04
-2.290871634613722563e-04
-2.420832606730982661e-04
-2.557361731305718422e-04
-2.700742043089121580e-04
-2.851264143828302622e-04
-3.009230131283402443e-04
-3.174951707478612661e-04
-3.348747850395739079e-04
-3.530950343701988459e-04
-3.721899993252009153e-04
-3.921945753972977400e-04
-4.131450259592384100e-04
-4.350784292910248041e-04
-4.580329114105552435e-04
-4.820477042812854052e-04
-5.071628256700932980e-04
-5.334198940545320511e-04
-5.608610808849334717e-04
-5.895298090763390064e-04
-6.194704328663647175e-04
-6.507284706458449364e-04
-6.833506049588322639e-04
-7.173842750489711761e-04
-7.528780261054635048e-04
-7.898813928477466106e-04
-8.284449577331542969e-04
-8.686205255798995495e-04
-9.104604832828044891e-04
-9.540182072669267654e-04
-9.993478888645768166e-04
-1.046505407430231571e-03
-1.095546176657080650e-03
-1.146527240052819252e-03
-1.199506339617073536e-03
-1.254541915841400623e-03
-1.311692991293966770e-03
-1.371019403450191021e-03
-1.432581106200814247e-03
-1.496439450420439243e-03
-1.562655088491737843e-03
-1.631290186196565628e-03
-1.702406560070812702e-03
-1.776066259481012821e-03
-1.852331915870308876e-03
-1.931265927851200104e-03
-2.012930577620863914e-03
-2.097388729453086853e-03
-2.184701617807149887e-03
-2.274932106956839561e-03
-2.368141198530793190e-03
-2.464389428496360779e-03
-2.563737332820892334e-03
-2.666244050487875938e-03
-2.771968487650156021e-03
-2.880968851968646049e-03
-2.993299392983317375e-03
-3.109015524387359619e-03
-3.228171728551387787e-03
-3.350818529725074768e-03
-3.477006452158093452e-03
-3.606782993301749229e-03
-3.740192856639623642e-03
-3.877280512824654579e-03
-4.018084146082401276e-03
-4.162644501775503159e-03
-4.310994874686002731e-03
-4.463165998458862305e-03
-4.619185812771320343e-03
-4.779079463332891464e-03
-4.942867439240217209e-03
-5.110564175993204117e-03
-5.282181780785322189e-03
-5.457729101181030273e-03
-5.637205205857753754e-03
-5.820609163492918015e-03
-6.007931660860776901e-03
-6.199157331138849258e-03
-6.394267082214355469e-03
-6.593233440071344376e-03
-6.796021480113267899e-03
-7.002589292824268341e-03
-7.212893571704626083e-03
-7.426875177770853043e-03
-7.644469849765300751e-03
-7.865607738494873047e-03
-8.090204559266567230e-03
-8.318173699080944061e-03
-8.549416437745094299e-03
-8.783822879195213318e-03
-9.021274745464324951e-03
-9.261639788746833801e-03
-9.504781104624271393e-03
-9.750545024871826172e-03
-9.998769499361515045e-03
-1.024927478283643723e-02
-1.050188113003969193e-02
-1.075637899339199066e-02
-1.101255789399147034e-02
-1.127019338309764862e-02
-1.152903772890567780e-02
-1.178883668035268784e-02
-1.204931735992431641e-02
-1.231019292026758194e-02
-1.257115788757801056e-02
-1.283189281821250916e-02
-1.309206336736679077e-02
-1.335130538791418076e-02
-1.360925659537315369e-02
-1.386551558971405029e-02
-1.411967724561691284e-02
-1.437130011618137360e-02
-1.461994647979736328e-02
-1.486513577401638031e-02
-1.510637253522872925e-02
-1.534313894808292389e-02
-1.557489484548568726e-02
-1.580107770860195160e-02
-1.602110266685485840e-02
-1.623434014618396759e-02
-1.644016243517398834e-02
-1.663789153099060059e-02
-1.682684011757373810e-02
-1.700627431273460388e-02
-1.717544347047805786e-02
-1.733354665338993073e-02
-1.747977547347545624e-02
-1.761327311396598816e-02
-1.773315668106079102e-02
-1.783848553895950317e-02
-1.792829111218452454e-02
-1.800158619880676270e-02
-1.805730536580085754e-02
-1.809437572956085205e-02
-1.811163686215877533e-02
-1.810792647302150726e-02
-1.808199658989906311e-02
-1.803257130086421967e-02
-1.795827969908714294e-02
-1.785773038864135742e-02
-1.772946678102016449e-02
-1.757193729281425476e-02
-1.738354749977588654e-02
-1.716261915862560272e-02
-1.690737158060073853e-02
-1.661597378551959991e-02
-1.628650724887847900e-02
-1.591689884662628174e-02
-1.550503633916378021e-02
-1.504866033792495728e-02
-1.454539038240909576e-02
-1.399276498705148697e-02
-1.338808424770832062e-02
-1.272860448807477951e-02
-1.201134454458951950e-02
-1.123320125043392181e-02
-1.039082091301679611e-02
-9.480738081037998199e-03
-8.499228395521640778e-03
-7.442445494234561920e-03
-6.306372582912445068e-03
-5.087010562419891357e-03
-3.780410625040531158e-03
-2.383202314376831055e-03
-8.930638432502746582e-04
6.905496120452880859e-04
2.365328371524810791e-03
4.124574363231658936e-03
5.955673754215240479e-03
7.838230580091476440e-03
9.742662310600280762e-03
1.162940636277198792e-02
1.344883069396018982e-02
1.514313742518424988e-02
1.664914935827255249e-02
1.790345460176467896e-02
1.884763315320014954e-02
1.943480223417282104e-02
