-6.825880571729958342e-05
-7.083553363417223264e-05
-7.841185388476671866e-05
-9.054511204602466105e-05
-1.065567475602010125e-04
-1.256091045810416582e-04
-1.467929005934478527e-04
-1.692105782200234714e-04
-1.920446343624802627e-04
-2.146037189468089383e-04
-2.363452063627377174e-04
-2.568768021151518173e-04
-2.759426629028623721e-04
-2.934005575090466622e-04
-3.091956482677248844e-04
-3.233356435665072216e-04
-3.358690917762544351e-04
-3.468692411158595668e-04
-3.564217052811259764e-04
-3.646167533173211273e-04
-3.715442831677440464e-04
-3.772910770962090046e-04
-3.819395906083927349e-04
-3.855672640768623908e-04
-3.882465808105758725e-04
-3.900450885754323045e-04
-3.910260293623485373e-04
-3.912482205231186650e-04
-3.907668945680620610e-04
-3.896334640969628064e-04
-3.878962709301627862e-04
-3.856004387198662029e-04
-3.827885279429132990e-04
-3.795002526600229037e-04
-3.757731648553748298e-04
-3.716423819552577769e-04
-3.671410792907932514e-04
-3.623004875904497568e-04
-3.571500159279360339e-04
-3.517174094208980976e-04
-3.460288737711167276e-04
-3.401091445005240198e-04
-3.339815933277579234e-04
-3.276683723337748492e-04
-3.211903442443753078e-04
-3.145673039324931313e-04
-3.078180100528706583e-04
-3.009601419678652168e-04
-2.940105493636103063e-04
-2.869850840361248107e-04
-2.798988398631123745e-04
-2.727660445152503424e-04
-2.656002224619922461e-04
-2.584141250431414190e-04
-2.512198636385530961e-04
-2.440288333928147487e-04
-2.368518405466092571e-04
-2.296990666554469607e-04
-2.225801221700640501e-04
-2.155040748936704368e-04
-2.084793846826066722e-04
-2.015141229514442957e-04
-1.946157547069308808e-04
-1.877913088557008124e-04
-1.810473406230825181e-04
-1.743899843293459783e-04
-1.678249016838738450e-04
-1.613573894261634560e-04
-1.549923138561569208e-04
-1.487341246023740214e-04
-1.425869591654054598e-04
-1.365545286956349001e-04
-1.306402552090919062e-04
-1.248471557537341619e-04
-1.191779781224607671e-04
-1.136350950844615502e-04
-1.082206387904002863e-04
-1.029363880500702044e-04
-9.778387293174553303e-05
-9.276432977891960749e-05
-8.787875321729712863e-05
-8.312785024666631854e-05
-7.851212005230576651e-05
-7.403180729193911832e-05
-6.968693528873938384e-05
-6.547731021920444728e-05
-6.140254791984661221e-05
-5.746205453258951013e-05
-5.365505274412810306e-05
-4.998059343663702891e-05
-4.643755850072794742e-05
-4.302466916062402681e-05
-3.974050556022373944e-05
-3.658348888996963705e-05
-3.355193213672120816e-05
-3.064401039928181140e-05
-2.785778265064840951e-05
-2.519121479013448000e-05
-2.264216386133672515e-05
-2.020839654696926605e-05
-1.788760468197702285e-05
-1.567740202619744716e-05
-1.357533240493456076e-05
-1.157888707461547756e-05
-9.685492619445843700e-06
-7.892543920258969633e-06
-6.197393691226507024e-06
-4.597352699378127220e-06
-3.089720739142890424e-06
-1.671767292033707852e-06
-3.407537903741707307e-07
9.060747164845496122e-07
2.071464525743690638e-06
3.158163672376005586e-06
4.168919547780336602e-06
5.106458188458041211e-06
5.973488411877819269e-06
6.772708848435794519e-06
7.506784899623142896e-06
8.178349729526392421e-06
8.790011370434389908e-06
9.344341931674947409e-06
9.843863960113500319e-06
1.029107336806035743e-05
1.068840934172816704e-05
1.103827084750483298e-05
1.134300591640997193e-05
1.160491168957273742e-05
1.182622873984930693e-05
1.200915045223541543e-05
1.215580804454761241e-05
1.226827852842169955e-05
1.234857475888737791e-05
1.239865985593671694e-05
1.242043439625208925e-05
1.241572934176974882e-05
1.238632190481581993e-05
1.233393994850807095e-05
1.226022768798837660e-05
1.216678592772935170e-05
1.205514493147577040e-05
1.192678101010287409e-05
1.178310730889074041e-05
1.162547892806959786e-05
1.145519087588298194e-05
1.127348247085898361e-05
1.108153170936787769e-05
1.088046396543631249e-05
1.067135208881139559e-05
1.045520861779051181e-05
1.023299519053615134e-05
1.000562550425005487e-05
9.773957522007657817e-06
9.538803594435202310e-06
9.300929828880946833e-06
9.061047572745690038e-06
8.819832128333932047e-06
8.577910647961566881e-06
8.335867226975845066e-06
8.094250861037115391e-06
7.853565483881797628e-06
7.614277919661038212e-06
7.376819382682021232e-06
7.141587691387542854e-06
6.908944463141460506e-06
6.679220906803873827e-06
6.452716446128890262e-06
6.229702357614351110e-06
6.010420389299518723e-06
5.795088544147524081e-06
5.583896827696694390e-06
5.377012668782215592e-06
5.174579529699147920e-06
4.976721964475404635e-06
4.783542433333925060e-06
4.595125998742461570e-06
4.411537852791404600e-06
4.232828009594976915e-06
4.059032412548162307e-06
3.890167948112374829e-06
3.726243941667196890e-06
3.567252151350490684e-06
3.413175394128357773e-06
3.263986136879933089e-06
3.119644727759681718e-06
2.980104972223353159e-06
2.845311645114423872e-06
2.715202659968207652e-06
2.589707653746441091e-06
2.468752124748032110e-06
2.352255836008734819e-06
2.240132830228156614e-06
2.132294489636590704e-06
2.028647936519131433e-06
1.929097478772506587e-06
1.833544262936722243e-06
1.741888076494327314e-06
1.654027716069678752e-06
1.569858488204443443e-06
1.489277503389987628e-06
1.412179652615056343e-06
1.338460481390608906e-06
1.268014942302881370e-06
1.200739103360357322e-06
1.136529347467081165e-06
1.075283094387492987e-06
1.016898716015445812e-06
9.612760783383363552e-07
9.083161871734729917e-07
8.579223565025703418e-07
8.099989576778817403e-07
7.644526767098517384e-07
7.211921139443952054e-07
6.801280105732212062e-07
6.411733853143924916e-07
6.042433125254539902e-07
5.692554167888552813e-07
5.361297402072966300e-07
5.047885647281094565e-07
4.751568166075083536e-07
4.471618436275453267e-07
4.207335057232396561e-07
3.958041758981837198e-07
3.723088530064657184e-07
3.501849608814558063e-07
3.293725057103624062e-07
3.098138525855095030e-07
2.914541738672165539e-07
2.742408000579167673e-07
2.581237576181730700e-07
2.430553660822459785e-07
2.289904174284228507e-07
2.158861538392399571e-07
2.037020662533257511e-07
1.924000736215708844e-07
1.819443773885683663e-07
1.723014391297305932e-07
1.634400029609089769e-07
1.553310059499519714e-07
1.479476228928394312e-07
1.412651767016869552e-07
1.352611383703808068e-07
1.299151157368960879e-07
1.252088198463219143e-07
1.211260761054611142e-07
1.176527010602630478e-07
1.147766367329640120e-07
1.124877938107067462e-07
1.107781971888692503e-07
1.096417955752545588e-07
1.090745846487591461e-07
1.090745846487591461e-07
1.096417955752545588e-07
1.107781971888692503e-07
1.124877938107067462e-07
1.147766367329640120e-07
1.176527010602630478e-07
1.211260761054611142e-07
1.252088198463219143e-07
1.299151157368960879e-07
1.352611383703808068e-07
1.412651767016869552e-07
1.479476228928394312e-07
1.553310059499519714e-07
1.634400029609089769e-07
1.723014391297305932e-07
1.819443773885683663e-07
1.924000736215708844e-07
2.037020662533257511e-07
2.158861538392399571e-07
2.289904174284228507e-07
2.430553660822459785e-07
2.581237576181730700e-07
2.742408000579167673e-07
2.914541738672165539e-07
3.098138525855095030e-07
3.293725057103624062e-07
3.501849608814558063e-07
3.723088530064657714e-07
3.958041758981837198e-07
4.207335057232396561e-07
4.471618436275453267e-07
4.751568166075083536e-07
5.047885647281094565e-07
5.361297402072966300e-07
5.692554167888552813e-07
6.042433125254539902e-07
6.411733853143924916e-07
6.801280105732212062e-07
7.211921139443952054e-07
7.644526767098517384e-07
8.099989576778817403e-07
8.579223565025703418e-07
9.083161871734729917e-07
9.612760783383363552e-07
1.016898716015445812e-06
1.075283094387492987e-06
1.136529347467081165e-06
1.200739103360357322e-06
1.268014942302881370e-06
1.338460481390608906e-06
1.412179652615056343e-06
1.489277503389987628e-06
1.569858488204443443e-06
1.654027716069678752e-06
1.741888076494327314e-06
1.833544262936722243e-06
1.929097478772506587e-06
2.028647936519131433e-06
2.132294489636590704e-06
2.240132830228156614e-06
2.352255836008734819e-06
2.468752124748032110e-06
2.589707653746441091e-06
2.715202659968207652e-06
2.845311645114423872e-06
2.980104972223353159e-06
3.119644727759681718e-06
3.263986136879933089e-06
3.413175394128357773e-06
3.567252151350490684e-06
3.726243941667196890e-06
3.890167948112374829e-06
4.059032412548162307e-06
4.232828009594976915e-06
4.411537852791404600e-06
4.595125998742461570e-06
4.783542433333925060e-06
4.976721964475404635e-06
5.174579529699147920e-06
5.377012668782215592e-06
5.583896827696694390e-06
5.795088544147524081e-06
6.010420389299518723e-06
6.229702357614351110e-06
6.452716446128890262e-06
6.679220906803873827e-06
6.908944463141460506e-06
7.141587691387542854e-06
7.376819382682021232e-06
7.614277919661038212e-06
7.853565483881797628e-06
8.094250861037115391e-06
8.335867226975845066e-06
8.577910647961566881e-06
8.819832128333932047e-06
9.061047572745690038e-06
9.300929828880946833e-06
9.538803594435202310e-06
9.773957522007657817e-06
1.000562550425005487e-05
1.023299519053615134e-05
1.045520861779051181e-05
1.067135208881139559e-05
1.088046396543631249e-05
1.108153170936787769e-05
1.127348247085898361e-05
1.145519087588298194e-05
1.162547892806959786e-05
1.178310730889074041e-05
1.192678101010287409e-05
1.205514493147577040e-05
1.216678592772935170e-05
1.226022768798837660e-05
1.233393994850807095e-05
1.238632190481581993e-05
1.241572934176974882e-05
1.242043439625208925e-05
1.239865985593671694e-05
1.234857475888737791e-05
1.226827852842169955e-05
1.215580804454761241e-05
1.200915045223541543e-05
1.182622873984930862e-05
1.160491168957273742e-05
1.134300591640997193e-05
1.103827084750483298e-05
1.068840934172816704e-05
1.029107336806035743e-05
9.843863960113500319e-06
9.344341931674947409e-06
8.790011370434389908e-06
8.178349729526392421e-06
7.506784899623142896e-06
6.772708848435796213e-06
5.973488411877819269e-06
5.106458188458041211e-06
4.168919547780336602e-06
3.158163672376005586e-06
2.071464525743691061e-06
9.060747164845499298e-07
-3.407537903741707307e-07
-1.671767292033707852e-06
-3.089720739142890424e-06
-4.597352699378128067e-06
-6.197393691226507024e-06
-7.892543920258969633e-06
-9.685492619445843700e-06
-1.157888707461547587e-05
-1.357533240493456076e-05
-1.567740202619744716e-05
-1.788760468197702285e-05
-2.020839654696926605e-05
-2.264216386133672515e-05
-2.519121479013448000e-05
-2.785778265064840951e-05
-3.064401039928181140e-05
-3.355193213672120816e-05
-3.658348888996963705e-05
-3.974050556022373944e-05
-4.302466916062402681e-05
-4.643755850072794742e-05
-4.998059343663702891e-05
-5.365505274412810306e-05
-5.746205453258951013e-05
-6.140254791984661221e-05
-6.547731021920444728e-05
-6.968693528873938384e-05
-7.403180729193911832e-05
-7.851212005230576651e-05
-8.312785024666631854e-05
-8.787875321729712863e-05
-9.276432977891962105e-05
-9.778387293174553303e-05
-1.029363880500702044e-04
-1.082206387904002863e-04
-1.136350950844615502e-04
-1.191779781224607671e-04
-1.248471557537341619e-04
-1.306402552090919062e-04
-1.365545286956349001e-04
-1.425869591654054598e-04
-1.487341246023740214e-04
-1.549923138561569208e-04
-1.613573894261634560e-04
-1.678249016838738450e-04
-1.743899843293459783e-04
-1.810473406230825181e-04
-1.877913088557008124e-04
-1.946157547069308808e-04
-2.015141229514442957e-04
-2.084793846826066722e-04
-2.155040748936703826e-04
-2.225801221700640501e-04
-2.296990666554469607e-04
-2.368518405466092571e-04
-2.440288333928147487e-04
-2.512198636385530961e-04
-2.584141250431414732e-04
-2.656002224619922461e-04
-2.727660445152503424e-04
-2.798988398631123745e-04
-2.869850840361248107e-04
-2.940105493636103063e-04
-3.009601419678652168e-04
-3.078180100528706583e-04
-3.145673039324931313e-04
-3.211903442443753078e-04
-3.276683723337748492e-04
-3.339815933277579234e-04
-3.401091445005240198e-04
-3.460288737711167276e-04
-3.517174094208980976e-04
-3.571500159279360339e-04
-3.623004875904497568e-04
-3.671410792907932514e-04
-3.716423819552577769e-04
-3.757731648553748298e-04
-3.795002526600229037e-04
-3.827885279429132990e-04
-3.856004387198662029e-04
-3.878962709301627862e-04
-3.896334640969628064e-04
-3.907668945680620610e-04
-3.912482205231186650e-04
-3.910260293623485373e-04
-3.900450885754324130e-04
-3.882465808105758725e-04
-3.855672640768623908e-04
-3.819395906083927349e-04
-3.772910770962090046e-04
-3.715442831677440464e-04
-3.646167533173211815e-04
-3.564217052811259764e-04
-3.468692411158595668e-04
-3.358690917762544351e-04
-3.233356435665072216e-04
-3.091956482677248302e-04
-2.934005575090467164e-04
-2.759426629028623721e-04
-2.568768021151517631e-04
-2.363452063627377174e-04
-2.146037189468090467e-04
-1.920446343624803440e-04
-1.692105782200235527e-04
-1.467929005934478527e-04
-1.256091045810416582e-04
-1.065567475602010125e-04
-9.054511204602466105e-05
-7.841185388476671866e-05
-7.083553363417223264e-05
-6.825880571729958342e-05
-7.083553363417223264e-05
-7.841185388476671866e-05
-9.054511204602466105e-05
-1.065567475602010125e-04
-1.256091045810416582e-04
-1.467929005934478527e-04
-1.692105782200234714e-04
-1.920446343624802627e-04
-2.146037189468089383e-04
-2.363452063627377174e-04
-2.568768021151518173e-04
-2.759426629028623721e-04
-2.934005575090466622e-04
-3.091956482677248844e-04
-3.233356435665072216e-04
-3.358690917762544351e-04
-3.468692411158595668e-04
-3.564217052811259764e-04
-3.646167533173211273e-04
-3.715442831677440464e-04
-3.772910770962090046e-04
-3.819395906083927349e-04
-3.855672640768623908e-04
-3.882465808105758725e-04
-3.900450885754323045e-04
-3.910260293623485373e-04
-3.912482205231186650e-04
-3.907668945680620610e-04
-3.896334640969628064e-04
-3.878962709301627862e-04
-3.856004387198662029e-04
-3.827885279429132990e-04
-3.795002526600229037e-04
-3.757731648553748298e-04
-3.716423819552577769e-04
-3.671410792907932514e-04
-3.623004875904497568e-04
-3.571500159279360339e-04
-3.517174094208980976e-04
-3.460288737711167276e-04
-3.401091445005240198e-04
-3.339815933277579234e-04
-3.276683723337748492e-04
-3.211903442443753078e-04
-3.145673039324931313e-04
-3.078180100528706583e-04
-3.009601419678652168e-04
-2.940105493636103063e-04
-2.869850840361248107e-04
-2.798988398631123745e-04
-2.727660445152503424e-04
-2.656002224619922461e-04
-2.584141250431414190e-04
-2.512198636385530961e-04
-2.440288333928147487e-04
-2.368518405466092571e-04
-2.296990666554469607e-04
-2.225801221700640501e-04
-2.155040748936704368e-04
-2.084793846826066722e-04
-2.015141229514442957e-04
-1.946157547069308808e-04
-1.877913088557008124e-04
-1.810473406230825181e-04
-1.743899843293459783e-04
-1.678249016838738450e-04
-1.613573894261634560e-04
-1.549923138561569208e-04
-1.487341246023740214e-04
-1.425869591654054598e-04
-1.365545286956349001e-04
-1.306402552090919062e-04
-1.248471557537341619e-04
-1.191779781224607671e-04
-1.136350950844615502e-04
-1.082206387904002863e-04
-1.029363880500702044e-04
-9.778387293174553303e-05
-9.276432977891960749e-05
-8.787875321729712863e-05
-8.312785024666631854e-05
-7.851212005230576651e-05
-7.403180729193911832e-05
-6.968693528873938384e-05
-6.547731021920444728e-05
-6.140254791984661221e-05
-5.746205453258951013e-05
-5.365505274412810306e-05
-4.998059343663702891e-05
-4.643755850072794742e-05
-4.302466916062402681e-05
-3.974050556022373944e-05
-3.658348888996963705e-05
-3.355193213672120816e-05
-3.064401039928181140e-05
-2.785778265064840951e-05
-2.519121479013448000e-05
-2.264216386133672515e-05
-2.020839654696926605e-05
-1.788760468197702285e-05
-1.567740202619744716e-05
-1.357533240493456076e-05
-1.157888707461547756e-05
-9.685492619445843700e-06
-7.892543920258969633e-06
-6.197393691226507024e-06
-4.597352699378127220e-06
-3.089720739142890424e-06
-1.671767292033707852e-06
-3.407537903741707307e-07
9.060747164845496122e-07
2.071464525743690638e-06
3.158163672376005586e-06
4.168919547780336602e-06
5.106458188458041211e-06
5.973488411877819269e-06
6.772708848435794519e-06
7.506784899623142896e-06
8.178349729526392421e-06
8.790011370434389908e-06
9.344341931674947409e-06
9.843863960113500319e-06
1.029107336806035743e-05
1.068840934172816704e-05
1.103827084750483298e-05
1.134300591640997193e-05
1.160491168957273742e-05
1.182622873984930693e-05
1.200915045223541543e-05
1.215580804454761241e-05
1.226827852842169955e-05
1.234857475888737791e-05
1.239865985593671694e-05
1.242043439625208925e-05
1.241572934176974882e-05
1.238632190481581993e-05
1.233393994850807095e-05
1.226022768798837660e-05
1.216678592772935170e-05
1.205514493147577040e-05
1.192678101010287409e-05
1.178310730889074041e-05
1.162547892806959786e-05
1.145519087588298194e-05
1.127348247085898361e-05
1.108153170936787769e-05
1.088046396543631249e-05
1.067135208881139559e-05
1.045520861779051181e-05
1.023299519053615134e-05
1.000562550425005487e-05
9.773957522007657817e-06
9.538803594435202310e-06
9.300929828880946833e-06
9.061047572745690038e-06
8.819832128333932047e-06
8.577910647961566881e-06
8.335867226975845066e-06
8.094250861037115391e-06
7.853565483881797628e-06
7.614277919661038212e-06
7.376819382682021232e-06
7.141587691387542854e-06
6.908944463141460506e-06
6.679220906803873827e-06
6.452716446128890262e-06
6.229702357614351110e-06
6.010420389299518723e-06
5.795088544147524081e-06
5.583896827696694390e-06
5.377012668782215592e-06
5.174579529699147920e-06
4.976721964475404635e-06
4.783542433333925060e-06
4.595125998742461570e-06
4.411537852791404600e-06
4.232828009594976915e-06
4.059032412548162307e-06
3.890167948112374829e-06
3.726243941667196890e-06
3.567252151350490684e-06
3.413175394128357773e-06
3.263986136879933089e-06
3.119644727759681718e-06
2.980104972223353159e-06
2.845311645114423872e-06
2.715202659968207652e-06
2.589707653746441091e-06
2.468752124748032110e-06
2.352255836008734819e-06
2.240132830228156614e-06
2.132294489636590704e-06
2.028647936519131433e-06
1.929097478772506587e-06
1.833544262936722243e-06
1.741888076494327314e-06
1.654027716069678752e-06
1.569858488204443443e-06
1.489277503389987628e-06
1.412179652615056343e-06
1.338460481390608906e-06
1.268014942302881370e-06
1.200739103360357322e-06
1.136529347467081165e-06
1.075283094387492987e-06
1.016898716015445812e-06
9.612760783383363552e-07
9.083161871734729917e-07
8.579223565025703418e-07
8.099989576778817403e-07
7.644526767098517384e-07
7.211921139443952054e-07
6.801280105732212062e-07
6.411733853143924916e-07
6.042433125254539902e-07
5.692554167888552813e-07
5.361297402072966300e-07
5.047885647281094565e-07
4.751568166075083536e-07
4.471618436275453267e-07
4.207335057232396561e-07
3.958041758981837198e-07
3.723088530064657184e-07
3.501849608814558063e-07
3.293725057103624062e-07
3.098138525855095030e-07
2.914541738672165539e-07
2.742408000579167673e-07
2.581237576181730700e-07
2.430553660822459785e-07
2.289904174284228507e-07
2.158861538392399571e-07
2.037020662533257511e-07
1.924000736215708844e-07
1.819443773885683663e-07
1.723014391297305932e-07
1.634400029609089769e-07
1.553310059499519714e-07
1.479476228928394312e-07
1.412651767016869552e-07
1.352611383703808068e-07
1.299151157368960879e-07
1.252088198463219143e-07
1.211260761054611142e-07
1.176527010602630478e-07
1.147766367329640120e-07
1.124877938107067462e-07
1.107781971888692503e-07
1.096417955752545588e-07
1.090745846487591461e-07
1.090745846487591461e-07
1.096417955752545588e-07
1.107781971888692503e-07
1.124877938107067462e-07
1.147766367329640120e-07
1.176527010602630478e-07
1.211260761054611142e-07
1.252088198463219143e-07
1.299151157368960879e-07
1.352611383703808068e-07
1.412651767016869552e-07
1.479476228928394312e-07
1.553310059499519714e-07
1.634400029609089769e-07
1.723014391297305932e-07
1.819443773885683663e-07
1.924000736215708844e-07
2.037020662533257511e-07
2.158861538392399571e-07
2.289904174284228507e-07
2.430553660822459785e-07
2.581237576181730700e-07
2.742408000579167673e-07
2.914541738672165539e-07
3.098138525855095030e-07
3.293725057103624062e-07
3.501849608814558063e-07
3.723088530064657714e-07
3.958041758981837198e-07
4.207335057232396561e-07
4.471618436275453267e-07
4.751568166075083536e-07
5.047885647281094565e-07
5.361297402072966300e-07
5.692554167888552813e-07
6.042433125254539902e-07
6.411733853143924916e-07
6.801280105732212062e-07
7.211921139443952054e-07
7.644526767098517384e-07
8.099989576778817403e-07
8.579223565025703418e-07
9.083161871734729917e-07
9.612760783383363552e-07
1.016898716015445812e-06
1.075283094387492987e-06
1.136529347467081165e-06
1.200739103360357322e-06
1.268014942302881370e-06
1.338460481390608906e-06
1.412179652615056343e-06
1.489277503389987628e-06
1.569858488204443443e-06
1.654027716069678752e-06
1.741888076494327314e-06
1.833544262936722243e-06
1.929097478772506587e-06
2.028647936519131433e-06
2.132294489636590704e-06
2.240132830228156614e-06
2.352255836008734819e-06
2.468752124748032110e-06
2.589707653746441091e-06
2.715202659968207652e-06
2.845311645114423872e-06
2.980104972223353159e-06
3.119644727759681718e-06
3.263986136879933089e-06
3.413175394128357773e-06
3.567252151350490684e-06
3.726243941667196890e-06
3.890167948112374829e-06
4.059032412548162307e-06
4.232828009594976915e-06
4.411537852791404600e-06
4.595125998742461570e-06
4.783542433333925060e-06
4.976721964475404635e-06
5.174579529699147920e-06
5.377012668782215592e-06
5.583896827696694390e-06
5.795088544147524081e-06
6.010420389299518723e-06
6.229702357614351110e-06
6.452716446128890262e-06
6.679220906803873827e-06
6.908944463141460506e-06
7.141587691387542854e-06
7.376819382682021232e-06
7.614277919661038212e-06
7.853565483881797628e-06
8.094250861037115391e-06
8.335867226975845066e-06
8.577910647961566881e-06
8.819832128333932047e-06
9.061047572745690038e-06
9.300929828880946833e-06
9.538803594435202310e-06
9.773957522007657817e-06
1.000562550425005487e-05
1.023299519053615134e-05
1.045520861779051181e-05
1.067135208881139559e-05
1.088046396543631249e-05
1.108153170936787769e-05
1.127348247085898361e-05
1.145519087588298194e-05
1.162547892806959786e-05
1.178310730889074041e-05
1.192678101010287409e-05
1.205514493147577040e-05
1.216678592772935170e-05
1.226022768798837660e-05
1.233393994850807095e-05
1.238632190481581993e-05
1.241572934176974882e-05
1.242043439625208925e-05
1.239865985593671694e-05
1.234857475888737791e-05
1.226827852842169955e-05
1.215580804454761241e-05
1.200915045223541543e-05
1.182622873984930862e-05
1.160491168957273742e-05
1.134300591640997193e-05
1.103827084750483298e-05
1.068840934172816704e-05
1.029107336806035743e-05
9.843863960113500319e-06
9.344341931674947409e-06
8.790011370434389908e-06
8.178349729526392421e-06
7.506784899623142896e-06
6.772708848435796213e-06
5.973488411877819269e-06
5.106458188458041211e-06
4.168919547780336602e-06
3.158163672376005586e-06
2.071464525743691061e-06
9.060747164845499298e-07
-3.407537903741707307e-07
-1.671767292033707852e-06
-3.089720739142890424e-06
-4.597352699378128067e-06
-6.197393691226507024e-06
-7.892543920258969633e-06
-9.685492619445843700e-06
-1.157888707461547587e-05
-1.357533240493456076e-05
-1.567740202619744716e-05
-1.788760468197702285e-05
-2.020839654696926605e-05
-2.264216386133672515e-05
-2.519121479013448000e-05
-2.785778265064840951e-05
-3.064401039928181140e-05
-3.355193213672120816e-05
-3.658348888996963705e-05
-3.974050556022373944e-05
-4.302466916062402681e-05
-4.643755850072794742e-05
-4.998059343663702891e-05
-5.365505274412810306e-05
-5.746205453258951013e-05
-6.140254791984661221e-05
-6.547731021920444728e-05
-6.968693528873938384e-05
-7.403180729193911832e-05
-7.851212005230576651e-05
-8.312785024666631854e-05
-8.787875321729712863e-05
-9.276432977891962105e-05
-9.778387293174553303e-05
-1.029363880500702044e-04
-1.082206387904002863e-04
-1.136350950844615502e-04
-1.191779781224607671e-04
-1.248471557537341619e-04
-1.306402552090919062e-04
-1.365545286956349001e-04
-1.425869591654054598e-04
-1.487341246023740214e-04
-1.549923138561569208e-04
-1.613573894261634560e-04
-1.678249016838738450e-04
-1.743899843293459783e-04
-1.810473406230825181e-04
-1.877913088557008124e-04
-1.946157547069308808e-04
-2.015141229514442957e-04
-2.084793846826066722e-04
-2.155040748936703826e-04
-2.225801221700640501e-04
-2.296990666554469607e-04
-2.368518405466092571e-04
-2.440288333928147487e-04
-2.512198636385530961e-04
-2.584141250431414732e-04
-2.656002224619922461e-04
-2.727660445152503424e-04
-2.798988398631123745e-04
-2.869850840361248107e-04
-2.940105493636103063e-04
-3.009601419678652168e-04
-3.078180100528706583e-04
-3.145673039324931313e-04
-3.211903442443753078e-04
-3.276683723337748492e-04
-3.339815933277579234e-04
-3.401091445005240198e-04
-3.460288737711167276e-04
-3.517174094208980976e-04
-3.571500159279360339e-04
-3.623004875904497568e-04
-3.671410792907932514e-04
-3.716423819552577769e-04
-3.757731648553748298e-04
-3.795002526600229037e-04
-3.827885279429132990e-04
-3.856004387198662029e-04
-3.878962709301627862e-04
-3.896334640969628064e-04
-3.907668945680620610e-04
-3.912482205231186650e-04
-3.910260293623485373e-04
-3.900450885754324130e-04
-3.882465808105758725e-04
-3.855672640768623908e-04
-3.819395906083927349e-04
-3.772910770962090046e-04
-3.715442831677440464e-04
-3.646167533173211815e-04
-3.564217052811259764e-04
-3.468692411158595668e-04
-3.358690917762544351e-04
-3.233356435665072216e-04
-3.091956482677248302e-04
-2.934005575090467164e-04
-2.759426629028623721e-04
-2.568768021151517631e-04
-2.363452063627377174e-04
-2.146037189468090467e-04
-1.920446343624803440e-04
-1.692105782200235527e-04
-1.467929005934478527e-04
-1.256091045810416582e-04
-1.065567475602010125e-04
-9.054511204602466105e-05
-7.841185388476671866e-05
-7.083553363417223264e-05
