2.550553902983665466e-02
2.557601034641265869e-02
2.578267082571983337e-02
2.611192129552364349e-02
2.654291689395904541e-02
2.705007418990135193e-02
2.760575152933597565e-02
2.818289957940578461e-02
2.875716425478458405e-02
2.930827811360359192e-02
2.982074767351150513e-02
3.028378449380397797e-02
3.069092892110347748e-02
3.103914670646190643e-02
3.132804483175277710e-02
3.155910968780517578e-02
3.173489868640899658e-02
3.185867890715599060e-02
3.193395584821701050e-02
3.196425735950469971e-02
3.195304796099662781e-02
3.190357610583305359e-02
3.181887418031692505e-02
3.170178830623626709e-02
3.155491501092910767e-02
3.138067945837974548e-02
3.118131123483181000e-02
3.095885924994945526e-02
3.071524202823638916e-02
3.045223280787467957e-02
3.017141669988632202e-02
2.987435832619667053e-02
2.956244722008705139e-02
2.923698537051677704e-02
2.889919653534889221e-02
2.855022624135017395e-02
2.819111570715904236e-02
2.782286889851093292e-02
2.744642086327075958e-02
2.706261537969112396e-02
2.667227759957313538e-02
2.627617120742797852e-02
2.587499655783176422e-02
2.546944282948970795e-02
2.506013959646224976e-02
2.464766614139080048e-02
2.423260733485221863e-02
2.381547912955284119e-02
2.339678257703781128e-02
2.297699265182018280e-02
2.255654707551002502e-02
2.213587053120136261e-02
2.171536535024642944e-02
2.129540033638477325e-02
2.087633684277534485e-02
2.045850455760955811e-02
2.004223689436912537e-02
1.962781883776187897e-02
1.921554096043109894e-02
1.880567520856857300e-02
1.839847676455974579e-02
1.799418032169342041e-02
1.759301871061325073e-02
1.719520427286624908e-02
1.680094003677368164e-02
1.641041040420532227e-02
1.602380350232124329e-02
1.564128138124942780e-02
1.526299770921468735e-02
1.488910615444183350e-02
1.451973803341388702e-02
1.415502652525901794e-02
1.379508525133132935e-02
1.344002317637205124e-02
1.308994553983211517e-02
1.274493895471096039e-02
1.240509003400802612e-02
1.207047980278730392e-02
1.174116693437099457e-02
1.141722034662961960e-02
1.109869126230478287e-02
1.078562811017036438e-02
1.047807093709707260e-02
1.017605420202016830e-02
9.879602119326591492e-03
9.588739834725856781e-03
9.303482249379158020e-03
9.023836813867092133e-03
8.749812841415405273e-03
8.481403812766075134e-03
8.218606002628803253e-03
7.961409166455268860e-03
7.709794677793979645e-03
7.463745772838592529e-03
7.223233114928007126e-03
6.988229695707559586e-03
6.758701521903276443e-03
6.534610874950885773e-03
6.315920036286115646e-03
6.102580577135086060e-03
5.894546862691640854e-03
5.691765341907739639e-03
5.494184326380491257e-03
5.301745608448982239e-03
5.114390049129724503e-03
4.932055249810218811e-03
4.754676017910242081e-03
4.582187160849571228e-03
4.414517898112535477e-03
4.251597914844751358e-03
4.093355964869260788e-03
3.939715679734945297e-03
3.790603252127766609e-03
3.645940450951457024e-03
3.505649510771036148e-03
3.369651269167661667e-03
3.237865399569272995e-03
3.110211109742522240e-03
2.986606676131486893e-03
2.866969909518957138e-03
2.751217689365148544e-03
2.639268059283494949e-03
2.531036967411637306e-03
2.426441991701722145e-03
2.325399080291390419e-03
2.227826043963432312e-03
2.133639063686132431e-03
2.042755484580993652e-03
1.955094048753380775e-03
1.870571868494153023e-03
1.789108500815927982e-03
1.710622804239392281e-03
1.635034685023128986e-03
1.562265446409583092e-03
1.492236624471843243e-03
1.424870686605572701e-03
1.360090798698365688e-03
1.297821523621678352e-03
1.237988588400185108e-03
1.180518302135169506e-03
1.125338487327098846e-03
1.072377664968371391e-03
1.021566218696534634e-03
9.728353470563888550e-04
9.261175291612744331e-04
8.813465829007327557e-04
8.384574903175234795e-04
7.973868050612509251e-04
7.580723031423985958e-04
7.204530411399900913e-04
6.844695308245718479e-04
6.500638555735349655e-04
6.171788554638624191e-04
5.857592914253473282e-04
5.557513213716447353e-04
5.271020927466452122e-04
4.997606156393885612e-04
4.736768314614892006e-04
4.488022241275757551e-04
4.250897036399692297e-04
4.024934896733611822e-04
3.809691115748137236e-04
3.604732919484376907e-04
3.409642959013581276e-04
3.224015817977488041e-04
3.047457721550017595e-04
2.879589155782014132e-04
2.720041666179895401e-04
2.568459603935480118e-04
2.424499107291921973e-04
2.287827664986252785e-04
2.158125425921753049e-04
2.035082434304058552e-04
1.918399939313530922e-04
1.807790831662714481e-04
1.702977460809051991e-04
1.603693672223016620e-04
1.509682915639132261e-04
1.420697517460212111e-04
1.336500426987186074e-04
1.256863906746730208e-04
1.181568441097624600e-04
1.110404191422276199e-04
1.043169177137315273e-04
9.796700760489329696e-05
9.197215695166960359e-05
8.631461969343945384e-05
8.097739191725850105e-05
7.594419002998620272e-05
7.119946531020104885e-05
6.672834570053964853e-05
6.251661397982388735e-05
5.855067865923047066e-05
5.481759217218495905e-05
5.130499630467966199e-05
4.800107853952795267e-05
4.489459752221591771e-05
4.197484304313547909e-05
3.923161057173274457e-05
3.665519398055039346e-05
3.423635280341841280e-05
3.196629768353886902e-05
2.983666854561306536e-05
2.783954005280975252e-05
2.596736885607242584e-05
2.421300996502395719e-05
2.256967127323150635e-05
2.103092083416413516e-05
1.959065775736235082e-05
1.824310493248049170e-05
1.698279447737149894e-05
1.580454409122467041e-05
1.470346069254446775e-05
1.367491495329886675e-05
1.271452583750942722e-05
1.181816787720890716e-05
1.098193479265319183e-05
1.020215131575241685e-05
9.475346814724616706e-06
8.798252565611619502e-06
8.167789019353222102e-06
7.581057161587523296e-06
7.035337603156222031e-06
6.528063295263564214e-06
6.056834990886272863e-06
5.619391686195740476e-06
5.213621989241801202e-06
4.837541837332537398e-06
4.489297680265735835e-06
4.167156475887168199e-06
3.869502052111783996e-06
3.594825784603017382e-06
3.341723640915006399e-06
3.108892997261136770e-06
2.895123543567024171e-06
2.699297283470514230e-06
2.520381030990392901e-06
2.357424364163307473e-06
2.209556441812310368e-06
2.075981683447025716e-06
1.955976358658517711e-06
1.848887222877237946e-06
1.754128334141569212e-06
1.671178779361071065e-06
1.599580059519212227e-06
1.538935293865506537e-06
1.488907287239271682e-06
1.449216938453901093e-06
1.419642217115324456e-06
1.400017481500981376e-06
1.390232569065119606e-06
1.390232569065119606e-06
1.400017481500981376e-06
1.419642217115324456e-06
1.449216938453901093e-06
1.488907287239271682e-06
1.538935293865506537e-06
1.599580059519212227e-06
1.671178779361071065e-06
1.754128334141569212e-06
1.848887222877237946e-06
1.955976358658517711e-06
2.075981683447025716e-06
2.209556441812310368e-06
2.357424364163307473e-06
2.520381030990392901e-06
2.699297283470514230e-06
2.895123543567024171e-06
3.108892997261136770e-06
3.341723640915006399e-06
3.594825784603017382e-06
3.869502052111783996e-06
4.167156475887168199e-06
4.489297680265735835e-06
4.837541837332537398e-06
5.213621989241801202e-06
5.619391686195740476e-06
6.056834990886272863e-06
6.528063295263564214e-06
7.035337603156222031e-06
7.581057161587523296e-06
8.167789019353222102e-06
8.798252565611619502e-06
9.475346814724616706e-06
1.020215131575241685e-05
1.098193479265319183e-05
1.181816787720890716e-05
1.271452583750942722e-05
1.367491495329886675e-05
1.470346069254446775e-05
1.580454409122467041e-05
1.698279447737149894e-05
1.824310493248049170e-05
1.959065775736235082e-05
2.103092083416413516e-05
2.256967127323150635e-05
2.421300996502395719e-05
2.596736885607242584e-05
2.783954005280975252e-05
2.983666854561306536e-05
3.196629768353886902e-05
3.423635280341841280e-05
3.665519398055039346e-05
3.923161057173274457e-05
4.197484304313547909e-05
4.489459752221591771e-05
4.800107853952795267e-05
5.130499630467966199e-05
5.481759217218495905e-05
5.855067865923047066e-05
6.251661397982388735e-05
6.672834570053964853e-05
7.119946531020104885e-05
7.594419002998620272e-05
8.097739191725850105e-05
8.631461969343945384e-05
9.197215695166960359e-05
9.796700760489329696e-05
1.043169177137315273e-04
1.110404191422276199e-04
1.181568441097624600e-04
1.256863906746730208e-04
1.336500426987186074e-04
1.420697517460212111e-04
1.509682915639132261e-04
1.603693672223016620e-04
1.702977460809051991e-04
1.807790831662714481e-04
1.918399939313530922e-04
2.035082434304058552e-04
2.158125425921753049e-04
2.287827664986252785e-04
2.424499107291921973e-04
2.568459603935480118e-04
2.720041666179895401e-04
2.879589155782014132e-04
3.047457721550017595e-04
3.224015817977488041e-04
3.409642959013581276e-04
3.604732919484376907e-04
3.809691115748137236e-04
4.024934896733611822e-04
4.250897036399692297e-04
4.488022241275757551e-04
4.736768314614892006e-04
4.997606156393885612e-04
5.271020927466452122e-04
5.557513213716447353e-04
5.857592914253473282e-04
6.171788554638624191e-04
6.500638555735349655e-04
6.844695308245718479e-04
7.204530411399900913e-04
7.580723031423985958e-04
7.973868050612509251e-04
8.384574903175234795e-04
8.813465829007327557e-04
9.261175291612744331e-04
9.728353470563888550e-04
1.021566218696534634e-03
1.072377664968371391e-03
1.125338487327098846e-03
1.180518302135169506e-03
1.237988588400185108e-03
1.297821523621678352e-03
1.360090798698365688e-03
1.424870686605572701e-03
1.492236624471843243e-03
1.562265446409583092e-03
1.635034685023128986e-03
1.710622804239392281e-03
1.789108500815927982e-03
1.870571868494153023e-03
1.955094048753380775e-03
2.042755484580993652e-03
2.133639063686132431e-03
2.227826043963432312e-03
2.325399080291390419e-03
2.426441991701722145e-03
2.531036967411637306e-03
2.639268059283494949e-03
2.751217689365148544e-03
2.866969909518957138e-03
2.986606676131486893e-03
3.110211109742522240e-03
3.237865399569272995e-03
3.369651269167661667e-03
3.505649510771036148e-03
3.645940450951457024e-03
3.790603252127766609e-03
3.939715679734945297e-03
4.093355964869260788e-03
4.251597914844751358e-03
4.414517898112535477e-03
4.582187160849571228e-03
4.754676017910242081e-03
4.932055249810218811e-03
5.114390049129724503e-03
5.301745608448982239e-03
5.494184326380491257e-03
5.691765341907739639e-03
5.894546862691640854e-03
6.102580577135086060e-03
6.315920036286115646e-03
6.534610874950885773e-03
6.758701521903276443e-03
6.988229695707559586e-03
7.223233114928007126e-03
7.463745772838592529e-03
7.709794677793979645e-03
7.961409166455268860e-03
8.218606002628803253e-03
8.481403812766075134e-03
8.749812841415405273e-03
9.023836813867092133e-03
9.303482249379158020e-03
9.588739834725856781e-03
9.879602119326591492e-03
1.017605420202016830e-02
1.047807093709707260e-02
1.078562811017036438e-02
1.109869126230478287e-02
1.141722034662961960e-02
1.174116693437099457e-02
1.207047980278730392e-02
1.240509003400802612e-02
1.274493895471096039e-02
1.308994553983211517e-02
1.344002317637205124e-02
1.379508525133132935e-02
1.415502652525901794e-02
1.451973803341388702e-02
1.488910615444183350e-02
1.526299770921468735e-02
1.564128138124942780e-02
1.602380350232124329e-02
1.641041040420532227e-02
1.680094003677368164e-02
1.719520427286624908e-02
1.759301871061325073e-02
1.799418032169342041e-02
1.839847676455974579e-02
1.880567520856857300e-02
1.921554096043109894e-02
1.962781883776187897e-02
2.004223689436912537e-02
2.045850455760955811e-02
2.087633684277534485e-02
2.129540033638477325e-02
2.171536535024642944e-02
2.213587053120136261e-02
2.255654707551002502e-02
2.297699265182018280e-02
2.339678257703781128e-02
2.381547912955284119e-02
2.423260733485221863e-02
2.464766614139080048e-02
2.506013959646224976e-02
2.546944282948970795e-02
2.587499655783176422e-02
2.627617120742797852e-02
2.667227759957313538e-02
2.706261537969112396e-02
2.744642086327075958e-02
2.782286889851093292e-02
2.819111570715904236e-02
2.855022624135017395e-02
2.889919653534889221e-02
2.923698537051677704e-02
2.956244722008705139e-02
2.987435832619667053e-02
3.017141669988632202e-02
3.045223280787467957e-02
3.071524202823638916e-02
3.095885924994945526e-02
3.118131123483181000e-02
3.138067945837974548e-02
3.155491501092910767e-02
3.170178830623626709e-02
3.181887418031692505e-02
3.190357610583305359e-02
3.195304796099662781e-02
3.196425735950469971e-02
3.193395584821701050e-02
3.185867890715599060e-02
3.173489868640899658e-02
3.155910968780517578e-02
3.132804483175277710e-02
3.103914670646190643e-02
3.069092892110347748e-02
3.028378449380397797e-02
2.982074767351150513e-02
2.930827811360359192e-02
2.875716425478458405e-02
2.818289957940578461e-02
2.760575152933597565e-02
2.705007418990135193e-02
2.654291689395904541e-02
2.611192129552364349e-02
2.578267082571983337e-02
2.557601034641265869e-02
2.550553902983665466e-02
2.557601034641265869e-02
2.578267082571983337e-02
2.611192129552364349e-02
2.654291689395904541e-02
2.705007418990135193e-02
2.760575152933597565e-02
2.818289957940578461e-02
2.875716425478458405e-02
2.930827811360359192e-02
2.982074767351150513e-02
3.028378449380397797e-02
3.069092892110347748e-02
3.103914670646190643e-02
3.132804483175277710e-02
3.155910968780517578e-02
3.173489868640899658e-02
3.185867890715599060e-02
3.193395584821701050e-02
3.196425735950469971e-02
3.195304796099662781e-02
3.190357610583305359e-02
3.181887418031692505e-02
3.170178830623626709e-02
3.155491501092910767e-02
3.138067945837974548e-02
3.118131123483181000e-02
3.095885924994945526e-02
3.071524202823638916e-02
3.045223280787467957e-02
3.017141669988632202e-02
2.987435832619667053e-02
2.956244722008705139e-02
2.923698537051677704e-02
2.889919653534889221e-02
2.855022624135017395e-02
2.819111570715904236e-02
2.782286889851093292e-02
2.744642086327075958e-02
2.706261537969112396e-02
2.667227759957313538e-02
2.627617120742797852e-02
2.587499655783176422e-02
2.546944282948970795e-02
2.506013959646224976e-02
2.464766614139080048e-02
2.423260733485221863e-02
2.381547912955284119e-02
2.339678257703781128e-02
2.297699265182018280e-02
2.255654707551002502e-02
2.213587053120136261e-02
2.171536535024642944e-02
2.129540033638477325e-02
2.087633684277534485e-02
2.045850455760955811e-02
2.004223689436912537e-02
1.962781883776187897e-02
1.921554096043109894e-02
1.880567520856857300e-02
1.839847676455974579e-02
1.799418032169342041e-02
1.759301871061325073e-02
1.719520427286624908e-02
1.680094003677368164e-02
1.641041040420532227e-02
1.602380350232124329e-02
1.564128138124942780e-02
1.526299770921468735e-02
1.488910615444183350e-02
1.451973803341388702e-02
1.415502652525901794e-02
1.379508525133132935e-02
1.344002317637205124e-02
1.308994553983211517e-02
1.274493895471096039e-02
1.240509003400802612e-02
1.207047980278730392e-02
1.174116693437099457e-02
1.141722034662961960e-02
1.109869126230478287e-02
1.078562811017036438e-02
1.047807093709707260e-02
1.017605420202016830e-02
9.879602119326591492e-03
9.588739834725856781e-03
9.303482249379158020e-03
9.023836813867092133e-03
8.749812841415405273e-03
8.481403812766075134e-03
8.218606002628803253e-03
7.961409166455268860e-03
7.709794677793979645e-03
7.463745772838592529e-03
7.223233114928007126e-03
6.988229695707559586e-03
6.758701521903276443e-03
6.534610874950885773e-03
6.315920036286115646e-03
6.102580577135086060e-03
5.894546862691640854e-03
5.691765341907739639e-03
5.494184326380491257e-03
5.301745608448982239e-03
5.114390049129724503e-03
4.932055249810218811e-03
4.754676017910242081e-03
4.582187160849571228e-03
4.414517898112535477e-03
4.251597914844751358e-03
4.093355964869260788e-03
3.939715679734945297e-03
3.790603252127766609e-03
3.645940450951457024e-03
3.505649510771036148e-03
3.369651269167661667e-03
3.237865399569272995e-03
3.110211109742522240e-03
2.986606676131486893e-03
2.866969909518957138e-03
2.751217689365148544e-03
2.639268059283494949e-03
2.531036967411637306e-03
2.426441991701722145e-03
2.325399080291390419e-03
2.227826043963432312e-03
2.133639063686132431e-03
2.042755484580993652e-03
1.955094048753380775e-03
1.870571868494153023e-03
1.789108500815927982e-03
1.710622804239392281e-03
1.635034685023128986e-03
1.562265446409583092e-03
1.492236624471843243e-03
1.424870686605572701e-03
1.360090798698365688e-03
1.297821523621678352e-03
1.237988588400185108e-03
1.180518302135169506e-03
1.125338487327098846e-03
1.072377664968371391e-03
1.021566218696534634e-03
9.728353470563888550e-04
9.261175291612744331e-04
8.813465829007327557e-04
8.384574903175234795e-04
7.973868050612509251e-04
7.580723031423985958e-04
7.204530411399900913e-04
6.844695308245718479e-04
6.500638555735349655e-04
6.171788554638624191e-04
5.857592914253473282e-04
5.557513213716447353e-04
5.271020927466452122e-04
4.997606156393885612e-04
4.736768314614892006e-04
4.488022241275757551e-04
4.250897036399692297e-04
4.024934896733611822e-04
3.809691115748137236e-04
3.604732919484376907e-04
3.409642959013581276e-04
3.224015817977488041e-04
3.047457721550017595e-04
2.879589155782014132e-04
2.720041666179895401e-04
2.568459603935480118e-04
2.424499107291921973e-04
2.287827664986252785e-04
2.158125425921753049e-04
2.035082434304058552e-04
1.918399939313530922e-04
1.807790831662714481e-04
1.702977460809051991e-04
1.603693672223016620e-04
1.509682915639132261e-04
1.420697517460212111e-04
1.336500426987186074e-04
1.256863906746730208e-04
1.181568441097624600e-04
1.110404191422276199e-04
1.043169177137315273e-04
9.796700760489329696e-05
9.197215695166960359e-05
8.631461969343945384e-05
8.097739191725850105e-05
7.594419002998620272e-05
7.119946531020104885e-05
6.672834570053964853e-05
6.251661397982388735e-05
5.855067865923047066e-05
5.481759217218495905e-05
5.130499630467966199e-05
4.800107853952795267e-05
4.489459752221591771e-05
4.197484304313547909e-05
3.923161057173274457e-05
3.665519398055039346e-05
3.423635280341841280e-05
3.196629768353886902e-05
2.983666854561306536e-05
2.783954005280975252e-05
2.596736885607242584e-05
2.421300996502395719e-05
2.256967127323150635e-05
2.103092083416413516e-05
1.959065775736235082e-05
1.824310493248049170e-05
1.698279447737149894e-05
1.580454409122467041e-05
1.470346069254446775e-05
1.367491495329886675e-05
1.271452583750942722e-05
1.181816787720890716e-05
1.098193479265319183e-05
1.020215131575241685e-05
9.475346814724616706e-06
8.798252565611619502e-06
8.167789019353222102e-06
7.581057161587523296e-06
7.035337603156222031e-06
6.528063295263564214e-06
6.056834990886272863e-06
5.619391686195740476e-06
5.213621989241801202e-06
4.837541837332537398e-06
4.489297680265735835e-06
4.167156475887168199e-06
3.869502052111783996e-06
3.594825784603017382e-06
3.341723640915006399e-06
3.108892997261136770e-06
2.895123543567024171e-06
2.699297283470514230e-06
2.520381030990392901e-06
2.357424364163307473e-06
2.209556441812310368e-06
2.075981683447025716e-06
1.955976358658517711e-06
1.848887222877237946e-06
1.754128334141569212e-06
1.671178779361071065e-06
1.599580059519212227e-06
1.538935293865506537e-06
1.488907287239271682e-06
1.449216938453901093e-06
1.419642217115324456e-06
1.400017481500981376e-06
1.390232569065119606e-06
1.390232569065119606e-06
1.400017481500981376e-06
1.419642217115324456e-06
1.449216938453901093e-06
1.488907287239271682e-06
1.538935293865506537e-06
1.599580059519212227e-06
1.671178779361071065e-06
1.754128334141569212e-06
1.848887222877237946e-06
1.955976358658517711e-06
2.075981683447025716e-06
2.209556441812310368e-06
2.357424364163307473e-06
2.520381030990392901e-06
2.699297283470514230e-06
2.895123543567024171e-06
3.108892997261136770e-06
3.341723640915006399e-06
3.594825784603017382e-06
3.869502052111783996e-06
4.167156475887168199e-06
4.489297680265735835e-06
4.837541837332537398e-06
5.213621989241801202e-06
5.619391686195740476e-06
6.056834990886272863e-06
6.528063295263564214e-06
7.035337603156222031e-06
7.581057161587523296e-06
8.167789019353222102e-06
8.798252565611619502e-06
9.475346814724616706e-06
1.020215131575241685e-05
1.098193479265319183e-05
1.181816787720890716e-05
1.271452583750942722e-05
1.367491495329886675e-05
1.470346069254446775e-05
1.580454409122467041e-05
1.698279447737149894e-05
1.824310493248049170e-05
1.959065775736235082e-05
2.103092083416413516e-05
2.256967127323150635e-05
2.421300996502395719e-05
2.596736885607242584e-05
2.783954005280975252e-05
2.983666854561306536e-05
3.196629768353886902e-05
3.423635280341841280e-05
3.665519398055039346e-05
3.923161057173274457e-05
4.197484304313547909e-05
4.489459752221591771e-05
4.800107853952795267e-05
5.130499630467966199e-05
5.481759217218495905e-05
5.855067865923047066e-05
6.251661397982388735e-05
6.672834570053964853e-05
7.119946531020104885e-05
7.594419002998620272e-05
8.097739191725850105e-05
8.631461969343945384e-05
9.197215695166960359e-05
9.796700760489329696e-05
1.043169177137315273e-04
1.110404191422276199e-04
1.181568441097624600e-04
1.256863906746730208e-04
1.336500426987186074e-04
1.420697517460212111e-04
1.509682915639132261e-04
1.603693672223016620e-04
1.702977460809051991e-04
1.807790831662714481e-04
1.918399939313530922e-04
2.035082434304058552e-04
2.158125425921753049e-04
2.287827664986252785e-04
2.424499107291921973e-04
2.568459603935480118e-04
2.720041666179895401e-04
2.879589155782014132e-04
3.047457721550017595e-04
3.224015817977488041e-04
3.409642959013581276e-04
3.604732919484376907e-04
3.809691115748137236e-04
4.024934896733611822e-04
4.250897036399692297e-04
4.488022241275757551e-04
4.736768314614892006e-04
4.997606156393885612e-04
5.271020927466452122e-04
5.557513213716447353e-04
5.857592914253473282e-04
6.171788554638624191e-04
6.500638555735349655e-04
6.844695308245718479e-04
7.204530411399900913e-04
7.580723031423985958e-04
7.973868050612509251e-04
8.384574903175234795e-04
8.813465829007327557e-04
9.261175291612744331e-04
9.728353470563888550e-04
1.021566218696534634e-03
1.072377664968371391e-03
1.125338487327098846e-03
1.180518302135169506e-03
1.237988588400185108e-03
1.297821523621678352e-03
1.360090798698365688e-03
1.424870686605572701e-03
1.492236624471843243e-03
1.562265446409583092e-03
1.635034685023128986e-03
1.710622804239392281e-03
1.789108500815927982e-03
1.870571868494153023e-03
1.955094048753380775e-03
2.042755484580993652e-03
2.133639063686132431e-03
2.227826043963432312e-03
2.325399080291390419e-03
2.426441991701722145e-03
2.531036967411637306e-03
2.639268059283494949e-03
2.751217689365148544e-03
2.866969909518957138e-03
2.986606676131486893e-03
3.110211109742522240e-03
3.237865399569272995e-03
3.369651269167661667e-03
3.505649510771036148e-03
3.645940450951457024e-03
3.790603252127766609e-03
3.939715679734945297e-03
4.093355964869260788e-03
4.251597914844751358e-03
4.414517898112535477e-03
4.582187160849571228e-03
4.754676017910242081e-03
4.932055249810218811e-03
5.114390049129724503e-03
5.301745608448982239e-03
5.494184326380491257e-03
5.691765341907739639e-03
5.894546862691640854e-03
6.102580577135086060e-03
6.315920036286115646e-03
6.534610874950885773e-03
6.758701521903276443e-03
6.988229695707559586e-03
7.223233114928007126e-03
7.463745772838592529e-03
7.709794677793979645e-03
7.961409166455268860e-03
8.218606002628803253e-03
8.481403812766075134e-03
8.749812841415405273e-03
9.023836813867092133e-03
9.303482249379158020e-03
9.588739834725856781e-03
9.879602119326591492e-03
1.017605420202016830e-02
1.047807093709707260e-02
1.078562811017036438e-02
1.109869126230478287e-02
1.141722034662961960e-02
1.174116693437099457e-02
1.207047980278730392e-02
1.240509003400802612e-02
1.274493895471096039e-02
1.308994553983211517e-02
1.344002317637205124e-02
1.379508525133132935e-02
1.415502652525901794e-02
1.451973803341388702e-02
1.488910615444183350e-02
1.526299770921468735e-02
1.564128138124942780e-02
1.602380350232124329e-02
1.641041040420532227e-02
1.680094003677368164e-02
1.719520427286624908e-02
1.759301871061325073e-02
1.799418032169342041e-02
1.839847676455974579e-02
1.880567520856857300e-02
1.921554096043109894e-02
1.962781883776187897e-02
2.004223689436912537e-02
2.045850455760955811e-02
2.087633684277534485e-02
2.129540033638477325e-02
2.171536535024642944e-02
2.213587053120136261e-02
2.255654707551002502e-02
2.297699265182018280e-02
2.339678257703781128e-02
2.381547912955284119e-02
2.423260733485221863e-02
2.464766614139080048e-02
2.506013959646224976e-02
2.546944282948970795e-02
2.587499655783176422e-02
2.627617120742797852e-02
2.667227759957313538e-02
2.706261537969112396e-02
2.744642086327075958e-02
2.782286889851093292e-02
2.819111570715904236e-02
2.855022624135017395e-02
2.889919653534889221e-02
2.923698537051677704e-02
2.956244722008705139e-02
2.987435832619667053e-02
3.017141669988632202e-02
3.045223280787467957e-02
3.071524202823638916e-02
3.095885924994945526e-02
3.118131123483181000e-02
3.138067945837974548e-02
3.155491501092910767e-02
3.170178830623626709e-02
3.181887418031692505e-02
3.190357610583305359e-02
3.195304796099662781e-02
3.196425735950469971e-02
3.193395584821701050e-02
3.185867890715599060e-02
3.173489868640899658e-02
3.155910968780517578e-02
3.132804483175277710e-02
3.103914670646190643e-02
3.069092892110347748e-02
3.028378449380397797e-02
2.982074767351150513e-02
2.930827811360359192e-02
2.875716425478458405e-02
2.818289957940578461e-02
2.760575152933597565e-02
2.705007418990135193e-02
2.654291689395904541e-02
2.611192129552364349e-02
2.578267082571983337e-02
2.557601034641265869e-02
