3.058107197284698486e-02
3.092127293348312378e-02
3.192178905010223389e-02
3.352484852075576782e-02
3.564182668924331665e-02
3.816344588994979858e-02
4.097109287977218628e-02
4.394783079624176025e-02
4.698714613914489746e-02
4.999907314777374268e-02
5.291296914219856262e-02
5.567777901887893677e-02
5.826008692383766174e-02
6.064109504222869873e-02
6.281326711177825928e-02
6.477701663970947266e-02
6.653795391321182251e-02
6.810483336448669434e-02
6.948789954185485840e-02
7.069803774356842041e-02
7.174602895975112915e-02
7.264234125614166260e-02
7.339683175086975098e-02
7.401881366968154907e-02
7.451692968606948853e-02
7.489931583404541016e-02
7.517350465059280396e-02
7.534651458263397217e-02
7.542493194341659546e-02
7.541491091251373291e-02
7.532220333814620972e-02
7.515220344066619873e-02
7.490996271371841431e-02
7.460024952888488770e-02
7.422751188278198242e-02
7.379595935344696045e-02
7.330959290266036987e-02
7.277211546897888184e-02
7.218708097934722900e-02
7.155782729387283325e-02
7.088752090930938721e-02
7.017915695905685425e-02
6.943556666374206543e-02
6.865947693586349487e-02
6.785342097282409668e-02
6.701983511447906494e-02
6.616104394197463989e-02
6.527925282716751099e-02
6.437653303146362305e-02
6.345490366220474243e-02
6.251626461744308472e-02
6.156241148710250854e-02
6.059508770704269409e-02
5.961595103144645691e-02
5.862654000520706177e-02
5.762839317321777344e-02
5.662291496992111206e-02
5.561146885156631470e-02
5.459537357091903687e-02
5.357585474848747253e-02
5.255410447716712952e-02
5.153124406933784485e-02
5.050835385918617249e-02
4.948644340038299561e-02
4.846648126840591431e-02
4.744941741228103638e-02
4.643611237406730652e-02
4.542740434408187866e-02
4.442407935857772827e-02
4.342687875032424927e-02
4.243652895092964172e-02
4.145369306206703186e-02
4.047899320721626282e-02
3.951303288340568542e-02
3.855637833476066589e-02
3.760954365134239197e-02
3.667301312088966370e-02
3.574726358056068420e-02
3.483271598815917969e-02
3.392976149916648865e-02
3.303877636790275574e-02
3.216009587049484253e-02
3.129402548074722290e-02
3.044085949659347534e-02
2.960084937512874603e-02
2.877423167228698730e-02
2.796121127903461456e-02
2.716197818517684937e-02
2.637669444084167480e-02
2.560549415647983551e-02
2.484849654138088226e-02
2.410580590367317200e-02
2.337749861180782318e-02
2.266363054513931274e-02
2.196424826979637146e-02
2.127937600016593933e-02
2.060901373624801636e-02
1.995316334068775177e-02
1.931178756058216095e-02
1.868485286831855774e-02
1.807230338454246521e-02
1.747407950460910797e-02
1.689009182155132294e-02
1.632025092840194702e-02
1.576445624232292175e-02
1.522258762270212173e-02
1.469452586024999619e-02
1.418013218790292740e-02
1.367926597595214844e-02
1.319176983088254929e-02
1.271748729050159454e-02
1.225624792277812958e-02
1.180788036435842514e-02
1.137220207601785660e-02
1.094902306795120239e-02
1.053815241903066635e-02
1.013939455151557922e-02
9.752546437084674835e-03
9.377399459481239319e-03
9.013747796416282654e-03
8.661376312375068665e-03
8.320072665810585022e-03
7.989616133272647858e-03
7.669789716601371765e-03
7.360370829701423645e-03
7.061137817800045013e-03
6.771866697818040848e-03
6.492335349321365356e-03
6.222319789230823517e-03
5.961595568805932999e-03
5.709940101951360703e-03
5.467131268233060837e-03
5.232946481555700302e-03
5.007165949791669846e-03
4.789569880813360214e-03
4.579942207783460617e-03
4.378067329525947571e-03
4.183731041848659515e-03
3.996722400188446045e-03
3.816833021119236946e-03
3.643856616690754890e-03
3.477589460089802742e-03
3.317831084132194519e-03
3.164383815601468086e-03
3.017053008079528809e-03
2.875647973269224167e-03
2.739979652687907219e-03
2.609864342957735062e-03
2.485120203346014023e-03
2.365570049732923508e-03
2.251039259135723114e-03
2.141357632353901863e-03
2.036358695477247238e-03
1.935879001393914223e-03
1.839759293943643570e-03
1.747844275087118149e-03
1.659981324337422848e-03
1.576023059897124767e-03
1.495824893936514854e-03
1.419246429577469826e-03
1.346150413155555725e-03
1.276404364034533501e-03
1.209878362715244293e-03
1.146446913480758667e-03
1.085988013073801994e-03
1.028382917866110802e-03
9.735166677273809910e-04
9.212779114022850990e-04
8.715587900951504707e-04
8.242548210546374321e-04
7.792646647430956364e-04
7.364906487055122852e-04
6.958380690775811672e-04
6.572154234163463116e-04
6.205348181538283825e-04
5.857106880284845829e-04
5.526610184460878372e-04
5.213066469877958298e-04
4.915710887871682644e-04
4.633808566723018885e-04
4.366651701275259256e-04
4.113558970857411623e-04
3.873874375130981207e-04
3.646969562396407127e-04
3.432237717788666487e-04
3.229099093005061150e-04
3.036995767615735531e-04
2.855392522178590298e-04
2.683775674086064100e-04
2.521653950680047274e-04
2.368556743022054434e-04
2.224032359663397074e-04
2.087649336317554116e-04
1.958994253072887659e-04
1.837672461988404393e-04
1.723306777421385050e-04
1.615536457393318415e-04
1.514017203589901328e-04
1.418420288246124983e-04
1.328432699665427208e-04
1.243755395989865065e-04
1.164103668997995555e-04
1.089205834432505071e-04
1.018803959595970809e-04
9.526521898806095123e-05
8.905163122108206153e-05
8.321741188410669565e-05
7.774143159622326493e-05
7.260359416250139475e-05
6.778485840186476707e-05
6.326712900772690773e-05
5.903323108213953674e-05
5.506691013579256833e-05
5.135274841450154781e-05
4.787613215739838779e-05
4.462325887288898230e-05
4.158103547524660826e-05
3.873710738844238222e-05
3.607978578656911850e-05
3.359804031788371503e-05
3.128144453512504697e-05
2.912018135248217732e-05
2.710498483793344349e-05
2.522713111829943955e-05
2.347840927541255951e-05
2.185109951824415475e-05
2.033794953604228795e-05
1.893214357551187277e-05
1.762729880283586681e-05
1.641743619984481484e-05
1.529695691715460271e-05
1.426063681719824672e-05
1.330360464635305107e-05
1.242132293555187061e-05
1.160957435786258429e-05
1.086444990505697206e-05
1.018234161165310070e-05
9.559915270074270666e-06
8.994114068627823144e-06
8.482140401611104608e-06
8.021449502848554403e-06
7.609736258018529043e-06
7.244933385663898662e-06
6.925198704266222194e-06
6.648912403761642054e-06
6.414669314835919067e-06
6.221272997208870947e-06
6.067733920644968748e-06
5.953264462732477114e-06
5.877277544641401619e-06
5.839382083649979904e-06
5.839382083649979904e-06
5.877277544641401619e-06
5.953264462732477114e-06
6.067733920644968748e-06
6.221272997208870947e-06
6.414669314835919067e-06
6.648912403761642054e-06
6.925198704266222194e-06
7.244933385663898662e-06
7.609736258018529043e-06
8.021449502848554403e-06
8.482140401611104608e-06
8.994114068627823144e-06
9.559915270074270666e-06
1.018234161165310070e-05
1.086444990505697206e-05
1.160957435786258429e-05
1.242132293555187061e-05
1.330360464635305107e-05
1.426063681719824672e-05
1.529695691715460271e-05
1.641743619984481484e-05
1.762729880283586681e-05
1.893214357551187277e-05
2.033794953604228795e-05
2.185109951824415475e-05
2.347840927541255951e-05
2.522713111829943955e-05
2.710498483793344349e-05
2.912018135248217732e-05
3.128144453512504697e-05
3.359804031788371503e-05
3.607978578656911850e-05
3.873710738844238222e-05
4.158103547524660826e-05
4.462325887288898230e-05
4.787613215739838779e-05
5.135274841450154781e-05
5.506691013579256833e-05
5.903323108213953674e-05
6.326712900772690773e-05
6.778485840186476707e-05
7.260359416250139475e-05
7.774143159622326493e-05
8.321741188410669565e-05
8.905163122108206153e-05
9.526521898806095123e-05
1.018803959595970809e-04
1.089205834432505071e-04
1.164103668997995555e-04
1.243755395989865065e-04
1.328432699665427208e-04
1.418420288246124983e-04
1.514017203589901328e-04
1.615536457393318415e-04
1.723306777421385050e-04
1.837672461988404393e-04
1.958994253072887659e-04
2.087649336317554116e-04
2.224032359663397074e-04
2.368556743022054434e-04
2.521653950680047274e-04
2.683775674086064100e-04
2.855392522178590298e-04
3.036995767615735531e-04
3.229099093005061150e-04
3.432237717788666487e-04
3.646969562396407127e-04
3.873874375130981207e-04
4.113558970857411623e-04
4.366651701275259256e-04
4.633808566723018885e-04
4.915710887871682644e-04
5.213066469877958298e-04
5.526610184460878372e-04
5.857106880284845829e-04
6.205348181538283825e-04
6.572154234163463116e-04
6.958380690775811672e-04
7.364906487055122852e-04
7.792646647430956364e-04
8.242548210546374321e-04
8.715587900951504707e-04
9.212779114022850990e-04
9.735166677273809910e-04
1.028382917866110802e-03
1.085988013073801994e-03
1.146446913480758667e-03
1.209878362715244293e-03
1.276404364034533501e-03
1.346150413155555725e-03
1.419246429577469826e-03
1.495824893936514854e-03
1.576023059897124767e-03
1.659981324337422848e-03
1.747844275087118149e-03
1.839759293943643570e-03
1.935879001393914223e-03
2.036358695477247238e-03
2.141357632353901863e-03
2.251039259135723114e-03
2.365570049732923508e-03
2.485120203346014023e-03
2.609864342957735062e-03
2.739979652687907219e-03
2.875647973269224167e-03
3.017053008079528809e-03
3.164383815601468086e-03
3.317831084132194519e-03
3.477589460089802742e-03
3.643856616690754890e-03
3.816833021119236946e-03
3.996722400188446045e-03
4.183731041848659515e-03
4.378067329525947571e-03
4.579942207783460617e-03
4.789569880813360214e-03
5.007165949791669846e-03
5.232946481555700302e-03
5.467131268233060837e-03
5.709940101951360703e-03
5.961595568805932999e-03
6.222319789230823517e-03
6.492335349321365356e-03
6.771866697818040848e-03
7.061137817800045013e-03
7.360370829701423645e-03
7.669789716601371765e-03
7.989616133272647858e-03
8.320072665810585022e-03
8.661376312375068665e-03
9.013747796416282654e-03
9.377399459481239319e-03
9.752546437084674835e-03
1.013939455151557922e-02
1.053815241903066635e-02
1.094902306795120239e-02
1.137220207601785660e-02
1.180788036435842514e-02
1.225624792277812958e-02
1.271748729050159454e-02
1.319176983088254929e-02
1.367926597595214844e-02
1.418013218790292740e-02
1.469452586024999619e-02
1.522258762270212173e-02
1.576445624232292175e-02
1.632025092840194702e-02
1.689009182155132294e-02
1.747407950460910797e-02
1.807230338454246521e-02
1.868485286831855774e-02
1.931178756058216095e-02
1.995316334068775177e-02
2.060901373624801636e-02
2.127937600016593933e-02
2.196424826979637146e-02
2.266363054513931274e-02
2.337749861180782318e-02
2.410580590367317200e-02
2.484849654138088226e-02
2.560549415647983551e-02
2.637669444084167480e-02
2.716197818517684937e-02
2.796121127903461456e-02
2.877423167228698730e-02
2.960084937512874603e-02
3.044085949659347534e-02
3.129402548074722290e-02
3.216009587049484253e-02
3.303877636790275574e-02
3.392976149916648865e-02
3.483271598815917969e-02
3.574726358056068420e-02
3.667301312088966370e-02
3.760954365134239197e-02
3.855637833476066589e-02
3.951303288340568542e-02
4.047899320721626282e-02
4.145369306206703186e-02
4.243652895092964172e-02
4.342687875032424927e-02
4.442407935857772827e-02
4.542740434408187866e-02
4.643611237406730652e-02
4.744941741228103638e-02
4.846648126840591431e-02
4.948644340038299561e-02
5.050835385918617249e-02
5.153124406933784485e-02
5.255410447716712952e-02
5.357585474848747253e-02
5.459537357091903687e-02
5.561146885156631470e-02
5.662291496992111206e-02
5.762839317321777344e-02
5.862654000520706177e-02
5.961595103144645691e-02
6.059508770704269409e-02
6.156241148710250854e-02
6.251626461744308472e-02
6.345490366220474243e-02
6.437653303146362305e-02
6.527925282716751099e-02
6.616104394197463989e-02
6.701983511447906494e-02
6.785342097282409668e-02
6.865947693586349487e-02
6.943556666374206543e-02
7.017915695905685425e-02
7.088752090930938721e-02
7.155782729387283325e-02
7.218708097934722900e-02
7.277211546897888184e-02
7.330959290266036987e-02
7.379595935344696045e-02
7.422751188278198242e-02
7.460024952888488770e-02
7.490996271371841431e-02
7.515220344066619873e-02
7.532220333814620972e-02
7.541491091251373291e-02
7.542493194341659546e-02
7.534651458263397217e-02
7.517350465059280396e-02
7.489931583404541016e-02
7.451692968606948853e-02
7.401881366968154907e-02
7.339683175086975098e-02
7.264234125614166260e-02
7.174602895975112915e-02
7.069803774356842041e-02
6.948789954185485840e-02
6.810483336448669434e-02
6.653795391321182251e-02
6.477701663970947266e-02
6.281326711177825928e-02
6.064109504222869873e-02
5.826008692383766174e-02
5.567777901887893677e-02
5.291296914219856262e-02
4.999907314777374268e-02
4.698714613914489746e-02
4.394783079624176025e-02
4.097109287977218628e-02
3.816344588994979858e-02
3.564182668924331665e-02
3.352484852075576782e-02
3.192178905010223389e-02
3.092127293348312378e-02
3.058107197284698486e-02
3.092127293348312378e-02
3.192178905010223389e-02
3.352484852075576782e-02
3.564182668924331665e-02
3.816344588994979858e-02
4.097109287977218628e-02
4.394783079624176025e-02
4.698714613914489746e-02
4.999907314777374268e-02
5.291296914219856262e-02
5.567777901887893677e-02
5.826008692383766174e-02
6.064109504222869873e-02
6.281326711177825928e-02
6.477701663970947266e-02
6.653795391321182251e-02
6.810483336448669434e-02
6.948789954185485840e-02
7.069803774356842041e-02
7.174602895975112915e-02
7.264234125614166260e-02
7.339683175086975098e-02
7.401881366968154907e-02
7.451692968606948853e-02
7.489931583404541016e-02
7.517350465059280396e-02
7.534651458263397217e-02
7.542493194341659546e-02
7.541491091251373291e-02
7.532220333814620972e-02
7.515220344066619873e-02
7.490996271371841431e-02
7.460024952888488770e-02
7.422751188278198242e-02
7.379595935344696045e-02
7.330959290266036987e-02
7.277211546897888184e-02
7.218708097934722900e-02
7.155782729387283325e-02
7.088752090930938721e-02
7.017915695905685425e-02
6.943556666374206543e-02
6.865947693586349487e-02
6.785342097282409668e-02
6.701983511447906494e-02
6.616104394197463989e-02
6.527925282716751099e-02
6.437653303146362305e-02
6.345490366220474243e-02
6.251626461744308472e-02
6.156241148710250854e-02
6.059508770704269409e-02
5.961595103144645691e-02
5.862654000520706177e-02
5.762839317321777344e-02
5.662291496992111206e-02
5.561146885156631470e-02
5.459537357091903687e-02
5.357585474848747253e-02
5.255410447716712952e-02
5.153124406933784485e-02
5.050835385918617249e-02
4.948644340038299561e-02
4.846648126840591431e-02
4.744941741228103638e-02
4.643611237406730652e-02
4.542740434408187866e-02
4.442407935857772827e-02
4.342687875032424927e-02
4.243652895092964172e-02
4.145369306206703186e-02
4.047899320721626282e-02
3.951303288340568542e-02
3.855637833476066589e-02
3.760954365134239197e-02
3.667301312088966370e-02
3.574726358056068420e-02
3.483271598815917969e-02
3.392976149916648865e-02
3.303877636790275574e-02
3.216009587049484253e-02
3.129402548074722290e-02
3.044085949659347534e-02
2.960084937512874603e-02
2.877423167228698730e-02
2.796121127903461456e-02
2.716197818517684937e-02
2.637669444084167480e-02
2.560549415647983551e-02
2.484849654138088226e-02
2.410580590367317200e-02
2.337749861180782318e-02
2.266363054513931274e-02
2.196424826979637146e-02
2.127937600016593933e-02
2.060901373624801636e-02
1.995316334068775177e-02
1.931178756058216095e-02
1.868485286831855774e-02
1.807230338454246521e-02
1.747407950460910797e-02
1.689009182155132294e-02
1.632025092840194702e-02
1.576445624232292175e-02
1.522258762270212173e-02
1.469452586024999619e-02
1.418013218790292740e-02
1.367926597595214844e-02
1.319176983088254929e-02
1.271748729050159454e-02
1.225624792277812958e-02
1.180788036435842514e-02
1.137220207601785660e-02
1.094902306795120239e-02
1.053815241903066635e-02
1.013939455151557922e-02
9.752546437084674835e-03
9.377399459481239319e-03
9.013747796416282654e-03
8.661376312375068665e-03
8.320072665810585022e-03
7.989616133272647858e-03
7.669789716601371765e-03
7.360370829701423645e-03
7.061137817800045013e-03
6.771866697818040848e-03
6.492335349321365356e-03
6.222319789230823517e-03
5.961595568805932999e-03
5.709940101951360703e-03
5.467131268233060837e-03
5.232946481555700302e-03
5.007165949791669846e-03
4.789569880813360214e-03
4.579942207783460617e-03
4.378067329525947571e-03
4.183731041848659515e-03
3.996722400188446045e-03
3.816833021119236946e-03
3.643856616690754890e-03
3.477589460089802742e-03
3.317831084132194519e-03
3.164383815601468086e-03
3.017053008079528809e-03
2.875647973269224167e-03
2.739979652687907219e-03
2.609864342957735062e-03
2.485120203346014023e-03
2.365570049732923508e-03
2.251039259135723114e-03
2.141357632353901863e-03
2.036358695477247238e-03
1.935879001393914223e-03
1.839759293943643570e-03
1.747844275087118149e-03
1.659981324337422848e-03
1.576023059897124767e-03
1.495824893936514854e-03
1.419246429577469826e-03
1.346150413155555725e-03
1.276404364034533501e-03
1.209878362715244293e-03
1.146446913480758667e-03
1.085988013073801994e-03
1.028382917866110802e-03
9.735166677273809910e-04
9.212779114022850990e-04
8.715587900951504707e-04
8.242548210546374321e-04
7.792646647430956364e-04
7.364906487055122852e-04
6.958380690775811672e-04
6.572154234163463116e-04
6.205348181538283825e-04
5.857106880284845829e-04
5.526610184460878372e-04
5.213066469877958298e-04
4.915710887871682644e-04
4.633808566723018885e-04
4.366651701275259256e-04
4.113558970857411623e-04
3.873874375130981207e-04
3.646969562396407127e-04
3.432237717788666487e-04
3.229099093005061150e-04
3.036995767615735531e-04
2.855392522178590298e-04
2.683775674086064100e-04
2.521653950680047274e-04
2.368556743022054434e-04
2.224032359663397074e-04
2.087649336317554116e-04
1.958994253072887659e-04
1.837672461988404393e-04
1.723306777421385050e-04
1.615536457393318415e-04
1.514017203589901328e-04
1.418420288246124983e-04
1.328432699665427208e-04
1.243755395989865065e-04
1.164103668997995555e-04
1.089205834432505071e-04
1.018803959595970809e-04
9.526521898806095123e-05
8.905163122108206153e-05
8.321741188410669565e-05
7.774143159622326493e-05
7.260359416250139475e-05
6.778485840186476707e-05
6.326712900772690773e-05
5.903323108213953674e-05
5.506691013579256833e-05
5.135274841450154781e-05
4.787613215739838779e-05
4.462325887288898230e-05
4.158103547524660826e-05
3.873710738844238222e-05
3.607978578656911850e-05
3.359804031788371503e-05
3.128144453512504697e-05
2.912018135248217732e-05
2.710498483793344349e-05
2.522713111829943955e-05
2.347840927541255951e-05
2.185109951824415475e-05
2.033794953604228795e-05
1.893214357551187277e-05
1.762729880283586681e-05
1.641743619984481484e-05
1.529695691715460271e-05
1.426063681719824672e-05
1.330360464635305107e-05
1.242132293555187061e-05
1.160957435786258429e-05
1.086444990505697206e-05
1.018234161165310070e-05
9.559915270074270666e-06
8.994114068627823144e-06
8.482140401611104608e-06
8.021449502848554403e-06
7.609736258018529043e-06
7.244933385663898662e-06
6.925198704266222194e-06
6.648912403761642054e-06
6.414669314835919067e-06
6.221272997208870947e-06
6.067733920644968748e-06
5.953264462732477114e-06
5.877277544641401619e-06
5.839382083649979904e-06
5.839382083649979904e-06
5.877277544641401619e-06
5.953264462732477114e-06
6.067733920644968748e-06
6.221272997208870947e-06
6.414669314835919067e-06
6.648912403761642054e-06
6.925198704266222194e-06
7.244933385663898662e-06
7.609736258018529043e-06
8.021449502848554403e-06
8.482140401611104608e-06
8.994114068627823144e-06
9.559915270074270666e-06
1.018234161165310070e-05
1.086444990505697206e-05
1.160957435786258429e-05
1.242132293555187061e-05
1.330360464635305107e-05
1.426063681719824672e-05
1.529695691715460271e-05
1.641743619984481484e-05
1.762729880283586681e-05
1.893214357551187277e-05
2.033794953604228795e-05
2.185109951824415475e-05
2.347840927541255951e-05
2.522713111829943955e-05
2.710498483793344349e-05
2.912018135248217732e-05
3.128144453512504697e-05
3.359804031788371503e-05
3.607978578656911850e-05
3.873710738844238222e-05
4.158103547524660826e-05
4.462325887288898230e-05
4.787613215739838779e-05
5.135274841450154781e-05
5.506691013579256833e-05
5.903323108213953674e-05
6.326712900772690773e-05
6.778485840186476707e-05
7.260359416250139475e-05
7.774143159622326493e-05
8.321741188410669565e-05
8.905163122108206153e-05
9.526521898806095123e-05
1.018803959595970809e-04
1.089205834432505071e-04
1.164103668997995555e-04
1.243755395989865065e-04
1.328432699665427208e-04
1.418420288246124983e-04
1.514017203589901328e-04
1.615536457393318415e-04
1.723306777421385050e-04
1.837672461988404393e-04
1.958994253072887659e-04
2.087649336317554116e-04
2.224032359663397074e-04
2.368556743022054434e-04
2.521653950680047274e-04
2.683775674086064100e-04
2.855392522178590298e-04
3.036995767615735531e-04
3.229099093005061150e-04
3.432237717788666487e-04
3.646969562396407127e-04
3.873874375130981207e-04
4.113558970857411623e-04
4.366651701275259256e-04
4.633808566723018885e-04
4.915710887871682644e-04
5.213066469877958298e-04
5.526610184460878372e-04
5.857106880284845829e-04
6.205348181538283825e-04
6.572154234163463116e-04
6.958380690775811672e-04
7.364906487055122852e-04
7.792646647430956364e-04
8.242548210546374321e-04
8.715587900951504707e-04
9.212779114022850990e-04
9.735166677273809910e-04
1.028382917866110802e-03
1.085988013073801994e-03
1.146446913480758667e-03
1.209878362715244293e-03
1.276404364034533501e-03
1.346150413155555725e-03
1.419246429577469826e-03
1.495824893936514854e-03
1.576023059897124767e-03
1.659981324337422848e-03
1.747844275087118149e-03
1.839759293943643570e-03
1.935879001393914223e-03
2.036358695477247238e-03
2.141357632353901863e-03
2.251039259135723114e-03
2.365570049732923508e-03
2.485120203346014023e-03
2.609864342957735062e-03
2.739979652687907219e-03
2.875647973269224167e-03
3.017053008079528809e-03
3.164383815601468086e-03
3.317831084132194519e-03
3.477589460089802742e-03
3.643856616690754890e-03
3.816833021119236946e-03
3.996722400188446045e-03
4.183731041848659515e-03
4.378067329525947571e-03
4.579942207783460617e-03
4.789569880813360214e-03
5.007165949791669846e-03
5.232946481555700302e-03
5.467131268233060837e-03
5.709940101951360703e-03
5.961595568805932999e-03
6.222319789230823517e-03
6.492335349321365356e-03
6.771866697818040848e-03
7.061137817800045013e-03
7.360370829701423645e-03
7.669789716601371765e-03
7.989616133272647858e-03
8.320072665810585022e-03
8.661376312375068665e-03
9.013747796416282654e-03
9.377399459481239319e-03
9.752546437084674835e-03
1.013939455151557922e-02
1.053815241903066635e-02
1.094902306795120239e-02
1.137220207601785660e-02
1.180788036435842514e-02
1.225624792277812958e-02
1.271748729050159454e-02
1.319176983088254929e-02
1.367926597595214844e-02
1.418013218790292740e-02
1.469452586024999619e-02
1.522258762270212173e-02
1.576445624232292175e-02
1.632025092840194702e-02
1.689009182155132294e-02
1.747407950460910797e-02
1.807230338454246521e-02
1.868485286831855774e-02
1.931178756058216095e-02
1.995316334068775177e-02
2.060901373624801636e-02
2.127937600016593933e-02
2.196424826979637146e-02
2.266363054513931274e-02
2.337749861180782318e-02
2.410580590367317200e-02
2.484849654138088226e-02
2.560549415647983551e-02
2.637669444084167480e-02
2.716197818517684937e-02
2.796121127903461456e-02
2.877423167228698730e-02
2.960084937512874603e-02
3.044085949659347534e-02
3.129402548074722290e-02
3.216009587049484253e-02
3.303877636790275574e-02
3.392976149916648865e-02
3.483271598815917969e-02
3.574726358056068420e-02
3.667301312088966370e-02
3.760954365134239197e-02
3.855637833476066589e-02
3.951303288340568542e-02
4.047899320721626282e-02
4.145369306206703186e-02
4.243652895092964172e-02
4.342687875032424927e-02
4.442407935857772827e-02
4.542740434408187866e-02
4.643611237406730652e-02
4.744941741228103638e-02
4.846648126840591431e-02
4.948644340038299561e-02
5.050835385918617249e-02
5.153124406933784485e-02
5.255410447716712952e-02
5.357585474848747253e-02
5.459537357091903687e-02
5.561146885156631470e-02
5.662291496992111206e-02
5.762839317321777344e-02
5.862654000520706177e-02
5.961595103144645691e-02
6.059508770704269409e-02
6.156241148710250854e-02
6.251626461744308472e-02
6.345490366220474243e-02
6.437653303146362305e-02
6.527925282716751099e-02
6.616104394197463989e-02
6.701983511447906494e-02
6.785342097282409668e-02
6.865947693586349487e-02
6.943556666374206543e-02
7.017915695905685425e-02
7.088752090930938721e-02
7.155782729387283325e-02
7.218708097934722900e-02
7.277211546897888184e-02
7.330959290266036987e-02
7.379595935344696045e-02
7.422751188278198242e-02
7.460024952888488770e-02
7.490996271371841431e-02
7.515220344066619873e-02
7.532220333814620972e-02
7.541491091251373291e-02
7.542493194341659546e-02
7.534651458263397217e-02
7.517350465059280396e-02
7.489931583404541016e-02
7.451692968606948853e-02
7.401881366968154907e-02
7.339683175086975098e-02
7.264234125614166260e-02
7.174602895975112915e-02
7.069803774356842041e-02
6.948789954185485840e-02
6.810483336448669434e-02
6.653795391321182251e-02
6.477701663970947266e-02
6.281326711177825928e-02
6.064109504222869873e-02
5.826008692383766174e-02
5.567777901887893677e-02
5.291296914219856262e-02
4.999907314777374268e-02
4.698714613914489746e-02
4.394783079624176025e-02
4.097109287977218628e-02
3.816344588994979858e-02
3.564182668924331665e-02
3.352484852075576782e-02
3.192178905010223389e-02
3.092127293348312378e-02
