-2.355840308716149593e-21
-2.363913273052377669e-06
-4.687456906946926686e-06
-6.932552871876030433e-06
-9.065423942820280558e-06
-1.105808947674090353e-05
-1.288922164512794416e-05
-1.454434962149309444e-05
-1.601548230704243349e-05
-1.730032259921971072e-05
-1.840122927650670781e-05
-1.932412107127957516e-05
-2.007742641476885237e-05
-2.067118146653848751e-05
-2.111630586346839518e-05
-2.142405801383766439e-05
-2.160563978260768427e-05
-2.167194973623083848e-05
-2.163340950553840751e-05
-2.149987706999324726e-05
-2.128060224029567431e-05
-2.098421307726309996e-05
-2.061871591952476517e-05
-2.019153423969161589e-05
-1.970951402624208348e-05
-1.917897809119141158e-05
-1.860574624635014039e-05
-1.799517026998979159e-05
-1.735217655934919850e-05
-1.668129151194677878e-05
-1.598666510864398457e-05
-1.527210944405969615e-05
-1.454112714693971741e-05
-1.379691437593814165e-05
-1.304241089913010817e-05
-1.228030851678273463e-05
-1.151305019670545828e-05
-1.074289742679335464e-05
-9.971893150503840725e-06
-9.201911710417016619e-06
-8.434665423239221099e-06
-7.671707255205903036e-06
-6.914461178640324750e-06
-6.164217903007149415e-06
-5.422158376116056365e-06
-4.689348482662913864e-06
-3.966759454043694576e-06
-3.255280352557950207e-06
-2.555701177324920439e-06
-1.868748341510290041e-06
-1.195080832911402719e-06
-5.352879549825508210e-07
1.101062903710440662e-07
7.406192354818529577e-07
1.355834039759600008e-06
1.955363669569443074e-06
2.538885483143585549e-06
3.106100902090023816e-06
3.656756309724016328e-06
4.190638431000979510e-06
4.707557070068556260e-06
5.207366784579789926e-06
5.689938608389107257e-06
6.155177840085050615e-06
6.603017646393046144e-06
7.033425733300978265e-06
7.446371037266082109e-06
7.841866527004062856e-06
8.219931868373868319e-06
8.580626445669029565e-06
8.924013694025806912e-06
9.250185737429376462e-06
9.559237955746981025e-06
9.851305276186005997e-06
1.012652401320472630e-05
1.038505112038719446e-05
1.062706488051039489e-05
1.085274702868683466e-05
1.106230507175044094e-05
1.125595739782304310e-05
1.143393277303447519e-05
1.159647275464579985e-05
1.174383271690123606e-05
1.187627575280176013e-05
1.199408954931605273e-05
1.209755456491844116e-05
1.218697244236519840e-05
1.226264858524360803e-05
1.232489769736620956e-05
1.237404648223486220e-05
1.241042920040135793e-05
1.243437321605125581e-05
1.244623759899582758e-05
1.244637004419052326e-05
1.243511971010886267e-05
1.241285150667469249e-05
1.237993029737292059e-05
1.233672518198646871e-05
1.228360949157416830e-05
1.222095219448767115e-05
1.214912794629631903e-05
1.206851711538231434e-05
1.197949434994203274e-05
1.188243435283320009e-05
1.177771622976384776e-05
1.166571494319391852e-05
1.154680137173639618e-05
1.142134667434790092e-05
1.128972235855224651e-05
1.115229031871289148e-05
1.100941581122590609e-05
1.086145319845243413e-05
1.070875677874604670e-05
1.055167298459645727e-05
1.039054619921705925e-05
1.022571310738498028e-05
1.005750063055157664e-05
9.886237479492786408e-06
9.712237756702368302e-06
9.535813226159431662e-06
9.357265515896926280e-06
9.176888353815198658e-06
8.994971236384445928e-06
8.811789479759362195e-06
8.627616487254666783e-06
8.442710215370297360e-06
8.257326872705512144e-06
8.071709533885624516e-06
7.886092519272725387e-06
7.700704340015540397e-06
7.515759174821192966e-06
7.331466979022375848e-06
7.148026391795245903e-06
6.965626242026935613e-06
6.784447052611753247e-06
6.604658959734953910e-06
6.426426080663093551e-06
6.249900129656636053e-06
6.075225499126877214e-06
5.902538605662266250e-06
5.731965801010098601e-06
5.563624864784294872e-06
5.397623987106166771e-06
5.234066124683934991e-06
5.073043680021470186e-06
4.914642137495760116e-06
4.758938322680763103e-06
4.606002960139504813e-06
4.455896779476025997e-06
4.308676295009250466e-06
4.164389192000764093e-06
4.023077594847444080e-06
3.884775600310118306e-06
3.749512184373908292e-06
3.617309807563837406e-06
3.488185885563179347e-06
3.362150675028510368e-06
3.239210891495679084e-06
3.119366875817480344e-06
3.002615134414827934e-06
2.888946578169265736e-06
2.778348522659885020e-06
2.670802924618419105e-06
2.566289813158127177e-06
2.464783911389034052e-06
2.366257348725270243e-06
2.270678072030886417e-06
2.178012555818789543e-06
2.088223494671597670e-06
2.001270719757526116e-06
1.917112472746002841e-06
1.835704528768089868e-06
1.757000931032495955e-06
1.680953470400502021e-06
1.607512418336472624e-06
1.536627259070385605e-06
1.468245898052785642e-06
1.402314586361365300e-06
1.338779636110028764e-06
1.277585910115059030e-06
1.218678088055491673e-06
1.162000140307263882e-06
1.107495428277820582e-06
1.055107879192213969e-06
1.004780472775361248e-06
9.564567733085989545e-07
9.100802215549850015e-07
8.655945012290183126e-07
8.229436362538854107e-07
7.820720875828182393e-07
7.429248048121530775e-07
7.054470534351785928e-07
6.695852719488687014e-07
6.352858681413549355e-07
6.024965682169771175e-07
5.711657051366326969e-07
5.412424472948703044e-07
5.126768477341045623e-07
4.854198930814940960e-07
4.594236418082259671e-07
4.346409143137546221e-07
4.110259234193823996e-07
3.885334712754247705e-07
3.671198033845910691e-07
3.467419842702885746e-07
3.273584151690009753e-07
3.089282989193214597e-07
2.914121125181164203e-07
2.747713852342045168e-07
2.589687901226494181e-07
2.439680562297405040e-07
2.297339254601287881e-07
2.162323332845616357e-07
2.034301414065906091e-07
1.912954526255624108e-07
1.797972201150798377e-07
1.689055508925736465e-07
1.585914604910773516e-07
1.488269746912734332e-07
1.395851303931509883e-07
1.308398308398277850e-07
1.225659247374882965e-07
1.147391845295892698e-07
1.073361726315190765e-07
1.003343875651703243e-07
9.371207409882900122e-08
8.744827410090287058e-08
8.152281576074330416e-08
7.591623558067774114e-08
7.060978431731985578e-08
6.558539369528228067e-08
6.082560949500432320e-08
5.631364779131385656e-08
5.203324959858795004e-08
4.796874825636071211e-08
4.410500241465083538e-08
4.042735419459926404e-08
3.692162092481555529e-08
3.357406446433591180e-08
3.037132691560730444e-08
2.730045030958054405e-08
2.434881229199316290e-08
2.150410239160208662e-08
1.875430667690269585e-08
1.608765461011311739e-08
1.349260788636934186e-08
1.095781987095071399e-08
8.472108328498575188e-09
6.024430247035883191e-09
3.603843010312920155e-09
1.199479914763030965e-09
-1.199479914763030965e-09
-3.603843010312920155e-09
-6.024430247035883191e-09
-8.472108328498575188e-09
-1.095781987095071399e-08
-1.349260788636934352e-08
-1.608765461011311739e-08
-1.875430667690269585e-08
-2.150410239160208662e-08
-2.434881229199316290e-08
-2.730045030958054405e-08
-3.037132691560730444e-08
-3.357406446433591180e-08
-3.692162092481555529e-08
-4.042735419459926404e-08
-4.410500241465083538e-08
-4.796874825636071211e-08
-5.203324959858795004e-08
-5.631364779131385656e-08
-6.082560949500432320e-08
-6.558539369528228067e-08
-7.060978431731985578e-08
-7.591623558067774114e-08
-8.152281576074330416e-08
-8.744827410090287058e-08
-9.371207409882900122e-08
-1.003343875651703243e-07
-1.073361726315190765e-07
-1.147391845295892698e-07
-1.225659247374882965e-07
-1.308398308398277850e-07
-1.395851303931509883e-07
-1.488269746912734332e-07
-1.585914604910773516e-07
-1.689055508925736465e-07
-1.797972201150798377e-07
-1.912954526255624108e-07
-2.034301414065906091e-07
-2.162323332845616357e-07
-2.297339254601287881e-07
-2.439680562297405040e-07
-2.589687901226494181e-07
-2.747713852342045168e-07
-2.914121125181164203e-07
-3.089282989193214597e-07
-3.273584151690009753e-07
-3.467419842702885746e-07
-3.671198033845910691e-07
-3.885334712754247705e-07
-4.110259234193823996e-07
-4.346409143137546221e-07
-4.594236418082259671e-07
-4.854198930814940960e-07
-5.126768477341045623e-07
-5.412424472948703044e-07
-5.711657051366326969e-07
-6.024965682169771175e-07
-6.352858681413549355e-07
-6.695852719488687014e-07
-7.054470534351785928e-07
-7.429248048121530775e-07
-7.820720875828182393e-07
-8.229436362538854107e-07
-8.655945012290183126e-07
-9.100802215549850015e-07
-9.564567733085989545e-07
-1.004780472775361248e-06
-1.055107879192213969e-06
-1.107495428277820582e-06
-1.162000140307263882e-06
-1.218678088055491673e-06
-1.277585910115059030e-06
-1.338779636110028764e-06
-1.402314586361365300e-06
-1.468245898052785642e-06
-1.536627259070385605e-06
-1.607512418336472624e-06
-1.680953470400502021e-06
-1.757000931032495955e-06
-1.835704528768089868e-06
-1.917112472746002841e-06
-2.001270719757526116e-06
-2.088223494671597670e-06
-2.178012555818789543e-06
-2.270678072030886417e-06
-2.366257348725270243e-06
-2.464783911389034052e-06
-2.566289813158127177e-06
-2.670802924618419105e-06
-2.778348522659885020e-06
-2.888946578169265736e-06
-3.002615134414827934e-06
-3.119366875817480344e-06
-3.239210891495679084e-06
-3.362150675028510368e-06
-3.488185885563179347e-06
-3.617309807563837406e-06
-3.749512184373908292e-06
-3.884775600310118306e-06
-4.023077594847444080e-06
-4.164389192000764093e-06
-4.308676295009250466e-06
-4.455896779476025997e-06
-4.606002960139504813e-06
-4.758938322680763103e-06
-4.914642137495760116e-06
-5.073043680021470186e-06
-5.234066124683934991e-06
-5.397623987106166771e-06
-5.563624864784294872e-06
-5.731965801010098601e-06
-5.902538605662266250e-06
-6.075225499126877214e-06
-6.249900129656636053e-06
-6.426426080663093551e-06
-6.604658959734953910e-06
-6.784447052611753247e-06
-6.965626242026935613e-06
-7.148026391795245903e-06
-7.331466979022375848e-06
-7.515759174821192966e-06
-7.700704340015540397e-06
-7.886092519272725387e-06
-8.071709533885624516e-06
-8.257326872705512144e-06
-8.442710215370297360e-06
-8.627616487254666783e-06
-8.811789479759362195e-06
-8.994971236384445928e-06
-9.176888353815198658e-06
-9.357265515896926280e-06
-9.535813226159431662e-06
-9.712237756702368302e-06
-9.886237479492786408e-06
-1.005750063055157664e-05
-1.022571310738498028e-05
-1.039054619921705925e-05
-1.055167298459645727e-05
-1.070875677874604670e-05
-1.086145319845243413e-05
-1.100941581122590609e-05
-1.115229031871289148e-05
-1.128972235855224651e-05
-1.142134667434790092e-05
-1.154680137173639618e-05
-1.166571494319391852e-05
-1.177771622976384776e-05
-1.188243435283320009e-05
-1.197949434994203274e-05
-1.206851711538231434e-05
-1.214912794629631903e-05
-1.222095219448767115e-05
-1.228360949157416830e-05
-1.233672518198646871e-05
-1.237993029737292059e-05
-1.241285150667469249e-05
-1.243511971010886267e-05
-1.244637004419052326e-05
-1.244623759899582758e-05
-1.243437321605125581e-05
-1.241042920040135793e-05
-1.237404648223486220e-05
-1.232489769736620956e-05
-1.226264858524360803e-05
-1.218697244236520179e-05
-1.209755456491844285e-05
-1.199408954931605273e-05
-1.187627575280176013e-05
-1.174383271690123437e-05
-1.159647275464579985e-05
-1.143393277303447519e-05
-1.125595739782304310e-05
-1.106230507175044094e-05
-1.085274702868683636e-05
-1.062706488051039489e-05
-1.038505112038719446e-05
-1.012652401320472630e-05
-9.851305276186007691e-06
-9.559237955746982719e-06
-9.250185737429376462e-06
-8.924013694025806912e-06
-8.580626445669031259e-06
-8.219931868373868319e-06
-7.841866527004061162e-06
-7.446371037266082109e-06
-7.033425733300978265e-06
-6.603017646393046144e-06
-6.155177840085050615e-06
-5.689938608389107257e-06
-5.207366784579789926e-06
-4.707557070068556260e-06
-4.190638431000979510e-06
-3.656756309724015057e-06
-3.106100902090023816e-06
-2.538885483143585549e-06
-1.955363669569441803e-06
-1.355834039759600008e-06
-7.406192354818503107e-07
-1.101062903710440662e-07
5.352879549825495505e-07
1.195080832911402719e-06
1.868748341510292582e-06
2.555701177324920439e-06
3.255280352557947666e-06
3.966759454043694576e-06
4.689348482662913864e-06
5.422158376116056365e-06
6.164217903007151956e-06
6.914461178640324750e-06
7.671707255205903036e-06
8.434665423239221099e-06
9.201911710417016619e-06
9.971893150503840725e-06
1.074289742679335464e-05
1.151305019670545828e-05
1.228030851678273971e-05
1.304241089913010817e-05
1.379691437593814504e-05
1.454112714693971741e-05
1.527210944405969615e-05
1.598666510864398457e-05
1.668129151194678556e-05
1.735217655934919850e-05
1.799517026998979837e-05
1.860574624635014039e-05
1.917897809119141158e-05
1.970951402624209026e-05
2.019153423969161589e-05
2.061871591952476517e-05
2.098421307726309996e-05
2.128060224029567431e-05
2.149987706999325064e-05
2.163340950553841428e-05
2.167194973623083848e-05
2.160563978260768427e-05
2.142405801383767116e-05
2.111630586346839857e-05
2.067118146653848751e-05
2.007742641476885576e-05
1.932412107127957516e-05
1.840122927650670781e-05
1.730032259921972088e-05
1.601548230704243010e-05
1.454434962149309444e-05
1.288922164512794077e-05
1.105808947674090353e-05
9.065423942820280558e-06
6.932552871876032974e-06
4.687456906946921604e-06
2.363913273052376399e-06
-2.355840308716149593e-21
-2.363913273052377669e-06
-4.687456906946926686e-06
-6.932552871876030433e-06
-9.065423942820280558e-06
-1.105808947674090353e-05
-1.288922164512794416e-05
-1.454434962149309444e-05
-1.601548230704243349e-05
-1.730032259921971072e-05
-1.840122927650670781e-05
-1.932412107127957516e-05
-2.007742641476885237e-05
-2.067118146653848751e-05
-2.111630586346839518e-05
-2.142405801383766439e-05
-2.160563978260768427e-05
-2.167194973623083848e-05
-2.163340950553840751e-05
-2.149987706999324726e-05
-2.128060224029567431e-05
-2.098421307726309996e-05
-2.061871591952476517e-05
-2.019153423969161589e-05
-1.970951402624208348e-05
-1.917897809119141158e-05
-1.860574624635014039e-05
-1.799517026998979159e-05
-1.735217655934919850e-05
-1.668129151194677878e-05
-1.598666510864398457e-05
-1.527210944405969615e-05
-1.454112714693971741e-05
-1.379691437593814165e-05
-1.304241089913010817e-05
-1.228030851678273463e-05
-1.151305019670545828e-05
-1.074289742679335464e-05
-9.971893150503840725e-06
-9.201911710417016619e-06
-8.434665423239221099e-06
-7.671707255205903036e-06
-6.914461178640324750e-06
-6.164217903007149415e-06
-5.422158376116056365e-06
-4.689348482662913864e-06
-3.966759454043694576e-06
-3.255280352557950207e-06
-2.555701177324920439e-06
-1.868748341510290041e-06
-1.195080832911402719e-06
-5.352879549825508210e-07
1.101062903710440662e-07
7.406192354818529577e-07
1.355834039759600008e-06
1.955363669569443074e-06
2.538885483143585549e-06
3.106100902090023816e-06
3.656756309724016328e-06
4.190638431000979510e-06
4.707557070068556260e-06
5.207366784579789926e-06
5.689938608389107257e-06
6.155177840085050615e-06
6.603017646393046144e-06
7.033425733300978265e-06
7.446371037266082109e-06
7.841866527004062856e-06
8.219931868373868319e-06
8.580626445669029565e-06
8.924013694025806912e-06
9.250185737429376462e-06
9.559237955746981025e-06
9.851305276186005997e-06
1.012652401320472630e-05
1.038505112038719446e-05
1.062706488051039489e-05
1.085274702868683466e-05
1.106230507175044094e-05
1.125595739782304310e-05
1.143393277303447519e-05
1.159647275464579985e-05
1.174383271690123606e-05
1.187627575280176013e-05
1.199408954931605273e-05
1.209755456491844116e-05
1.218697244236519840e-05
1.226264858524360803e-05
1.232489769736620956e-05
1.237404648223486220e-05
1.241042920040135793e-05
1.243437321605125581e-05
1.244623759899582758e-05
1.244637004419052326e-05
1.243511971010886267e-05
1.241285150667469249e-05
1.237993029737292059e-05
1.233672518198646871e-05
1.228360949157416830e-05
1.222095219448767115e-05
1.214912794629631903e-05
1.206851711538231434e-05
1.197949434994203274e-05
1.188243435283320009e-05
1.177771622976384776e-05
1.166571494319391852e-05
1.154680137173639618e-05
1.142134667434790092e-05
1.128972235855224651e-05
1.115229031871289148e-05
1.100941581122590609e-05
1.086145319845243413e-05
1.070875677874604670e-05
1.055167298459645727e-05
1.039054619921705925e-05
1.022571310738498028e-05
1.005750063055157664e-05
9.886237479492786408e-06
9.712237756702368302e-06
9.535813226159431662e-06
9.357265515896926280e-06
9.176888353815198658e-06
8.994971236384445928e-06
8.811789479759362195e-06
8.627616487254666783e-06
8.442710215370297360e-06
8.257326872705512144e-06
8.071709533885624516e-06
7.886092519272725387e-06
7.700704340015540397e-06
7.515759174821192966e-06
7.331466979022375848e-06
7.148026391795245903e-06
6.965626242026935613e-06
6.784447052611753247e-06
6.604658959734953910e-06
6.426426080663093551e-06
6.249900129656636053e-06
6.075225499126877214e-06
5.902538605662266250e-06
5.731965801010098601e-06
5.563624864784294872e-06
5.397623987106166771e-06
5.234066124683934991e-06
5.073043680021470186e-06
4.914642137495760116e-06
4.758938322680763103e-06
4.606002960139504813e-06
4.455896779476025997e-06
4.308676295009250466e-06
4.164389192000764093e-06
4.023077594847444080e-06
3.884775600310118306e-06
3.749512184373908292e-06
3.617309807563837406e-06
3.488185885563179347e-06
3.362150675028510368e-06
3.239210891495679084e-06
3.119366875817480344e-06
3.002615134414827934e-06
2.888946578169265736e-06
2.778348522659885020e-06
2.670802924618419105e-06
2.566289813158127177e-06
2.464783911389034052e-06
2.366257348725270243e-06
2.270678072030886417e-06
2.178012555818789543e-06
2.088223494671597670e-06
2.001270719757526116e-06
1.917112472746002841e-06
1.835704528768089868e-06
1.757000931032495955e-06
1.680953470400502021e-06
1.607512418336472624e-06
1.536627259070385605e-06
1.468245898052785642e-06
1.402314586361365300e-06
1.338779636110028764e-06
1.277585910115059030e-06
1.218678088055491673e-06
1.162000140307263882e-06
1.107495428277820582e-06
1.055107879192213969e-06
1.004780472775361248e-06
9.564567733085989545e-07
9.100802215549850015e-07
8.655945012290183126e-07
8.229436362538854107e-07
7.820720875828182393e-07
7.429248048121530775e-07
7.054470534351785928e-07
6.695852719488687014e-07
6.352858681413549355e-07
6.024965682169771175e-07
5.711657051366326969e-07
5.412424472948703044e-07
5.126768477341045623e-07
4.854198930814940960e-07
4.594236418082259671e-07
4.346409143137546221e-07
4.110259234193823996e-07
3.885334712754247705e-07
3.671198033845910691e-07
3.467419842702885746e-07
3.273584151690009753e-07
3.089282989193214597e-07
2.914121125181164203e-07
2.747713852342045168e-07
2.589687901226494181e-07
2.439680562297405040e-07
2.297339254601287881e-07
2.162323332845616357e-07
2.034301414065906091e-07
1.912954526255624108e-07
1.797972201150798377e-07
1.689055508925736465e-07
1.585914604910773516e-07
1.488269746912734332e-07
1.395851303931509883e-07
1.308398308398277850e-07
1.225659247374882965e-07
1.147391845295892698e-07
1.073361726315190765e-07
1.003343875651703243e-07
9.371207409882900122e-08
8.744827410090287058e-08
8.152281576074330416e-08
7.591623558067774114e-08
7.060978431731985578e-08
6.558539369528228067e-08
6.082560949500432320e-08
5.631364779131385656e-08
5.203324959858795004e-08
4.796874825636071211e-08
4.410500241465083538e-08
4.042735419459926404e-08
3.692162092481555529e-08
3.357406446433591180e-08
3.037132691560730444e-08
2.730045030958054405e-08
2.434881229199316290e-08
2.150410239160208662e-08
1.875430667690269585e-08
1.608765461011311739e-08
1.349260788636934186e-08
1.095781987095071399e-08
8.472108328498575188e-09
6.024430247035883191e-09
3.603843010312920155e-09
1.199479914763030965e-09
-1.199479914763030965e-09
-3.603843010312920155e-09
-6.024430247035883191e-09
-8.472108328498575188e-09
-1.095781987095071399e-08
-1.349260788636934352e-08
-1.608765461011311739e-08
-1.875430667690269585e-08
-2.150410239160208662e-08
-2.434881229199316290e-08
-2.730045030958054405e-08
-3.037132691560730444e-08
-3.357406446433591180e-08
-3.692162092481555529e-08
-4.042735419459926404e-08
-4.410500241465083538e-08
-4.796874825636071211e-08
-5.203324959858795004e-08
-5.631364779131385656e-08
-6.082560949500432320e-08
-6.558539369528228067e-08
-7.060978431731985578e-08
-7.591623558067774114e-08
-8.152281576074330416e-08
-8.744827410090287058e-08
-9.371207409882900122e-08
-1.003343875651703243e-07
-1.073361726315190765e-07
-1.147391845295892698e-07
-1.225659247374882965e-07
-1.308398308398277850e-07
-1.395851303931509883e-07
-1.488269746912734332e-07
-1.585914604910773516e-07
-1.689055508925736465e-07
-1.797972201150798377e-07
-1.912954526255624108e-07
-2.034301414065906091e-07
-2.162323332845616357e-07
-2.297339254601287881e-07
-2.439680562297405040e-07
-2.589687901226494181e-07
-2.747713852342045168e-07
-2.914121125181164203e-07
-3.089282989193214597e-07
-3.273584151690009753e-07
-3.467419842702885746e-07
-3.671198033845910691e-07
-3.885334712754247705e-07
-4.110259234193823996e-07
-4.346409143137546221e-07
-4.594236418082259671e-07
-4.854198930814940960e-07
-5.126768477341045623e-07
-5.412424472948703044e-07
-5.711657051366326969e-07
-6.024965682169771175e-07
-6.352858681413549355e-07
-6.695852719488687014e-07
-7.054470534351785928e-07
-7.429248048121530775e-07
-7.820720875828182393e-07
-8.229436362538854107e-07
-8.655945012290183126e-07
-9.100802215549850015e-07
-9.564567733085989545e-07
-1.004780472775361248e-06
-1.055107879192213969e-06
-1.107495428277820582e-06
-1.162000140307263882e-06
-1.218678088055491673e-06
-1.277585910115059030e-06
-1.338779636110028764e-06
-1.402314586361365300e-06
-1.468245898052785642e-06
-1.536627259070385605e-06
-1.607512418336472624e-06
-1.680953470400502021e-06
-1.757000931032495955e-06
-1.835704528768089868e-06
-1.917112472746002841e-06
-2.001270719757526116e-06
-2.088223494671597670e-06
-2.178012555818789543e-06
-2.270678072030886417e-06
-2.366257348725270243e-06
-2.464783911389034052e-06
-2.566289813158127177e-06
-2.670802924618419105e-06
-2.778348522659885020e-06
-2.888946578169265736e-06
-3.002615134414827934e-06
-3.119366875817480344e-06
-3.239210891495679084e-06
-3.362150675028510368e-06
-3.488185885563179347e-06
-3.617309807563837406e-06
-3.749512184373908292e-06
-3.884775600310118306e-06
-4.023077594847444080e-06
-4.164389192000764093e-06
-4.308676295009250466e-06
-4.455896779476025997e-06
-4.606002960139504813e-06
-4.758938322680763103e-06
-4.914642137495760116e-06
-5.073043680021470186e-06
-5.234066124683934991e-06
-5.397623987106166771e-06
-5.563624864784294872e-06
-5.731965801010098601e-06
-5.902538605662266250e-06
-6.075225499126877214e-06
-6.249900129656636053e-06
-6.426426080663093551e-06
-6.604658959734953910e-06
-6.784447052611753247e-06
-6.965626242026935613e-06
-7.148026391795245903e-06
-7.331466979022375848e-06
-7.515759174821192966e-06
-7.700704340015540397e-06
-7.886092519272725387e-06
-8.071709533885624516e-06
-8.257326872705512144e-06
-8.442710215370297360e-06
-8.627616487254666783e-06
-8.811789479759362195e-06
-8.994971236384445928e-06
-9.176888353815198658e-06
-9.357265515896926280e-06
-9.535813226159431662e-06
-9.712237756702368302e-06
-9.886237479492786408e-06
-1.005750063055157664e-05
-1.022571310738498028e-05
-1.039054619921705925e-05
-1.055167298459645727e-05
-1.070875677874604670e-05
-1.086145319845243413e-05
-1.100941581122590609e-05
-1.115229031871289148e-05
-1.128972235855224651e-05
-1.142134667434790092e-05
-1.154680137173639618e-05
-1.166571494319391852e-05
-1.177771622976384776e-05
-1.188243435283320009e-05
-1.197949434994203274e-05
-1.206851711538231434e-05
-1.214912794629631903e-05
-1.222095219448767115e-05
-1.228360949157416830e-05
-1.233672518198646871e-05
-1.237993029737292059e-05
-1.241285150667469249e-05
-1.243511971010886267e-05
-1.244637004419052326e-05
-1.244623759899582758e-05
-1.243437321605125581e-05
-1.241042920040135793e-05
-1.237404648223486220e-05
-1.232489769736620956e-05
-1.226264858524360803e-05
-1.218697244236520179e-05
-1.209755456491844285e-05
-1.199408954931605273e-05
-1.187627575280176013e-05
-1.174383271690123437e-05
-1.159647275464579985e-05
-1.143393277303447519e-05
-1.125595739782304310e-05
-1.106230507175044094e-05
-1.085274702868683636e-05
-1.062706488051039489e-05
-1.038505112038719446e-05
-1.012652401320472630e-05
-9.851305276186007691e-06
-9.559237955746982719e-06
-9.250185737429376462e-06
-8.924013694025806912e-06
-8.580626445669031259e-06
-8.219931868373868319e-06
-7.841866527004061162e-06
-7.446371037266082109e-06
-7.033425733300978265e-06
-6.603017646393046144e-06
-6.155177840085050615e-06
-5.689938608389107257e-06
-5.207366784579789926e-06
-4.707557070068556260e-06
-4.190638431000979510e-06
-3.656756309724015057e-06
-3.106100902090023816e-06
-2.538885483143585549e-06
-1.955363669569441803e-06
-1.355834039759600008e-06
-7.406192354818503107e-07
-1.101062903710440662e-07
5.352879549825495505e-07
1.195080832911402719e-06
1.868748341510292582e-06
2.555701177324920439e-06
3.255280352557947666e-06
3.966759454043694576e-06
4.689348482662913864e-06
5.422158376116056365e-06
6.164217903007151956e-06
6.914461178640324750e-06
7.671707255205903036e-06
8.434665423239221099e-06
9.201911710417016619e-06
9.971893150503840725e-06
1.074289742679335464e-05
1.151305019670545828e-05
1.228030851678273971e-05
1.304241089913010817e-05
1.379691437593814504e-05
1.454112714693971741e-05
1.527210944405969615e-05
1.598666510864398457e-05
1.668129151194678556e-05
1.735217655934919850e-05
1.799517026998979837e-05
1.860574624635014039e-05
1.917897809119141158e-05
1.970951402624209026e-05
2.019153423969161589e-05
2.061871591952476517e-05
2.098421307726309996e-05
2.128060224029567431e-05
2.149987706999325064e-05
2.163340950553841428e-05
2.167194973623083848e-05
2.160563978260768427e-05
2.142405801383767116e-05
2.111630586346839857e-05
2.067118146653848751e-05
2.007742641476885576e-05
1.932412107127957516e-05
1.840122927650670781e-05
1.730032259921972088e-05
1.601548230704243010e-05
1.454434962149309444e-05
1.288922164512794077e-05
1.105808947674090353e-05
9.065423942820280558e-06
6.932552871876032974e-06
4.687456906946921604e-06
2.363913273052376399e-06
