-3.658114210217778491e-22
1.168711663554109864e-04
2.287965322645432818e-04
3.312571755026117956e-04
4.205247932233806166e-04
4.939128150617585339e-04
5.498885010635806052e-04
5.880461256782853249e-04
6.089654799242186873e-04
6.139938938489309219e-04
6.049961213450028453e-04
5.841111051971523182e-04
5.535443220280681633e-04
5.154111891461776859e-04
4.716339236362114616e-04
4.238883812281581229e-04
3.735872318631268830e-04
3.218908180906610472e-04
2.697321986730881927e-04
2.178492427423400031e-04
1.668174094338496566e-04
1.170808028789103658e-04
6.897764798384229735e-05
2.276280142706139906e-05
-2.137514270194813259e-05
-6.330006206227317450e-05
-1.029172610164389898e-04
-1.401653735418247884e-04
-1.750096243213097966e-04
-2.074372518193075797e-04
-2.374529623683315123e-04
-2.650761230753125768e-04
-2.903385736326128839e-04
-3.132820769012943196e-04
-3.339570793289154673e-04
-3.524214070471113009e-04
-3.687388289638893050e-04
-3.829786267972681325e-04
-3.952141134884701009e-04
-4.055225916465127179e-04
-4.139840218845193152e-04
-4.206812263422183575e-04
-4.256987692823854764e-04
-4.291224300963545702e-04
-4.310391683502020287e-04
-4.315362898508311586e-04
-4.307016890499234239e-04
-4.286223657416080913e-04
-4.253852491687824160e-04
-4.210762906309518049e-04
-4.157801159502978999e-04
-4.095797775060710036e-04
-4.025569256174496981e-04
-3.947910680700128646e-04
-3.863594305686623401e-04
-3.773369587444579901e-04
-3.677962776672437850e-04
-3.578070579693129688e-04
-3.474361183319431062e-04
-3.367476218371073934e-04
-3.258024026597653756e-04
-3.146586244810186490e-04
-3.033709724599030944e-04
-2.919909930077922060e-04
-2.805674344840303094e-04
-2.691452355441915586e-04
-2.577668074598292360e-04
-2.464709776336414032e-04
-2.352936993304522426e-04
-2.242678671786999412e-04
-2.134232703517397400e-04
-2.027868897303964745e-04
-1.923828509374457530e-04
-1.822326294375146147e-04
-1.723549342789288763e-04
-1.627659813556939369e-04
-1.534796974503872780e-04
-1.445073504585498662e-04
-1.358584633850867709e-04
-1.275401109425566978e-04
-1.195576603806693182e-04
-1.119143649956519610e-04
-1.046120922108172092e-04
-9.765077815881528615e-05
-9.102910853859797564e-05
-8.474435022790565060e-05
-7.879256060660519206e-05
-7.316845217545525637e-05
-6.786596742977813433e-05
-6.287803889621258887e-05
-5.819680716967030540e-05
-5.381370641758588015e-05
-4.971950910209116186e-05
-4.590445607351467422e-05
-4.235843192021468537e-05
-3.907089318925992342e-05
-3.603109991152900242e-05
-3.322802550752602404e-05
-3.065056431068426753e-05
-2.828753218820151939e-05
-2.612767815518561817e-05
-2.415992774460308870e-05
-2.237312714209634801e-05
-2.075642620069662804e-05
-1.929907913359500424e-05
-1.799052005992488881e-05
-1.682055575655600467e-05
-1.577913096001537017e-05
-1.485659219306856407e-05
-1.404360445224940816e-05
-1.333120238655763855e-05
-1.271065491300607613e-05
-1.217375963367580674e-05
-1.171259811782920644e-05
-1.131970811909480049e-05
-1.098794746123576778e-05
-1.071063728626460159e-05
-1.048144286714318065e-05
-1.029442774047503334e-05
-1.014408766706138812e-05
-1.002522969528240671e-05
-9.933051811784473240e-06
-9.863172350368094827e-06
-9.811490198652445143e-06
-9.774267118824739995e-06
-9.748116849821238596e-06
-9.729941131793265016e-06
-9.716978929111747787e-06
-9.706719452098894066e-06
-9.696968521850513536e-06
-9.685754375918829856e-06
-9.671375358474092844e-06
-9.652370193783561261e-06
-9.627483947548806244e-06
-9.595652612604636608e-06
-9.556047888770497311e-06
-9.507952820646813649e-06
-9.450876803631166003e-06
-9.384424049256712589e-06
-9.308379920799276068e-06
-9.222610214811400393e-06
-9.127148213878523637e-06
-9.022066019239218264e-06
-8.907570206260354828e-06
-8.783924044556988810e-06
-8.651466471894010362e-06
-8.510600252467864527e-06
-8.361760786361043538e-06
-8.205447988376818110e-06
-8.042178616301857332e-06
-7.872511701500499486e-06
-7.697016645384695561e-06
-7.516278583351535042e-06
-7.330891564719823716e-06
-7.141451731805344175e-06
-6.948564114634567338e-06
-6.752808573015176747e-06
-6.554774537822445034e-06
-6.355031964909513956e-06
-6.154129519788540359e-06
-5.952612109151126948e-06
-5.750988240679844933e-06
-5.549751846301585890e-06
-5.349371133329034372e-06
-5.150298572618104462e-06
-4.952943613850633012e-06
-4.757705596371084039e-06
-4.564945019395200216e-06
-4.375003898687675549e-06
-4.188189566012816070e-06
-4.004786412529465489e-06
-3.825050425010484649e-06
-3.649212315292941717e-06
-3.477478492616072543e-06
-3.310023428621119027e-06
-3.147005307287172952e-06
-2.988550491939637515e-06
-2.834772027354968016e-06
-2.685753375502772644e-06
-2.541562602988995687e-06
-2.402244881630425996e-06
-2.267829852986047139e-06
-2.138326085489820939e-06
-2.013728962324132946e-06
-1.894018887138274530e-06
-1.779160020434956789e-06
-1.669104742683991685e-06
-1.563794706597552548e-06
-1.463158837042707292e-06
-1.367118491450125651e-06
-1.275586522254932709e-06
-1.188464720786095979e-06
-1.105651288843780305e-06
-1.027036837673669421e-06
-9.525085336701350094e-07
-8.819475198288877870e-07
-8.152326925634772856e-07
-7.522395463180708894e-07
-6.928416560999440386e-07
-6.369117969980050363e-07
-5.843211779089700231e-07
-5.349396115750567720e-07
-4.886403388877140027e-07
-4.452938302075664914e-07
-4.047740799859231804e-07
-3.669543714440185494e-07
-3.317118618763185536e-07
-2.989247738047937257e-07
-2.684739277992862549e-07
-2.402429956369408220e-07
-2.141177426987294450e-07
-1.899882910767145204e-07
-1.677466768003124520e-07
-1.472887382214347598e-07
-1.285142662853091721e-07
-1.113259207252825504e-07
-9.563008137660234222e-08
-8.133660562161407293e-08
-6.835928377990511412e-08
-5.661534082052991855e-08
-4.602537306785258007e-08
-3.651405034321716920e-08
-2.800920402734509390e-08
-2.044214826270815156e-08
-1.374773802753465978e-08
-7.864088575095339021e-09
-2.732701693000285995e-09
1.702119034011193728e-09
5.492743662152854969e-09
8.688329746773785347e-09
1.133588338030307164e-08
1.347906380171853385e-08
1.515925469811379700e-08
1.641516738332265465e-08
1.728320615754708210e-08
1.779756626694985371e-08
1.799023168713364268e-08
1.789138220021847554e-08
1.752915849463785816e-08
1.692991205956455970e-08
1.611857309397923838e-08
1.511854568897391771e-08
1.395180353502411094e-08
1.263914412531850416e-08
1.120030536941904585e-08
9.654070563105791835e-09
8.018333686676474385e-09
6.310324467385177486e-09
4.546713571502357160e-09
2.743701303960791768e-09
9.171722850785582654e-10
-9.171722850785584722e-10
-2.743701303960791768e-09
-4.546713571502357160e-09
-6.310324467385177486e-09
-8.018333686676474385e-09
-9.654070563105791835e-09
-1.120030536941904585e-08
-1.263914412531850416e-08
-1.395180353502411094e-08
-1.511854568897391771e-08
-1.611857309397923838e-08
-1.692991205956455970e-08
-1.752915849463785485e-08
-1.789138220021847554e-08
-1.799023168713364268e-08
-1.779756626694985371e-08
-1.728320615754708541e-08
-1.641516738332265465e-08
-1.515925469811379700e-08
-1.347906380171853219e-08
-1.133588338030307164e-08
-8.688329746773780384e-09
-5.492743662152854141e-09
-1.702119034011192487e-09
2.732701693000284754e-09
7.864088575095342330e-09
1.374773802753465978e-08
2.044214826270815156e-08
2.800920402734509390e-08
3.651405034321716920e-08
4.602537306785258007e-08
5.661534082052991855e-08
6.835928377990511412e-08
8.133660562161408616e-08
9.563008137660234222e-08
1.113259207252825504e-07
1.285142662853091721e-07
1.472887382214347598e-07
1.677466768003124520e-07
1.899882910767145204e-07
2.141177426987294450e-07
2.402429956369408220e-07
2.684739277992862549e-07
2.989247738047937257e-07
3.317118618763185536e-07
3.669543714440185494e-07
4.047740799859231804e-07
4.452938302075664914e-07
4.886403388877140027e-07
5.349396115750567720e-07
5.843211779089700231e-07
6.369117969980050363e-07
6.928416560999440386e-07
7.522395463180708894e-07
8.152326925634772856e-07
8.819475198288877870e-07
9.525085336701350094e-07
1.027036837673669421e-06
1.105651288843780305e-06
1.188464720786095979e-06
1.275586522254932709e-06
1.367118491450125651e-06
1.463158837042707292e-06
1.563794706597552548e-06
1.669104742683991685e-06
1.779160020434956789e-06
1.894018887138274530e-06
2.013728962324132523e-06
2.138326085489820939e-06
2.267829852986047139e-06
2.402244881630425996e-06
2.541562602988995687e-06
2.685753375502772220e-06
2.834772027354968016e-06
2.988550491939637515e-06
3.147005307287172952e-06
3.310023428621119027e-06
3.477478492616072543e-06
3.649212315292941717e-06
3.825050425010485496e-06
4.004786412529465489e-06
4.188189566012816070e-06
4.375003898687674702e-06
4.564945019395200216e-06
4.757705596371084039e-06
4.952943613850633012e-06
5.150298572618104462e-06
5.349371133329034372e-06
5.549751846301585890e-06
5.750988240679844933e-06
5.952612109151126948e-06
6.154129519788540359e-06
6.355031964909513956e-06
6.554774537822445034e-06
6.752808573015175900e-06
6.948564114634567338e-06
7.141451731805344175e-06
7.330891564719823716e-06
7.516278583351535042e-06
7.697016645384695561e-06
7.872511701500499486e-06
8.042178616301857332e-06
8.205447988376818110e-06
8.361760786361043538e-06
8.510600252467864527e-06
8.651466471894010362e-06
8.783924044556988810e-06
8.907570206260354828e-06
9.022066019239218264e-06
9.127148213878523637e-06
9.222610214811400393e-06
9.308379920799276068e-06
9.384424049256712589e-06
9.450876803631169391e-06
9.507952820646815343e-06
9.556047888770497311e-06
9.595652612604636608e-06
9.627483947548806244e-06
9.652370193783561261e-06
9.671375358474092844e-06
9.685754375918831550e-06
9.696968521850513536e-06
9.706719452098894066e-06
9.716978929111747787e-06
9.729941131793265016e-06
9.748116849821236902e-06
9.774267118824739995e-06
9.811490198652446837e-06
9.863172350368094827e-06
9.933051811784469851e-06
1.002522969528240841e-05
1.014408766706138812e-05
1.029442774047502995e-05
1.048144286714317895e-05
1.071063728626460329e-05
1.098794746123576778e-05
1.131970811909479710e-05
1.171259811782920644e-05
1.217375963367580674e-05
1.271065491300607613e-05
1.333120238655763855e-05
1.404360445224940816e-05
1.485659219306856577e-05
1.577913096001537017e-05
1.682055575655600467e-05
1.799052005992488881e-05
1.929907913359499747e-05
2.075642620069662804e-05
2.237312714209634801e-05
2.415992774460308870e-05
2.612767815518561817e-05
2.828753218820151939e-05
3.065056431068426753e-05
3.322802550752602404e-05
3.603109991152900242e-05
3.907089318925992342e-05
4.235843192021468537e-05
4.590445607351467422e-05
4.971950910209116186e-05
5.381370641758588015e-05
5.819680716967031217e-05
6.287803889621258887e-05
6.786596742977812078e-05
7.316845217545525637e-05
7.879256060660519206e-05
8.474435022790565060e-05
9.102910853859797564e-05
9.765077815881528615e-05
1.046120922108172092e-04
1.119143649956519474e-04
1.195576603806693182e-04
1.275401109425566978e-04
1.358584633850867438e-04
1.445073504585498662e-04
1.534796974503872780e-04
1.627659813556939369e-04
1.723549342789288763e-04
1.822326294375146147e-04
1.923828509374457530e-04
2.027868897303964745e-04
2.134232703517397400e-04
2.242678671786999412e-04
2.352936993304522426e-04
2.464709776336414032e-04
2.577668074598292360e-04
2.691452355441915586e-04
2.805674344840303094e-04
2.919909930077921518e-04
3.033709724599030944e-04
3.146586244810186490e-04
3.258024026597653756e-04
3.367476218371073934e-04
3.474361183319431062e-04
3.578070579693129688e-04
3.677962776672437850e-04
3.773369587444580443e-04
3.863594305686623401e-04
3.947910680700128646e-04
4.025569256174496981e-04
4.095797775060710036e-04
4.157801159502978999e-04
4.210762906309518049e-04
4.253852491687824160e-04
4.286223657416080913e-04
4.307016890499234239e-04
4.315362898508311586e-04
4.310391683502020829e-04
4.291224300963545702e-04
4.256987692823854764e-04
4.206812263422183575e-04
4.139840218845192068e-04
4.055225916465127179e-04
3.952141134884700467e-04
3.829786267972681325e-04
3.687388289638893050e-04
3.524214070471113009e-04
3.339570793289153589e-04
3.132820769012943196e-04
2.903385736326128839e-04
2.650761230753125768e-04
2.374529623683315123e-04
2.074372518193075797e-04
1.750096243213097966e-04
1.401653735418248697e-04
1.029172610164389898e-04
6.330006206227317450e-05
2.137514270194813259e-05
-2.276280142706139906e-05
-6.897764798384212117e-05
-1.170808028789101896e-04
-1.668174094338496566e-04
-2.178492427423400031e-04
-2.697321986730880300e-04
-3.218908180906610472e-04
-3.735872318631267204e-04
-4.238883812281579603e-04
-4.716339236362114616e-04
-5.154111891461776859e-04
-5.535443220280681633e-04
-5.841111051971523182e-04
-6.049961213450026284e-04
-6.139938938489309219e-04
-6.089654799242189042e-04
-5.880461256782853249e-04
-5.498885010635803884e-04
-4.939128150617585339e-04
-4.205247932233806166e-04
-3.312571755026117956e-04
-2.287965322645432818e-04
-1.168711663554109864e-04
-3.658114210217778491e-22
1.168711663554109864e-04
2.287965322645432818e-04
3.312571755026117956e-04
4.205247932233806166e-04
4.939128150617585339e-04
5.498885010635806052e-04
5.880461256782853249e-04
6.089654799242186873e-04
6.139938938489309219e-04
6.049961213450028453e-04
5.841111051971523182e-04
5.535443220280681633e-04
5.154111891461776859e-04
4.716339236362114616e-04
4.238883812281581229e-04
3.735872318631268830e-04
3.218908180906610472e-04
2.697321986730881927e-04
2.178492427423400031e-04
1.668174094338496566e-04
1.170808028789103658e-04
6.897764798384229735e-05
2.276280142706139906e-05
-2.137514270194813259e-05
-6.330006206227317450e-05
-1.029172610164389898e-04
-1.401653735418247884e-04
-1.750096243213097966e-04
-2.074372518193075797e-04
-2.374529623683315123e-04
-2.650761230753125768e-04
-2.903385736326128839e-04
-3.132820769012943196e-04
-3.339570793289154673e-04
-3.524214070471113009e-04
-3.687388289638893050e-04
-3.829786267972681325e-04
-3.952141134884701009e-04
-4.055225916465127179e-04
-4.139840218845193152e-04
-4.206812263422183575e-04
-4.256987692823854764e-04
-4.291224300963545702e-04
-4.310391683502020287e-04
-4.315362898508311586e-04
-4.307016890499234239e-04
-4.286223657416080913e-04
-4.253852491687824160e-04
-4.210762906309518049e-04
-4.157801159502978999e-04
-4.095797775060710036e-04
-4.025569256174496981e-04
-3.947910680700128646e-04
-3.863594305686623401e-04
-3.773369587444579901e-04
-3.677962776672437850e-04
-3.578070579693129688e-04
-3.474361183319431062e-04
-3.367476218371073934e-04
-3.258024026597653756e-04
-3.146586244810186490e-04
-3.033709724599030944e-04
-2.919909930077922060e-04
-2.805674344840303094e-04
-2.691452355441915586e-04
-2.577668074598292360e-04
-2.464709776336414032e-04
-2.352936993304522426e-04
-2.242678671786999412e-04
-2.134232703517397400e-04
-2.027868897303964745e-04
-1.923828509374457530e-04
-1.822326294375146147e-04
-1.723549342789288763e-04
-1.627659813556939369e-04
-1.534796974503872780e-04
-1.445073504585498662e-04
-1.358584633850867709e-04
-1.275401109425566978e-04
-1.195576603806693182e-04
-1.119143649956519610e-04
-1.046120922108172092e-04
-9.765077815881528615e-05
-9.102910853859797564e-05
-8.474435022790565060e-05
-7.879256060660519206e-05
-7.316845217545525637e-05
-6.786596742977813433e-05
-6.287803889621258887e-05
-5.819680716967030540e-05
-5.381370641758588015e-05
-4.971950910209116186e-05
-4.590445607351467422e-05
-4.235843192021468537e-05
-3.907089318925992342e-05
-3.603109991152900242e-05
-3.322802550752602404e-05
-3.065056431068426753e-05
-2.828753218820151939e-05
-2.612767815518561817e-05
-2.415992774460308870e-05
-2.237312714209634801e-05
-2.075642620069662804e-05
-1.929907913359500424e-05
-1.799052005992488881e-05
-1.682055575655600467e-05
-1.577913096001537017e-05
-1.485659219306856407e-05
-1.404360445224940816e-05
-1.333120238655763855e-05
-1.271065491300607613e-05
-1.217375963367580674e-05
-1.171259811782920644e-05
-1.131970811909480049e-05
-1.098794746123576778e-05
-1.071063728626460159e-05
-1.048144286714318065e-05
-1.029442774047503334e-05
-1.014408766706138812e-05
-1.002522969528240671e-05
-9.933051811784473240e-06
-9.863172350368094827e-06
-9.811490198652445143e-06
-9.774267118824739995e-06
-9.748116849821238596e-06
-9.729941131793265016e-06
-9.716978929111747787e-06
-9.706719452098894066e-06
-9.696968521850513536e-06
-9.685754375918829856e-06
-9.671375358474092844e-06
-9.652370193783561261e-06
-9.627483947548806244e-06
-9.595652612604636608e-06
-9.556047888770497311e-06
-9.507952820646813649e-06
-9.450876803631166003e-06
-9.384424049256712589e-06
-9.308379920799276068e-06
-9.222610214811400393e-06
-9.127148213878523637e-06
-9.022066019239218264e-06
-8.907570206260354828e-06
-8.783924044556988810e-06
-8.651466471894010362e-06
-8.510600252467864527e-06
-8.361760786361043538e-06
-8.205447988376818110e-06
-8.042178616301857332e-06
-7.872511701500499486e-06
-7.697016645384695561e-06
-7.516278583351535042e-06
-7.330891564719823716e-06
-7.141451731805344175e-06
-6.948564114634567338e-06
-6.752808573015176747e-06
-6.554774537822445034e-06
-6.355031964909513956e-06
-6.154129519788540359e-06
-5.952612109151126948e-06
-5.750988240679844933e-06
-5.549751846301585890e-06
-5.349371133329034372e-06
-5.150298572618104462e-06
-4.952943613850633012e-06
-4.757705596371084039e-06
-4.564945019395200216e-06
-4.375003898687675549e-06
-4.188189566012816070e-06
-4.004786412529465489e-06
-3.825050425010484649e-06
-3.649212315292941717e-06
-3.477478492616072543e-06
-3.310023428621119027e-06
-3.147005307287172952e-06
-2.988550491939637515e-06
-2.834772027354968016e-06
-2.685753375502772644e-06
-2.541562602988995687e-06
-2.402244881630425996e-06
-2.267829852986047139e-06
-2.138326085489820939e-06
-2.013728962324132946e-06
-1.894018887138274530e-06
-1.779160020434956789e-06
-1.669104742683991685e-06
-1.563794706597552548e-06
-1.463158837042707292e-06
-1.367118491450125651e-06
-1.275586522254932709e-06
-1.188464720786095979e-06
-1.105651288843780305e-06
-1.027036837673669421e-06
-9.525085336701350094e-07
-8.819475198288877870e-07
-8.152326925634772856e-07
-7.522395463180708894e-07
-6.928416560999440386e-07
-6.369117969980050363e-07
-5.843211779089700231e-07
-5.349396115750567720e-07
-4.886403388877140027e-07
-4.452938302075664914e-07
-4.047740799859231804e-07
-3.669543714440185494e-07
-3.317118618763185536e-07
-2.989247738047937257e-07
-2.684739277992862549e-07
-2.402429956369408220e-07
-2.141177426987294450e-07
-1.899882910767145204e-07
-1.677466768003124520e-07
-1.472887382214347598e-07
-1.285142662853091721e-07
-1.113259207252825504e-07
-9.563008137660234222e-08
-8.133660562161407293e-08
-6.835928377990511412e-08
-5.661534082052991855e-08
-4.602537306785258007e-08
-3.651405034321716920e-08
-2.800920402734509390e-08
-2.044214826270815156e-08
-1.374773802753465978e-08
-7.864088575095339021e-09
-2.732701693000285995e-09
1.702119034011193728e-09
5.492743662152854969e-09
8.688329746773785347e-09
1.133588338030307164e-08
1.347906380171853385e-08
1.515925469811379700e-08
1.641516738332265465e-08
1.728320615754708210e-08
1.779756626694985371e-08
1.799023168713364268e-08
1.789138220021847554e-08
1.752915849463785816e-08
1.692991205956455970e-08
1.611857309397923838e-08
1.511854568897391771e-08
1.395180353502411094e-08
1.263914412531850416e-08
1.120030536941904585e-08
9.654070563105791835e-09
8.018333686676474385e-09
6.310324467385177486e-09
4.546713571502357160e-09
2.743701303960791768e-09
9.171722850785582654e-10
-9.171722850785584722e-10
-2.743701303960791768e-09
-4.546713571502357160e-09
-6.310324467385177486e-09
-8.018333686676474385e-09
-9.654070563105791835e-09
-1.120030536941904585e-08
-1.263914412531850416e-08
-1.395180353502411094e-08
-1.511854568897391771e-08
-1.611857309397923838e-08
-1.692991205956455970e-08
-1.752915849463785485e-08
-1.789138220021847554e-08
-1.799023168713364268e-08
-1.779756626694985371e-08
-1.728320615754708541e-08
-1.641516738332265465e-08
-1.515925469811379700e-08
-1.347906380171853219e-08
-1.133588338030307164e-08
-8.688329746773780384e-09
-5.492743662152854141e-09
-1.702119034011192487e-09
2.732701693000284754e-09
7.864088575095342330e-09
1.374773802753465978e-08
2.044214826270815156e-08
2.800920402734509390e-08
3.651405034321716920e-08
4.602537306785258007e-08
5.661534082052991855e-08
6.835928377990511412e-08
8.133660562161408616e-08
9.563008137660234222e-08
1.113259207252825504e-07
1.285142662853091721e-07
1.472887382214347598e-07
1.677466768003124520e-07
1.899882910767145204e-07
2.141177426987294450e-07
2.402429956369408220e-07
2.684739277992862549e-07
2.989247738047937257e-07
3.317118618763185536e-07
3.669543714440185494e-07
4.047740799859231804e-07
4.452938302075664914e-07
4.886403388877140027e-07
5.349396115750567720e-07
5.843211779089700231e-07
6.369117969980050363e-07
6.928416560999440386e-07
7.522395463180708894e-07
8.152326925634772856e-07
8.819475198288877870e-07
9.525085336701350094e-07
1.027036837673669421e-06
1.105651288843780305e-06
1.188464720786095979e-06
1.275586522254932709e-06
1.367118491450125651e-06
1.463158837042707292e-06
1.563794706597552548e-06
1.669104742683991685e-06
1.779160020434956789e-06
1.894018887138274530e-06
2.013728962324132523e-06
2.138326085489820939e-06
2.267829852986047139e-06
2.402244881630425996e-06
2.541562602988995687e-06
2.685753375502772220e-06
2.834772027354968016e-06
2.988550491939637515e-06
3.147005307287172952e-06
3.310023428621119027e-06
3.477478492616072543e-06
3.649212315292941717e-06
3.825050425010485496e-06
4.004786412529465489e-06
4.188189566012816070e-06
4.375003898687674702e-06
4.564945019395200216e-06
4.757705596371084039e-06
4.952943613850633012e-06
5.150298572618104462e-06
5.349371133329034372e-06
5.549751846301585890e-06
5.750988240679844933e-06
5.952612109151126948e-06
6.154129519788540359e-06
6.355031964909513956e-06
6.554774537822445034e-06
6.752808573015175900e-06
6.948564114634567338e-06
7.141451731805344175e-06
7.330891564719823716e-06
7.516278583351535042e-06
7.697016645384695561e-06
7.872511701500499486e-06
8.042178616301857332e-06
8.205447988376818110e-06
8.361760786361043538e-06
8.510600252467864527e-06
8.651466471894010362e-06
8.783924044556988810e-06
8.907570206260354828e-06
9.022066019239218264e-06
9.127148213878523637e-06
9.222610214811400393e-06
9.308379920799276068e-06
9.384424049256712589e-06
9.450876803631169391e-06
9.507952820646815343e-06
9.556047888770497311e-06
9.595652612604636608e-06
9.627483947548806244e-06
9.652370193783561261e-06
9.671375358474092844e-06
9.685754375918831550e-06
9.696968521850513536e-06
9.706719452098894066e-06
9.716978929111747787e-06
9.729941131793265016e-06
9.748116849821236902e-06
9.774267118824739995e-06
9.811490198652446837e-06
9.863172350368094827e-06
9.933051811784469851e-06
1.002522969528240841e-05
1.014408766706138812e-05
1.029442774047502995e-05
1.048144286714317895e-05
1.071063728626460329e-05
1.098794746123576778e-05
1.131970811909479710e-05
1.171259811782920644e-05
1.217375963367580674e-05
1.271065491300607613e-05
1.333120238655763855e-05
1.404360445224940816e-05
1.485659219306856577e-05
1.577913096001537017e-05
1.682055575655600467e-05
1.799052005992488881e-05
1.929907913359499747e-05
2.075642620069662804e-05
2.237312714209634801e-05
2.415992774460308870e-05
2.612767815518561817e-05
2.828753218820151939e-05
3.065056431068426753e-05
3.322802550752602404e-05
3.603109991152900242e-05
3.907089318925992342e-05
4.235843192021468537e-05
4.590445607351467422e-05
4.971950910209116186e-05
5.381370641758588015e-05
5.819680716967031217e-05
6.287803889621258887e-05
6.786596742977812078e-05
7.316845217545525637e-05
7.879256060660519206e-05
8.474435022790565060e-05
9.102910853859797564e-05
9.765077815881528615e-05
1.046120922108172092e-04
1.119143649956519474e-04
1.195576603806693182e-04
1.275401109425566978e-04
1.358584633850867438e-04
1.445073504585498662e-04
1.534796974503872780e-04
1.627659813556939369e-04
1.723549342789288763e-04
1.822326294375146147e-04
1.923828509374457530e-04
2.027868897303964745e-04
2.134232703517397400e-04
2.242678671786999412e-04
2.352936993304522426e-04
2.464709776336414032e-04
2.577668074598292360e-04
2.691452355441915586e-04
2.805674344840303094e-04
2.919909930077921518e-04
3.033709724599030944e-04
3.146586244810186490e-04
3.258024026597653756e-04
3.367476218371073934e-04
3.474361183319431062e-04
3.578070579693129688e-04
3.677962776672437850e-04
3.773369587444580443e-04
3.863594305686623401e-04
3.947910680700128646e-04
4.025569256174496981e-04
4.095797775060710036e-04
4.157801159502978999e-04
4.210762906309518049e-04
4.253852491687824160e-04
4.286223657416080913e-04
4.307016890499234239e-04
4.315362898508311586e-04
4.310391683502020829e-04
4.291224300963545702e-04
4.256987692823854764e-04
4.206812263422183575e-04
4.139840218845192068e-04
4.055225916465127179e-04
3.952141134884700467e-04
3.829786267972681325e-04
3.687388289638893050e-04
3.524214070471113009e-04
3.339570793289153589e-04
3.132820769012943196e-04
2.903385736326128839e-04
2.650761230753125768e-04
2.374529623683315123e-04
2.074372518193075797e-04
1.750096243213097966e-04
1.401653735418248697e-04
1.029172610164389898e-04
6.330006206227317450e-05
2.137514270194813259e-05
-2.276280142706139906e-05
-6.897764798384212117e-05
-1.170808028789101896e-04
-1.668174094338496566e-04
-2.178492427423400031e-04
-2.697321986730880300e-04
-3.218908180906610472e-04
-3.735872318631267204e-04
-4.238883812281579603e-04
-4.716339236362114616e-04
-5.154111891461776859e-04
-5.535443220280681633e-04
-5.841111051971523182e-04
-6.049961213450026284e-04
-6.139938938489309219e-04
-6.089654799242189042e-04
-5.880461256782853249e-04
-5.498885010635803884e-04
-4.939128150617585339e-04
-4.205247932233806166e-04
-3.312571755026117956e-04
-2.287965322645432818e-04
-1.168711663554109864e-04
