6.794732268789807117e-20
3.000675248180312629e-04
5.821870007812624936e-04
8.305938700238355487e-04
1.033462816045998102e-03
1.183923030671958816e-03
1.280211646798252610e-03
1.325048787555528499e-03
1.324473756602144491e-03
1.286455851783097548e-03
1.219571875453219706e-03
1.131960042002864509e-03
1.030646462638116915e-03
9.212386396951184955e-04
8.079098492322134067e-04
6.935708794738060798e-04
5.801294235339031274e-04
4.687608917079017770e-04
3.601448207362520316e-04
2.546476752698607969e-04
1.524525695575205280e-04
5.364176509904506300e-05
-4.175325534396932164e-05
-1.337240229401327805e-04
-2.222717816162260473e-04
-3.074006476356891545e-04
-3.891156904961799181e-04
-4.674219550148534766e-04
-5.423257938672735364e-04
-6.138342406835450935e-04
-6.819561168459300137e-04
-7.467020567269425004e-04
-8.080848883416768408e-04
-8.661209595253414060e-04
-9.208286665904933613e-04
-9.722298379540468809e-04
-1.020349501727827075e-03
-1.065216069076451713e-03
-1.106861649551540375e-03
-1.145321779146498981e-03
-1.180635720084563132e-03
-1.212846321923873255e-03
-1.242000312507927570e-03
-1.268148007481314371e-03
-1.291343595503083612e-03
-1.311644698390127244e-03
-1.329112507694218395e-03
-1.343812064273505356e-03
-1.355811090793450618e-03
-1.365181136342516087e-03
-1.371996262420197444e-03
-1.376334041479639059e-03
-1.378274386407494622e-03
-1.377899825499749207e-03
-1.375294765337529024e-03
-1.370546488646918765e-03
-1.363743405472984125e-03
-1.354975617921482444e-03
-1.344335051669835832e-03
-1.331913853184238643e-03
-1.317805823709352047e-03
-1.302104817975035037e-03
-1.284905167813806936e-03
-1.266301528405911966e-03
-1.246387858057328808e-03
-1.225257989325458357e-03
-1.203005189181445946e-03
-1.179721431108735627e-03
-1.155497824902988703e-03
-1.130424107848101859e-03
-1.104588787592184493e-03
-1.078077984958432942e-03
-1.050976446472373952e-03
-1.023366678492584111e-03
-9.953289498404504013e-04
-9.669411508746490616e-04
-9.382787981244728338e-04
-9.094144615678546742e-04
-8.804183494076633920e-04
-8.513578093895280167e-04
-8.222971923589234315e-04
-7.932979334298588970e-04
-7.644184169860617807e-04
-7.357142760451118417e-04
-7.072376801804183821e-04
-6.790380697149623994e-04
-6.511615892080488150e-04
-6.236513165123172466e-04
-5.965475283266859002e-04
-5.698872070283799406e-04
-5.437045236272961424e-04
-5.180305618927371443e-04
-4.928936570622944376e-04
-4.683191201987121216e-04
-4.443297938963309797e-04
-4.209455236773703909e-04
-3.981838220898165017e-04
-3.760594484153469944e-04
-3.545848918548431426e-04
-3.337701678356475043e-04
-3.136230840084433926e-04
-2.941493976070057564e-04
-2.753526472835748592e-04
-2.572345268462564107e-04
-2.397948249988167814e-04
-2.230316539395230829e-04
-2.069413523611967080e-04
-1.915189122168109101e-04
-1.767577184262164548e-04
-1.626498846169157784e-04
-1.491863355154523531e-04
-1.363567624877126650e-04
-1.241499311291485502e-04
-1.125535638139765900e-04
-1.015546194725311027e-04
-9.113922965232231486e-05
-8.129292338008594189e-05
-7.200056252932337652e-05
-6.324660214082642796e-05
-5.501496186370536198e-05
-4.728928561267717957e-05
-4.005291627228061227e-05
-3.328897400029211267e-05
-2.698045455619200899e-05
-2.111022341916493622e-05
-1.566117000535086943e-05
-1.061616959238987647e-05
-5.958198020028312917e-06
-1.670318850843320933e-06
2.264208158381927591e-06
5.861943423314732259e-06
9.139182193613638720e-06
1.211196014844240457e-05
1.479600315319324229e-05
1.720672543403723692e-05
1.935913758659282697e-05
2.126792983980367973e-05
2.294735783414953098e-05
2.441127540000754460e-05
2.567312005521531101e-05
2.674587041483063063e-05
2.764209410150352689e-05
2.837388058133489153e-05
2.895286222594405453e-05
2.939022419827326315e-05
2.969669411915689183e-05
2.988252506179569083e-05
2.995751930623551015e-05
2.993104089108903631e-05
2.981197403590707246e-05
2.960878555721695412e-05
2.932949925942507851e-05
2.898171331635057284e-05
2.857259512805423885e-05
2.810892819470454414e-05
2.759707320524700297e-05
2.704301953725173494e-05
2.645237581228470061e-05
2.583038308540529129e-05
2.518194388836825118e-05
2.451160838974383968e-05
2.382360802812860074e-05
2.312186206918578568e-05
2.240998870955333462e-05
2.169131620713286832e-05
2.096889855336507569e-05
2.024553568529872155e-05
1.952377338661291555e-05
1.880592353735677870e-05
1.809407421439571681e-05
1.739010432431234993e-05
1.669568921336108403e-05
1.601232210187740544e-05
1.534131632764856848e-05
1.468381889330683234e-05
1.404082966920876169e-05
1.341319462506749672e-05
1.280163182293721569e-05
1.220673256670057177e-05
1.162897159201713149e-05
1.106872064859376750e-05
1.052624853179377330e-05
1.000173918875637560e-05
9.495290625330651742e-06
9.006924544865733099e-06
8.536598812014614774e-06
8.084206363572379902e-06
7.649586544307387297e-06
7.232527407176177556e-06
6.832773661046170175e-06
6.450032359270015721e-06
6.083974634681929919e-06
5.734242516772895273e-06
5.400453489212844509e-06
5.082202787597198322e-06
4.779068520023358478e-06
4.490613680586519822e-06
4.216390138433752439e-06
3.955940931477691888e-06
3.708803970826885176e-06
3.474512920313394785e-06
3.252599769059744520e-06
3.042597685211048702e-06
2.844042456593396618e-06
2.656472518302450841e-06
2.479432367567106053e-06
2.312473012518909563e-06
2.155153266917621934e-06
2.007040196620476331e-06
1.867710270871377852e-06
1.736750230135193365e-06
1.613757670508327644e-06
1.498340638807514354e-06
1.390119626842654928e-06
1.288726458642869303e-06
1.193805012192891086e-06
1.105011869700978391e-06
1.022015202199041521e-06
9.444959123215338268e-07
8.721470820823838942e-07
8.046737022941689315e-07
7.417930366305327838e-07
6.832339261305295886e-07
6.287369401939603486e-07
5.780538916442896267e-07
5.309475630090107634e-07
4.871917852348842747e-07
4.465703864117931987e-07
4.088774812948258185e-07
3.739168073750518561e-07
3.415014487960177335e-07
3.114533128036049823e-07
2.836030823342063071e-07
2.577892152537817570e-07
2.338581257140258837e-07
2.116633769081930356e-07
1.910655441871109399e-07
1.719315837687412982e-07
1.541343953442102603e-07
1.375526844889083232e-07
1.220701277684348721e-07
1.075753494855828832e-07
9.396120115642423919e-08
8.112448204637254633e-08
6.896553162456734346e-08
5.738772483626853042e-08
4.629718787720095638e-08
3.560220282948110934e-08
2.521297401417906072e-08
1.504112294183596307e-08
4.999284694550878621e-09
-4.999284694550878621e-09
-1.504112294183596307e-08
-2.521297401417906072e-08
-3.560220282948110934e-08
-4.629718787720095638e-08
-5.738772483626853042e-08
-6.896553162456734346e-08
-8.112448204637254633e-08
-9.396120115642423919e-08
-1.075753494855828832e-07
-1.220701277684348721e-07
-1.375526844889083232e-07
-1.541343953442102603e-07
-1.719315837687412982e-07
-1.910655441871109399e-07
-2.116633769081930356e-07
-2.338581257140258837e-07
-2.577892152537817570e-07
-2.836030823342063071e-07
-3.114533128036049823e-07
-3.415014487960177335e-07
-3.739168073750518031e-07
-4.088774812948258185e-07
-4.465703864117931987e-07
-4.871917852348842747e-07
-5.309475630090107634e-07
-5.780538916442896267e-07
-6.287369401939603486e-07
-6.832339261305295886e-07
-7.417930366305327838e-07
-8.046737022941689315e-07
-8.721470820823838942e-07
-9.444959123215338268e-07
-1.022015202199041521e-06
-1.105011869700978391e-06
-1.193805012192891086e-06
-1.288726458642869303e-06
-1.390119626842654928e-06
-1.498340638807514354e-06
-1.613757670508327644e-06
-1.736750230135193365e-06
-1.867710270871377852e-06
-2.007040196620476331e-06
-2.155153266917622358e-06
-2.312473012518909563e-06
-2.479432367567106053e-06
-2.656472518302450841e-06
-2.844042456593396618e-06
-3.042597685211048702e-06
-3.252599769059744520e-06
-3.474512920313394785e-06
-3.708803970826885176e-06
-3.955940931477691888e-06
-4.216390138433752439e-06
-4.490613680586519822e-06
-4.779068520023358478e-06
-5.082202787597198322e-06
-5.400453489212844509e-06
-5.734242516772895273e-06
-6.083974634681929919e-06
-6.450032359270015721e-06
-6.832773661046170175e-06
-7.232527407176177556e-06
-7.649586544307387297e-06
-8.084206363572379902e-06
-8.536598812014614774e-06
-9.006924544865733099e-06
-9.495290625330651742e-06
-1.000173918875637560e-05
-1.052624853179377330e-05
-1.106872064859376750e-05
-1.162897159201713149e-05
-1.220673256670057177e-05
-1.280163182293721569e-05
-1.341319462506749672e-05
-1.404082966920876169e-05
-1.468381889330683234e-05
-1.534131632764856848e-05
-1.601232210187740544e-05
-1.669568921336108403e-05
-1.739010432431234993e-05
-1.809407421439571681e-05
-1.880592353735677531e-05
-1.952377338661291555e-05
-2.024553568529872155e-05
-2.096889855336507569e-05
-2.169131620713286832e-05
-2.240998870955333462e-05
-2.312186206918578568e-05
-2.382360802812860074e-05
-2.451160838974383968e-05
-2.518194388836825456e-05
-2.583038308540529129e-05
-2.645237581228470061e-05
-2.704301953725174172e-05
-2.759707320524700297e-05
-2.810892819470454414e-05
-2.857259512805423885e-05
-2.898171331635057284e-05
-2.932949925942507851e-05
-2.960878555721695412e-05
-2.981197403590707246e-05
-2.993104089108903631e-05
-2.995751930623551015e-05
-2.988252506179569083e-05
-2.969669411915689183e-05
-2.939022419827326315e-05
-2.895286222594405453e-05
-2.837388058133489153e-05
-2.764209410150352689e-05
-2.674587041483063063e-05
-2.567312005521531101e-05
-2.441127540000754460e-05
-2.294735783414953098e-05
-2.126792983980367973e-05
-1.935913758659282697e-05
-1.720672543403723692e-05
-1.479600315319324229e-05
-1.211196014844240457e-05
-9.139182193613638720e-06
-5.861943423314732259e-06
-2.264208158381928438e-06
1.670318850843319874e-06
5.958198020028314611e-06
1.061616959238987647e-05
1.566117000535087282e-05
2.111022341916493622e-05
2.698045455619201238e-05
3.328897400029211267e-05
4.005291627228061227e-05
4.728928561267717957e-05
5.501496186370536198e-05
6.324660214082642796e-05
7.200056252932337652e-05
8.129292338008594189e-05
9.113922965232231486e-05
1.015546194725311027e-04
1.125535638139765900e-04
1.241499311291485502e-04
1.363567624877126650e-04
1.491863355154523531e-04
1.626498846169157784e-04
1.767577184262164548e-04
1.915189122168109101e-04
2.069413523611967080e-04
2.230316539395231100e-04
2.397948249988167814e-04
2.572345268462564107e-04
2.753526472835748592e-04
2.941493976070057564e-04
3.136230840084433926e-04
3.337701678356475043e-04
3.545848918548431426e-04
3.760594484153469944e-04
3.981838220898165017e-04
4.209455236773703909e-04
4.443297938963309797e-04
4.683191201987121216e-04
4.928936570622944376e-04
5.180305618927371443e-04
5.437045236272961424e-04
5.698872070283799406e-04
5.965475283266859002e-04
6.236513165123172466e-04
6.511615892080488150e-04
6.790380697149623994e-04
7.072376801804183821e-04
7.357142760451118417e-04
7.644184169860617807e-04
7.932979334298588970e-04
8.222971923589234315e-04
8.513578093895279083e-04
8.804183494076633920e-04
9.094144615678546742e-04
9.382787981244728338e-04
9.669411508746489532e-04
9.953289498404501844e-04
1.023366678492584111e-03
1.050976446472373952e-03
1.078077984958432942e-03
1.104588787592184710e-03
1.130424107848101859e-03
1.155497824902988703e-03
1.179721431108735627e-03
1.203005189181445946e-03
1.225257989325458357e-03
1.246387858057328808e-03
1.266301528405911966e-03
1.284905167813806936e-03
1.302104817975035037e-03
1.317805823709352047e-03
1.331913853184238643e-03
1.344335051669835832e-03
1.354975617921482444e-03
1.363743405472984125e-03
1.370546488646918765e-03
1.375294765337529024e-03
1.377899825499749207e-03
1.378274386407494622e-03
1.376334041479639059e-03
1.371996262420197444e-03
1.365181136342516087e-03
1.355811090793450618e-03
1.343812064273505356e-03
1.329112507694218395e-03
1.311644698390127244e-03
1.291343595503084045e-03
1.268148007481314588e-03
1.242000312507927570e-03
1.212846321923873039e-03
1.180635720084563132e-03
1.145321779146498981e-03
1.106861649551540375e-03
1.065216069076451713e-03
1.020349501727827075e-03
9.722298379540467725e-04
9.208286665904933613e-04
8.661209595253414060e-04
8.080848883416769492e-04
7.467020567269425004e-04
6.819561168459300137e-04
6.138342406835449851e-04
5.423257938672735364e-04
4.674219550148534766e-04
3.891156904961799181e-04
3.074006476356891545e-04
2.222717816162260473e-04
1.337240229401327805e-04
4.175325534396932164e-05
-5.364176509904506300e-05
-1.524525695575202570e-04
-2.546476752698607969e-04
-3.601448207362520316e-04
-4.687608917079020480e-04
-5.801294235339028021e-04
-6.935708794738064051e-04
-8.079098492322134067e-04
-9.212386396951184955e-04
-1.030646462638117348e-03
-1.131960042002864292e-03
-1.219571875453219706e-03
-1.286455851783097114e-03
-1.324473756602144491e-03
-1.325048787555528282e-03
-1.280211646798252393e-03
-1.183923030671959467e-03
-1.033462816045998536e-03
-8.305938700238355487e-04
-5.821870007812621683e-04
-3.000675248180311003e-04
6.794732268789807117e-20
3.000675248180312629e-04
5.821870007812624936e-04
8.305938700238355487e-04
1.033462816045998102e-03
1.183923030671958816e-03
1.280211646798252610e-03
1.325048787555528499e-03
1.324473756602144491e-03
1.286455851783097548e-03
1.219571875453219706e-03
1.131960042002864509e-03
1.030646462638116915e-03
9.212386396951184955e-04
8.079098492322134067e-04
6.935708794738060798e-04
5.801294235339031274e-04
4.687608917079017770e-04
3.601448207362520316e-04
2.546476752698607969e-04
1.524525695575205280e-04
5.364176509904506300e-05
-4.175325534396932164e-05
-1.337240229401327805e-04
-2.222717816162260473e-04
-3.074006476356891545e-04
-3.891156904961799181e-04
-4.674219550148534766e-04
-5.423257938672735364e-04
-6.138342406835450935e-04
-6.819561168459300137e-04
-7.467020567269425004e-04
-8.080848883416768408e-04
-8.661209595253414060e-04
-9.208286665904933613e-04
-9.722298379540468809e-04
-1.020349501727827075e-03
-1.065216069076451713e-03
-1.106861649551540375e-03
-1.145321779146498981e-03
-1.180635720084563132e-03
-1.212846321923873255e-03
-1.242000312507927570e-03
-1.268148007481314371e-03
-1.291343595503083612e-03
-1.311644698390127244e-03
-1.329112507694218395e-03
-1.343812064273505356e-03
-1.355811090793450618e-03
-1.365181136342516087e-03
-1.371996262420197444e-03
-1.376334041479639059e-03
-1.378274386407494622e-03
-1.377899825499749207e-03
-1.375294765337529024e-03
-1.370546488646918765e-03
-1.363743405472984125e-03
-1.354975617921482444e-03
-1.344335051669835832e-03
-1.331913853184238643e-03
-1.317805823709352047e-03
-1.302104817975035037e-03
-1.284905167813806936e-03
-1.266301528405911966e-03
-1.246387858057328808e-03
-1.225257989325458357e-03
-1.203005189181445946e-03
-1.179721431108735627e-03
-1.155497824902988703e-03
-1.130424107848101859e-03
-1.104588787592184493e-03
-1.078077984958432942e-03
-1.050976446472373952e-03
-1.023366678492584111e-03
-9.953289498404504013e-04
-9.669411508746490616e-04
-9.382787981244728338e-04
-9.094144615678546742e-04
-8.804183494076633920e-04
-8.513578093895280167e-04
-8.222971923589234315e-04
-7.932979334298588970e-04
-7.644184169860617807e-04
-7.357142760451118417e-04
-7.072376801804183821e-04
-6.790380697149623994e-04
-6.511615892080488150e-04
-6.236513165123172466e-04
-5.965475283266859002e-04
-5.698872070283799406e-04
-5.437045236272961424e-04
-5.180305618927371443e-04
-4.928936570622944376e-04
-4.683191201987121216e-04
-4.443297938963309797e-04
-4.209455236773703909e-04
-3.981838220898165017e-04
-3.760594484153469944e-04
-3.545848918548431426e-04
-3.337701678356475043e-04
-3.136230840084433926e-04
-2.941493976070057564e-04
-2.753526472835748592e-04
-2.572345268462564107e-04
-2.397948249988167814e-04
-2.230316539395230829e-04
-2.069413523611967080e-04
-1.915189122168109101e-04
-1.767577184262164548e-04
-1.626498846169157784e-04
-1.491863355154523531e-04
-1.363567624877126650e-04
-1.241499311291485502e-04
-1.125535638139765900e-04
-1.015546194725311027e-04
-9.113922965232231486e-05
-8.129292338008594189e-05
-7.200056252932337652e-05
-6.324660214082642796e-05
-5.501496186370536198e-05
-4.728928561267717957e-05
-4.005291627228061227e-05
-3.328897400029211267e-05
-2.698045455619200899e-05
-2.111022341916493622e-05
-1.566117000535086943e-05
-1.061616959238987647e-05
-5.958198020028312917e-06
-1.670318850843320933e-06
2.264208158381927591e-06
5.861943423314732259e-06
9.139182193613638720e-06
1.211196014844240457e-05
1.479600315319324229e-05
1.720672543403723692e-05
1.935913758659282697e-05
2.126792983980367973e-05
2.294735783414953098e-05
2.441127540000754460e-05
2.567312005521531101e-05
2.674587041483063063e-05
2.764209410150352689e-05
2.837388058133489153e-05
2.895286222594405453e-05
2.939022419827326315e-05
2.969669411915689183e-05
2.988252506179569083e-05
2.995751930623551015e-05
2.993104089108903631e-05
2.981197403590707246e-05
2.960878555721695412e-05
2.932949925942507851e-05
2.898171331635057284e-05
2.857259512805423885e-05
2.810892819470454414e-05
2.759707320524700297e-05
2.704301953725173494e-05
2.645237581228470061e-05
2.583038308540529129e-05
2.518194388836825118e-05
2.451160838974383968e-05
2.382360802812860074e-05
2.312186206918578568e-05
2.240998870955333462e-05
2.169131620713286832e-05
2.096889855336507569e-05
2.024553568529872155e-05
1.952377338661291555e-05
1.880592353735677870e-05
1.809407421439571681e-05
1.739010432431234993e-05
1.669568921336108403e-05
1.601232210187740544e-05
1.534131632764856848e-05
1.468381889330683234e-05
1.404082966920876169e-05
1.341319462506749672e-05
1.280163182293721569e-05
1.220673256670057177e-05
1.162897159201713149e-05
1.106872064859376750e-05
1.052624853179377330e-05
1.000173918875637560e-05
9.495290625330651742e-06
9.006924544865733099e-06
8.536598812014614774e-06
8.084206363572379902e-06
7.649586544307387297e-06
7.232527407176177556e-06
6.832773661046170175e-06
6.450032359270015721e-06
6.083974634681929919e-06
5.734242516772895273e-06
5.400453489212844509e-06
5.082202787597198322e-06
4.779068520023358478e-06
4.490613680586519822e-06
4.216390138433752439e-06
3.955940931477691888e-06
3.708803970826885176e-06
3.474512920313394785e-06
3.252599769059744520e-06
3.042597685211048702e-06
2.844042456593396618e-06
2.656472518302450841e-06
2.479432367567106053e-06
2.312473012518909563e-06
2.155153266917621934e-06
2.007040196620476331e-06
1.867710270871377852e-06
1.736750230135193365e-06
1.613757670508327644e-06
1.498340638807514354e-06
1.390119626842654928e-06
1.288726458642869303e-06
1.193805012192891086e-06
1.105011869700978391e-06
1.022015202199041521e-06
9.444959123215338268e-07
8.721470820823838942e-07
8.046737022941689315e-07
7.417930366305327838e-07
6.832339261305295886e-07
6.287369401939603486e-07
5.780538916442896267e-07
5.309475630090107634e-07
4.871917852348842747e-07
4.465703864117931987e-07
4.088774812948258185e-07
3.739168073750518561e-07
3.415014487960177335e-07
3.114533128036049823e-07
2.836030823342063071e-07
2.577892152537817570e-07
2.338581257140258837e-07
2.116633769081930356e-07
1.910655441871109399e-07
1.719315837687412982e-07
1.541343953442102603e-07
1.375526844889083232e-07
1.220701277684348721e-07
1.075753494855828832e-07
9.396120115642423919e-08
8.112448204637254633e-08
6.896553162456734346e-08
5.738772483626853042e-08
4.629718787720095638e-08
3.560220282948110934e-08
2.521297401417906072e-08
1.504112294183596307e-08
4.999284694550878621e-09
-4.999284694550878621e-09
-1.504112294183596307e-08
-2.521297401417906072e-08
-3.560220282948110934e-08
-4.629718787720095638e-08
-5.738772483626853042e-08
-6.896553162456734346e-08
-8.112448204637254633e-08
-9.396120115642423919e-08
-1.075753494855828832e-07
-1.220701277684348721e-07
-1.375526844889083232e-07
-1.541343953442102603e-07
-1.719315837687412982e-07
-1.910655441871109399e-07
-2.116633769081930356e-07
-2.338581257140258837e-07
-2.577892152537817570e-07
-2.836030823342063071e-07
-3.114533128036049823e-07
-3.415014487960177335e-07
-3.739168073750518031e-07
-4.088774812948258185e-07
-4.465703864117931987e-07
-4.871917852348842747e-07
-5.309475630090107634e-07
-5.780538916442896267e-07
-6.287369401939603486e-07
-6.832339261305295886e-07
-7.417930366305327838e-07
-8.046737022941689315e-07
-8.721470820823838942e-07
-9.444959123215338268e-07
-1.022015202199041521e-06
-1.105011869700978391e-06
-1.193805012192891086e-06
-1.288726458642869303e-06
-1.390119626842654928e-06
-1.498340638807514354e-06
-1.613757670508327644e-06
-1.736750230135193365e-06
-1.867710270871377852e-06
-2.007040196620476331e-06
-2.155153266917622358e-06
-2.312473012518909563e-06
-2.479432367567106053e-06
-2.656472518302450841e-06
-2.844042456593396618e-06
-3.042597685211048702e-06
-3.252599769059744520e-06
-3.474512920313394785e-06
-3.708803970826885176e-06
-3.955940931477691888e-06
-4.216390138433752439e-06
-4.490613680586519822e-06
-4.779068520023358478e-06
-5.082202787597198322e-06
-5.400453489212844509e-06
-5.734242516772895273e-06
-6.083974634681929919e-06
-6.450032359270015721e-06
-6.832773661046170175e-06
-7.232527407176177556e-06
-7.649586544307387297e-06
-8.084206363572379902e-06
-8.536598812014614774e-06
-9.006924544865733099e-06
-9.495290625330651742e-06
-1.000173918875637560e-05
-1.052624853179377330e-05
-1.106872064859376750e-05
-1.162897159201713149e-05
-1.220673256670057177e-05
-1.280163182293721569e-05
-1.341319462506749672e-05
-1.404082966920876169e-05
-1.468381889330683234e-05
-1.534131632764856848e-05
-1.601232210187740544e-05
-1.669568921336108403e-05
-1.739010432431234993e-05
-1.809407421439571681e-05
-1.880592353735677531e-05
-1.952377338661291555e-05
-2.024553568529872155e-05
-2.096889855336507569e-05
-2.169131620713286832e-05
-2.240998870955333462e-05
-2.312186206918578568e-05
-2.382360802812860074e-05
-2.451160838974383968e-05
-2.518194388836825456e-05
-2.583038308540529129e-05
-2.645237581228470061e-05
-2.704301953725174172e-05
-2.759707320524700297e-05
-2.810892819470454414e-05
-2.857259512805423885e-05
-2.898171331635057284e-05
-2.932949925942507851e-05
-2.960878555721695412e-05
-2.981197403590707246e-05
-2.993104089108903631e-05
-2.995751930623551015e-05
-2.988252506179569083e-05
-2.969669411915689183e-05
-2.939022419827326315e-05
-2.895286222594405453e-05
-2.837388058133489153e-05
-2.764209410150352689e-05
-2.674587041483063063e-05
-2.567312005521531101e-05
-2.441127540000754460e-05
-2.294735783414953098e-05
-2.126792983980367973e-05
-1.935913758659282697e-05
-1.720672543403723692e-05
-1.479600315319324229e-05
-1.211196014844240457e-05
-9.139182193613638720e-06
-5.861943423314732259e-06
-2.264208158381928438e-06
1.670318850843319874e-06
5.958198020028314611e-06
1.061616959238987647e-05
1.566117000535087282e-05
2.111022341916493622e-05
2.698045455619201238e-05
3.328897400029211267e-05
4.005291627228061227e-05
4.728928561267717957e-05
5.501496186370536198e-05
6.324660214082642796e-05
7.200056252932337652e-05
8.129292338008594189e-05
9.113922965232231486e-05
1.015546194725311027e-04
1.125535638139765900e-04
1.241499311291485502e-04
1.363567624877126650e-04
1.491863355154523531e-04
1.626498846169157784e-04
1.767577184262164548e-04
1.915189122168109101e-04
2.069413523611967080e-04
2.230316539395231100e-04
2.397948249988167814e-04
2.572345268462564107e-04
2.753526472835748592e-04
2.941493976070057564e-04
3.136230840084433926e-04
3.337701678356475043e-04
3.545848918548431426e-04
3.760594484153469944e-04
3.981838220898165017e-04
4.209455236773703909e-04
4.443297938963309797e-04
4.683191201987121216e-04
4.928936570622944376e-04
5.180305618927371443e-04
5.437045236272961424e-04
5.698872070283799406e-04
5.965475283266859002e-04
6.236513165123172466e-04
6.511615892080488150e-04
6.790380697149623994e-04
7.072376801804183821e-04
7.357142760451118417e-04
7.644184169860617807e-04
7.932979334298588970e-04
8.222971923589234315e-04
8.513578093895279083e-04
8.804183494076633920e-04
9.094144615678546742e-04
9.382787981244728338e-04
9.669411508746489532e-04
9.953289498404501844e-04
1.023366678492584111e-03
1.050976446472373952e-03
1.078077984958432942e-03
1.104588787592184710e-03
1.130424107848101859e-03
1.155497824902988703e-03
1.179721431108735627e-03
1.203005189181445946e-03
1.225257989325458357e-03
1.246387858057328808e-03
1.266301528405911966e-03
1.284905167813806936e-03
1.302104817975035037e-03
1.317805823709352047e-03
1.331913853184238643e-03
1.344335051669835832e-03
1.354975617921482444e-03
1.363743405472984125e-03
1.370546488646918765e-03
1.375294765337529024e-03
1.377899825499749207e-03
1.378274386407494622e-03
1.376334041479639059e-03
1.371996262420197444e-03
1.365181136342516087e-03
1.355811090793450618e-03
1.343812064273505356e-03
1.329112507694218395e-03
1.311644698390127244e-03
1.291343595503084045e-03
1.268148007481314588e-03
1.242000312507927570e-03
1.212846321923873039e-03
1.180635720084563132e-03
1.145321779146498981e-03
1.106861649551540375e-03
1.065216069076451713e-03
1.020349501727827075e-03
9.722298379540467725e-04
9.208286665904933613e-04
8.661209595253414060e-04
8.080848883416769492e-04
7.467020567269425004e-04
6.819561168459300137e-04
6.138342406835449851e-04
5.423257938672735364e-04
4.674219550148534766e-04
3.891156904961799181e-04
3.074006476356891545e-04
2.222717816162260473e-04
1.337240229401327805e-04
4.175325534396932164e-05
-5.364176509904506300e-05
-1.524525695575202570e-04
-2.546476752698607969e-04
-3.601448207362520316e-04
-4.687608917079020480e-04
-5.801294235339028021e-04
-6.935708794738064051e-04
-8.079098492322134067e-04
-9.212386396951184955e-04
-1.030646462638117348e-03
-1.131960042002864292e-03
-1.219571875453219706e-03
-1.286455851783097114e-03
-1.324473756602144491e-03
-1.325048787555528282e-03
-1.280211646798252393e-03
-1.183923030671959467e-03
-1.033462816045998536e-03
-8.305938700238355487e-04
-5.821870007812621683e-04
-3.000675248180311003e-04
