3.476938163452956802e-20
4.495666396328774645e-05
8.793420630854975443e-05
1.271245376809695699e-04
1.610363291476605782e-04
1.885955801672333258e-04
2.091904858002096245e-04
2.226606624201685626e-04
2.292403513728315950e-04
2.294710273175305879e-04
2.241011613800393109e-04
2.139888621692915790e-04
2.000186093715884217e-04
1.830384463611342842e-04
1.638190887785918436e-04
1.430321563929461961e-04
1.212440760629230566e-04
9.891995560162966574e-05
7.643392629244729123e-05
5.408203926273003168e-05
3.209534059002450981e-05
1.065232930961380240e-05
-1.011073916484652283e-05
-3.009095147017626576e-05
-4.921181737192533855e-05
-6.741773455118135023e-05
-8.466964024077022928e-05
-1.009418053232860520e-04
-1.162189822422293701e-04
-1.304947636315411535e-04
-1.437697982049948836e-04
-1.560505598722487937e-04
-1.673484736774141031e-04
-1.776790839753613098e-04
-1.870614467521404664e-04
-1.955175953130811170e-04
-2.030720059609937122e-04
-2.097514554895560303e-04
-2.155845435174865527e-04
-2.206013948859744894e-04
-2.248333263296791471e-04
-2.283129977008479009e-04
-2.310736203189508976e-04
-2.331493051641993978e-04
-2.345744377154999210e-04
-2.353839115912834763e-04
-2.356125907119568138e-04
-2.352954662017336604e-04
-2.344672913233970769e-04
-2.331625420384647596e-04
-2.314153354895798892e-04
-2.292592599271446358e-04
-2.267271843891866987e-04
-2.238514834760540410e-04
-2.206634613983390891e-04
-2.171937179949868623e-04
-2.134718740593260459e-04
-2.095264355289114917e-04
-2.053848651746886702e-04
-2.010735635061390667e-04
-1.966177128990551960e-04
-1.920413976435813653e-04
-1.873673576664049807e-04
-1.826172014553997423e-04
-1.778112983559997052e-04
-1.729687171067243042e-04
-1.681073252153250154e-04
-1.632437739076125370e-04
-1.583934603268958771e-04
-1.535706504018237700e-04
-1.487883839259689913e-04
-1.440585516793457560e-04
-1.393919725472735570e-04
-1.347983215293014399e-04
-1.302863099459256068e-04
-1.258635903345677260e-04
-1.215367873489267754e-04
-1.173117807731711754e-04
-1.131934150118093271e-04
-1.091857358596605784e-04
-1.052920435873553717e-04
-1.015148540639912997e-04
-9.785606604530159896e-05
-9.431685300820731859e-05
-9.089772673431177445e-05
-8.759888730661928981e-05
-8.441973575930942770e-05
-8.135940701857009773e-05
-7.841644829506982408e-05
-7.558925976392868063e-05
-7.287564630020502737e-05
-7.027330924598950280e-05
-6.777950084329323289e-05
-6.539144670598743788e-05
-6.310598257135405958e-05
-6.091994763793764093e-05
-5.882988966707879239e-05
-5.683240628450607275e-05
-5.492387259760492707e-05
-5.310070756169599118e-05
-5.135932481972272837e-05
-4.969602029656781174e-05
-4.810716923180419408e-05
-4.658918798191999188e-05
-4.513848993930796925e-05
-4.375159038028970807e-05
-4.242506784479278684e-05
-4.115556266006387386e-05
-3.993983555059295993e-05
-3.877475733955319012e-05
-3.765727275043541210e-05
-3.658447305249413637e-05
-3.555355395239704524e-05
-3.456184507612353684e-05
-3.360681357882342758e-05
-3.268602755508675758e-05
-3.179722259173797040e-05
-3.093822493000962325e-05
-3.010702078161569110e-05
-2.930172526491466294e-05
-2.852053696738902517e-05
-2.776184154199100030e-05
-2.702409740005562555e-05
-2.630590197936882236e-05
-2.560594618442084891e-05
-2.492305480598406650e-05
-2.425614378578400910e-05
-2.360422906490500014e-05
-2.296642681687232864e-05
-2.234193073377459206e-05
-2.173003230195826496e-05
-2.113009520034937980e-05
-2.054156122447493892e-05
-1.996395190335723308e-05
-1.939682424284222434e-05
-1.883982393270605576e-05
-1.829263678082408852e-05
-1.775500607867426159e-05
-1.722671269660360760e-05
-1.670758384409720145e-05
-1.619747746101655252e-05
-1.569629240787935324e-05
-1.520394998762762556e-05
-1.472040413363808366e-05
-1.424561146266313775e-05
-1.377956152825702659e-05
-1.332226407255567100e-05
-1.287372767715030558e-05
-1.243397711403940702e-05
-1.200303629506335145e-05
-1.158094418784644239e-05
-1.116773418001780435e-05
-1.076344712642969409e-05
-1.036811501125429054e-05
-9.981771842701465264e-06
-9.604443045862707374e-06
-9.236154921095125222e-06
-8.876923316946539797e-06
-8.526755918217700819e-06
-8.185655965438756786e-06
-7.853617372089351375e-06
-7.530621989667552157e-06
-7.216644037265473725e-06
-6.911650945316900934e-06
-6.615594163279545359e-06
-6.328422181843006300e-06
-6.050069185259853852e-06
-5.780461259612964010e-06
-5.519514714749008429e-06
-5.267137628390196373e-06
-5.023228162241692294e-06
-4.787676458533083431e-06
-4.560363666829973397e-06
-4.341164192889558828e-06
-4.129945794435338449e-06
-3.926567523846571158e-06
-3.730883759607312238e-06
-3.542743217957516478e-06
-3.361987961536988408e-06
-3.188457063478078781e-06
-3.021984176750214772e-06
-2.862400654871468099e-06
-2.709533294630702349e-06
-2.563206913581493054e-06
-2.423244953880786210e-06
-2.289468112525853095e-06
-2.161696910671714917e-06
-2.039750676930293058e-06
-1.923448678168308680e-06
-1.812610710312445372e-06
-1.707056432546625157e-06
-1.606607386719946352e-06
-1.511085610239436862e-06
-1.420315292654466753e-06
-1.334122638401724882e-06
-1.252335727486713774e-06
-1.174785717951845573e-06
-1.101306075548829766e-06
-1.031733593266252100e-06
-9.659077965439093399e-07
-9.036721384823153482e-07
-8.448734017070314472e-07
-7.893614570010052826e-07
-7.369908569277008367e-07
-6.876196060783253079e-07
-6.411094528905902125e-07
-5.973264937006031320e-07
-5.561407453102820965e-07
-5.174262538708104940e-07
-4.810612922133756687e-07
-4.469281529641115475e-07
-4.149132093863212401e-07
-3.849071096242798706e-07
-3.568042085466211023e-07
-3.305031633202617683e-07
-3.059063635456187145e-07
-2.829203236472769575e-07
-2.614551562734400406e-07
-2.414247840723470331e-07
-2.227467476736684754e-07
-2.053423489910527467e-07
-1.891361668409828824e-07
-1.740562215021723382e-07
-1.600338588019439574e-07
-1.470035441298453309e-07
-1.349028351643415548e-07
-1.236722533874706310e-07
-1.132551999908008135e-07
-1.035977258300848046e-07
-9.464856978501720598e-08
-8.635899522513785772e-08
-7.868259817558782705e-08
-7.157526077528991259e-08
-6.499502608461444462e-08
-5.890202304042087316e-08
-5.325821761355026008e-08
-4.802747730569741373e-08
-4.317528551147573919e-08
-3.866877205138774238e-08
-3.447648878473125914e-08
-3.056839224041981215e-08
-2.691559655123412093e-08
-2.349042581717384511e-08
-2.026619340467211436e-08
-1.721712812430394685e-08
-1.431825553003426459e-08
-1.154530223983701717e-08
-8.874574296445666138e-09
-6.282861370066660890e-09
-3.747321670625499127e-09
-1.245380124089570000e-09
1.245380124089570000e-09
3.747321670625499127e-09
6.282861370066660890e-09
8.874574296445666138e-09
1.154530223983701717e-08
1.431825553003426459e-08
1.721712812430394685e-08
2.026619340467211436e-08
2.349042581717384511e-08
2.691559655123412093e-08
3.056839224041981215e-08
3.447648878473125914e-08
3.866877205138774238e-08
4.317528551147573919e-08
4.802747730569741373e-08
5.325821761355026008e-08
5.890202304042087316e-08
6.499502608461444462e-08
7.157526077528992582e-08
7.868259817558782705e-08
8.635899522513784449e-08
9.464856978501720598e-08
1.035977258300848046e-07
1.132551999908008135e-07
1.236722533874706310e-07
1.349028351643415548e-07
1.470035441298453309e-07
1.600338588019439574e-07
1.740562215021723382e-07
1.891361668409828824e-07
2.053423489910527467e-07
2.227467476736684754e-07
2.414247840723470331e-07
2.614551562734400406e-07
2.829203236472769575e-07
3.059063635456187145e-07
3.305031633202617683e-07
3.568042085466211023e-07
3.849071096242798706e-07
4.149132093863212401e-07
4.469281529641115475e-07
4.810612922133756687e-07
5.174262538708104940e-07
5.561407453102820965e-07
5.973264937006031320e-07
6.411094528905902125e-07
6.876196060783253079e-07
7.369908569277008367e-07
7.893614570010052826e-07
8.448734017070314472e-07
9.036721384823153482e-07
9.659077965439093399e-07
1.031733593266252100e-06
1.101306075548829766e-06
1.174785717951845573e-06
1.252335727486713774e-06
1.334122638401724882e-06
1.420315292654466753e-06
1.511085610239437285e-06
1.606607386719946352e-06
1.707056432546625157e-06
1.812610710312445372e-06
1.923448678168308680e-06
2.039750676930293058e-06
2.161696910671714917e-06
2.289468112525853095e-06
2.423244953880786210e-06
2.563206913581493054e-06
2.709533294630702349e-06
2.862400654871468099e-06
3.021984176750214772e-06
3.188457063478079628e-06
3.361987961536988408e-06
3.542743217957516478e-06
3.730883759607312238e-06
3.926567523846571158e-06
4.129945794435338449e-06
4.341164192889558828e-06
4.560363666829973397e-06
4.787676458533083431e-06
5.023228162241692294e-06
5.267137628390196373e-06
5.519514714749008429e-06
5.780461259612964010e-06
6.050069185259853852e-06
6.328422181843006300e-06
6.615594163279545359e-06
6.911650945316900934e-06
7.216644037265473725e-06
7.530621989667552157e-06
7.853617372089351375e-06
8.185655965438756786e-06
8.526755918217700819e-06
8.876923316946539797e-06
9.236154921095125222e-06
9.604443045862707374e-06
9.981771842701465264e-06
1.036811501125429054e-05
1.076344712642969409e-05
1.116773418001780435e-05
1.158094418784644239e-05
1.200303629506335145e-05
1.243397711403940702e-05
1.287372767715030219e-05
1.332226407255567100e-05
1.377956152825702659e-05
1.424561146266313775e-05
1.472040413363808366e-05
1.520394998762762556e-05
1.569629240787935324e-05
1.619747746101655252e-05
1.670758384409720145e-05
1.722671269660360760e-05
1.775500607867426159e-05
1.829263678082408852e-05
1.883982393270605576e-05
1.939682424284222434e-05
1.996395190335723308e-05
2.054156122447493892e-05
2.113009520034937980e-05
2.173003230195826496e-05
2.234193073377459206e-05
2.296642681687232864e-05
2.360422906490500014e-05
2.425614378578400910e-05
2.492305480598405973e-05
2.560594618442084891e-05
2.630590197936882236e-05
2.702409740005562555e-05
2.776184154199100030e-05
2.852053696738902517e-05
2.930172526491466294e-05
3.010702078161569110e-05
3.093822493000962325e-05
3.179722259173797040e-05
3.268602755508675758e-05
3.360681357882342758e-05
3.456184507612353684e-05
3.555355395239704524e-05
3.658447305249413637e-05
3.765727275043541210e-05
3.877475733955319012e-05
3.993983555059295993e-05
4.115556266006387386e-05
4.242506784479278684e-05
4.375159038028970807e-05
4.513848993930796925e-05
4.658918798191999188e-05
4.810716923180419408e-05
4.969602029656781174e-05
5.135932481972272837e-05
5.310070756169599118e-05
5.492387259760492707e-05
5.683240628450607275e-05
5.882988966707879239e-05
6.091994763793764093e-05
6.310598257135405958e-05
6.539144670598745143e-05
6.777950084329323289e-05
7.027330924598951636e-05
7.287564630020502737e-05
7.558925976392868063e-05
7.841644829506981052e-05
8.135940701857009773e-05
8.441973575930942770e-05
8.759888730661930336e-05
9.089772673431177445e-05
9.431685300820733214e-05
9.785606604530159896e-05
1.015148540639912997e-04
1.052920435873553717e-04
1.091857358596605784e-04
1.131934150118093271e-04
1.173117807731711754e-04
1.215367873489267754e-04
1.258635903345677260e-04
1.302863099459256068e-04
1.347983215293014399e-04
1.393919725472735570e-04
1.440585516793457560e-04
1.487883839259689913e-04
1.535706504018237429e-04
1.583934603268958771e-04
1.632437739076125370e-04
1.681073252153249882e-04
1.729687171067243042e-04
1.778112983559997052e-04
1.826172014553997423e-04
1.873673576664049807e-04
1.920413976435813653e-04
1.966177128990552231e-04
2.010735635061390667e-04
2.053848651746886702e-04
2.095264355289114917e-04
2.134718740593260459e-04
2.171937179949868623e-04
2.206634613983390891e-04
2.238514834760540410e-04
2.267271843891866987e-04
2.292592599271446358e-04
2.314153354895798892e-04
2.331625420384647596e-04
2.344672913233970769e-04
2.352954662017336604e-04
2.356125907119568680e-04
2.353839115912834763e-04
2.345744377154999752e-04
2.331493051641993978e-04
2.310736203189508976e-04
2.283129977008479009e-04
2.248333263296791200e-04
2.206013948859744894e-04
2.155845435174865527e-04
2.097514554895560845e-04
2.030720059609937122e-04
1.955175953130811712e-04
1.870614467521404664e-04
1.776790839753613369e-04
1.673484736774141573e-04
1.560505598722487937e-04
1.437697982049948836e-04
1.304947636315411535e-04
1.162189822422294243e-04
1.009418053232860520e-04
8.466964024077018862e-05
6.741773455118135023e-05
4.921181737192533855e-05
3.009095147017626576e-05
1.011073916484652283e-05
-1.065232930961371769e-05
-3.209534059002455047e-05
-5.408203926273003168e-05
-7.643392629244729123e-05
-9.891995560162971995e-05
-1.212440760629230566e-04
-1.430321563929461419e-04
-1.638190887785918436e-04
-1.830384463611343655e-04
-2.000186093715884217e-04
-2.139888621692915790e-04
-2.241011613800392838e-04
-2.294710273175305879e-04
-2.292403513728315950e-04
-2.226606624201686439e-04
-2.091904858002096245e-04
-1.885955801672333529e-04
-1.610363291476606324e-04
-1.271245376809695699e-04
-8.793420630854976799e-05
-4.495666396328774645e-05
3.476938163452956802e-20
4.495666396328774645e-05
8.793420630854975443e-05
1.271245376809695699e-04
1.610363291476605782e-04
1.885955801672333258e-04
2.091904858002096245e-04
2.226606624201685626e-04
2.292403513728315950e-04
2.294710273175305879e-04
2.241011613800393109e-04
2.139888621692915790e-04
2.000186093715884217e-04
1.830384463611342842e-04
1.638190887785918436e-04
1.430321563929461961e-04
1.212440760629230566e-04
9.891995560162966574e-05
7.643392629244729123e-05
5.408203926273003168e-05
3.209534059002450981e-05
1.065232930961380240e-05
-1.011073916484652283e-05
-3.009095147017626576e-05
-4.921181737192533855e-05
-6.741773455118135023e-05
-8.466964024077022928e-05
-1.009418053232860520e-04
-1.162189822422293701e-04
-1.304947636315411535e-04
-1.437697982049948836e-04
-1.560505598722487937e-04
-1.673484736774141031e-04
-1.776790839753613098e-04
-1.870614467521404664e-04
-1.955175953130811170e-04
-2.030720059609937122e-04
-2.097514554895560303e-04
-2.155845435174865527e-04
-2.206013948859744894e-04
-2.248333263296791471e-04
-2.283129977008479009e-04
-2.310736203189508976e-04
-2.331493051641993978e-04
-2.345744377154999210e-04
-2.353839115912834763e-04
-2.356125907119568138e-04
-2.352954662017336604e-04
-2.344672913233970769e-04
-2.331625420384647596e-04
-2.314153354895798892e-04
-2.292592599271446358e-04
-2.267271843891866987e-04
-2.238514834760540410e-04
-2.206634613983390891e-04
-2.171937179949868623e-04
-2.134718740593260459e-04
-2.095264355289114917e-04
-2.053848651746886702e-04
-2.010735635061390667e-04
-1.966177128990551960e-04
-1.920413976435813653e-04
-1.873673576664049807e-04
-1.826172014553997423e-04
-1.778112983559997052e-04
-1.729687171067243042e-04
-1.681073252153250154e-04
-1.632437739076125370e-04
-1.583934603268958771e-04
-1.535706504018237700e-04
-1.487883839259689913e-04
-1.440585516793457560e-04
-1.393919725472735570e-04
-1.347983215293014399e-04
-1.302863099459256068e-04
-1.258635903345677260e-04
-1.215367873489267754e-04
-1.173117807731711754e-04
-1.131934150118093271e-04
-1.091857358596605784e-04
-1.052920435873553717e-04
-1.015148540639912997e-04
-9.785606604530159896e-05
-9.431685300820731859e-05
-9.089772673431177445e-05
-8.759888730661928981e-05
-8.441973575930942770e-05
-8.135940701857009773e-05
-7.841644829506982408e-05
-7.558925976392868063e-05
-7.287564630020502737e-05
-7.027330924598950280e-05
-6.777950084329323289e-05
-6.539144670598743788e-05
-6.310598257135405958e-05
-6.091994763793764093e-05
-5.882988966707879239e-05
-5.683240628450607275e-05
-5.492387259760492707e-05
-5.310070756169599118e-05
-5.135932481972272837e-05
-4.969602029656781174e-05
-4.810716923180419408e-05
-4.658918798191999188e-05
-4.513848993930796925e-05
-4.375159038028970807e-05
-4.242506784479278684e-05
-4.115556266006387386e-05
-3.993983555059295993e-05
-3.877475733955319012e-05
-3.765727275043541210e-05
-3.658447305249413637e-05
-3.555355395239704524e-05
-3.456184507612353684e-05
-3.360681357882342758e-05
-3.268602755508675758e-05
-3.179722259173797040e-05
-3.093822493000962325e-05
-3.010702078161569110e-05
-2.930172526491466294e-05
-2.852053696738902517e-05
-2.776184154199100030e-05
-2.702409740005562555e-05
-2.630590197936882236e-05
-2.560594618442084891e-05
-2.492305480598406650e-05
-2.425614378578400910e-05
-2.360422906490500014e-05
-2.296642681687232864e-05
-2.234193073377459206e-05
-2.173003230195826496e-05
-2.113009520034937980e-05
-2.054156122447493892e-05
-1.996395190335723308e-05
-1.939682424284222434e-05
-1.883982393270605576e-05
-1.829263678082408852e-05
-1.775500607867426159e-05
-1.722671269660360760e-05
-1.670758384409720145e-05
-1.619747746101655252e-05
-1.569629240787935324e-05
-1.520394998762762556e-05
-1.472040413363808366e-05
-1.424561146266313775e-05
-1.377956152825702659e-05
-1.332226407255567100e-05
-1.287372767715030558e-05
-1.243397711403940702e-05
-1.200303629506335145e-05
-1.158094418784644239e-05
-1.116773418001780435e-05
-1.076344712642969409e-05
-1.036811501125429054e-05
-9.981771842701465264e-06
-9.604443045862707374e-06
-9.236154921095125222e-06
-8.876923316946539797e-06
-8.526755918217700819e-06
-8.185655965438756786e-06
-7.853617372089351375e-06
-7.530621989667552157e-06
-7.216644037265473725e-06
-6.911650945316900934e-06
-6.615594163279545359e-06
-6.328422181843006300e-06
-6.050069185259853852e-06
-5.780461259612964010e-06
-5.519514714749008429e-06
-5.267137628390196373e-06
-5.023228162241692294e-06
-4.787676458533083431e-06
-4.560363666829973397e-06
-4.341164192889558828e-06
-4.129945794435338449e-06
-3.926567523846571158e-06
-3.730883759607312238e-06
-3.542743217957516478e-06
-3.361987961536988408e-06
-3.188457063478078781e-06
-3.021984176750214772e-06
-2.862400654871468099e-06
-2.709533294630702349e-06
-2.563206913581493054e-06
-2.423244953880786210e-06
-2.289468112525853095e-06
-2.161696910671714917e-06
-2.039750676930293058e-06
-1.923448678168308680e-06
-1.812610710312445372e-06
-1.707056432546625157e-06
-1.606607386719946352e-06
-1.511085610239436862e-06
-1.420315292654466753e-06
-1.334122638401724882e-06
-1.252335727486713774e-06
-1.174785717951845573e-06
-1.101306075548829766e-06
-1.031733593266252100e-06
-9.659077965439093399e-07
-9.036721384823153482e-07
-8.448734017070314472e-07
-7.893614570010052826e-07
-7.369908569277008367e-07
-6.876196060783253079e-07
-6.411094528905902125e-07
-5.973264937006031320e-07
-5.561407453102820965e-07
-5.174262538708104940e-07
-4.810612922133756687e-07
-4.469281529641115475e-07
-4.149132093863212401e-07
-3.849071096242798706e-07
-3.568042085466211023e-07
-3.305031633202617683e-07
-3.059063635456187145e-07
-2.829203236472769575e-07
-2.614551562734400406e-07
-2.414247840723470331e-07
-2.227467476736684754e-07
-2.053423489910527467e-07
-1.891361668409828824e-07
-1.740562215021723382e-07
-1.600338588019439574e-07
-1.470035441298453309e-07
-1.349028351643415548e-07
-1.236722533874706310e-07
-1.132551999908008135e-07
-1.035977258300848046e-07
-9.464856978501720598e-08
-8.635899522513785772e-08
-7.868259817558782705e-08
-7.157526077528991259e-08
-6.499502608461444462e-08
-5.890202304042087316e-08
-5.325821761355026008e-08
-4.802747730569741373e-08
-4.317528551147573919e-08
-3.866877205138774238e-08
-3.447648878473125914e-08
-3.056839224041981215e-08
-2.691559655123412093e-08
-2.349042581717384511e-08
-2.026619340467211436e-08
-1.721712812430394685e-08
-1.431825553003426459e-08
-1.154530223983701717e-08
-8.874574296445666138e-09
-6.282861370066660890e-09
-3.747321670625499127e-09
-1.245380124089570000e-09
1.245380124089570000e-09
3.747321670625499127e-09
6.282861370066660890e-09
8.874574296445666138e-09
1.154530223983701717e-08
1.431825553003426459e-08
1.721712812430394685e-08
2.026619340467211436e-08
2.349042581717384511e-08
2.691559655123412093e-08
3.056839224041981215e-08
3.447648878473125914e-08
3.866877205138774238e-08
4.317528551147573919e-08
4.802747730569741373e-08
5.325821761355026008e-08
5.890202304042087316e-08
6.499502608461444462e-08
7.157526077528992582e-08
7.868259817558782705e-08
8.635899522513784449e-08
9.464856978501720598e-08
1.035977258300848046e-07
1.132551999908008135e-07
1.236722533874706310e-07
1.349028351643415548e-07
1.470035441298453309e-07
1.600338588019439574e-07
1.740562215021723382e-07
1.891361668409828824e-07
2.053423489910527467e-07
2.227467476736684754e-07
2.414247840723470331e-07
2.614551562734400406e-07
2.829203236472769575e-07
3.059063635456187145e-07
3.305031633202617683e-07
3.568042085466211023e-07
3.849071096242798706e-07
4.149132093863212401e-07
4.469281529641115475e-07
4.810612922133756687e-07
5.174262538708104940e-07
5.561407453102820965e-07
5.973264937006031320e-07
6.411094528905902125e-07
6.876196060783253079e-07
7.369908569277008367e-07
7.893614570010052826e-07
8.448734017070314472e-07
9.036721384823153482e-07
9.659077965439093399e-07
1.031733593266252100e-06
1.101306075548829766e-06
1.174785717951845573e-06
1.252335727486713774e-06
1.334122638401724882e-06
1.420315292654466753e-06
1.511085610239437285e-06
1.606607386719946352e-06
1.707056432546625157e-06
1.812610710312445372e-06
1.923448678168308680e-06
2.039750676930293058e-06
2.161696910671714917e-06
2.289468112525853095e-06
2.423244953880786210e-06
2.563206913581493054e-06
2.709533294630702349e-06
2.862400654871468099e-06
3.021984176750214772e-06
3.188457063478079628e-06
3.361987961536988408e-06
3.542743217957516478e-06
3.730883759607312238e-06
3.926567523846571158e-06
4.129945794435338449e-06
4.341164192889558828e-06
4.560363666829973397e-06
4.787676458533083431e-06
5.023228162241692294e-06
5.267137628390196373e-06
5.519514714749008429e-06
5.780461259612964010e-06
6.050069185259853852e-06
6.328422181843006300e-06
6.615594163279545359e-06
6.911650945316900934e-06
7.216644037265473725e-06
7.530621989667552157e-06
7.853617372089351375e-06
8.185655965438756786e-06
8.526755918217700819e-06
8.876923316946539797e-06
9.236154921095125222e-06
9.604443045862707374e-06
9.981771842701465264e-06
1.036811501125429054e-05
1.076344712642969409e-05
1.116773418001780435e-05
1.158094418784644239e-05
1.200303629506335145e-05
1.243397711403940702e-05
1.287372767715030219e-05
1.332226407255567100e-05
1.377956152825702659e-05
1.424561146266313775e-05
1.472040413363808366e-05
1.520394998762762556e-05
1.569629240787935324e-05
1.619747746101655252e-05
1.670758384409720145e-05
1.722671269660360760e-05
1.775500607867426159e-05
1.829263678082408852e-05
1.883982393270605576e-05
1.939682424284222434e-05
1.996395190335723308e-05
2.054156122447493892e-05
2.113009520034937980e-05
2.173003230195826496e-05
2.234193073377459206e-05
2.296642681687232864e-05
2.360422906490500014e-05
2.425614378578400910e-05
2.492305480598405973e-05
2.560594618442084891e-05
2.630590197936882236e-05
2.702409740005562555e-05
2.776184154199100030e-05
2.852053696738902517e-05
2.930172526491466294e-05
3.010702078161569110e-05
3.093822493000962325e-05
3.179722259173797040e-05
3.268602755508675758e-05
3.360681357882342758e-05
3.456184507612353684e-05
3.555355395239704524e-05
3.658447305249413637e-05
3.765727275043541210e-05
3.877475733955319012e-05
3.993983555059295993e-05
4.115556266006387386e-05
4.242506784479278684e-05
4.375159038028970807e-05
4.513848993930796925e-05
4.658918798191999188e-05
4.810716923180419408e-05
4.969602029656781174e-05
5.135932481972272837e-05
5.310070756169599118e-05
5.492387259760492707e-05
5.683240628450607275e-05
5.882988966707879239e-05
6.091994763793764093e-05
6.310598257135405958e-05
6.539144670598745143e-05
6.777950084329323289e-05
7.027330924598951636e-05
7.287564630020502737e-05
7.558925976392868063e-05
7.841644829506981052e-05
8.135940701857009773e-05
8.441973575930942770e-05
8.759888730661930336e-05
9.089772673431177445e-05
9.431685300820733214e-05
9.785606604530159896e-05
1.015148540639912997e-04
1.052920435873553717e-04
1.091857358596605784e-04
1.131934150118093271e-04
1.173117807731711754e-04
1.215367873489267754e-04
1.258635903345677260e-04
1.302863099459256068e-04
1.347983215293014399e-04
1.393919725472735570e-04
1.440585516793457560e-04
1.487883839259689913e-04
1.535706504018237429e-04
1.583934603268958771e-04
1.632437739076125370e-04
1.681073252153249882e-04
1.729687171067243042e-04
1.778112983559997052e-04
1.826172014553997423e-04
1.873673576664049807e-04
1.920413976435813653e-04
1.966177128990552231e-04
2.010735635061390667e-04
2.053848651746886702e-04
2.095264355289114917e-04
2.134718740593260459e-04
2.171937179949868623e-04
2.206634613983390891e-04
2.238514834760540410e-04
2.267271843891866987e-04
2.292592599271446358e-04
2.314153354895798892e-04
2.331625420384647596e-04
2.344672913233970769e-04
2.352954662017336604e-04
2.356125907119568680e-04
2.353839115912834763e-04
2.345744377154999752e-04
2.331493051641993978e-04
2.310736203189508976e-04
2.283129977008479009e-04
2.248333263296791200e-04
2.206013948859744894e-04
2.155845435174865527e-04
2.097514554895560845e-04
2.030720059609937122e-04
1.955175953130811712e-04
1.870614467521404664e-04
1.776790839753613369e-04
1.673484736774141573e-04
1.560505598722487937e-04
1.437697982049948836e-04
1.304947636315411535e-04
1.162189822422294243e-04
1.009418053232860520e-04
8.466964024077018862e-05
6.741773455118135023e-05
4.921181737192533855e-05
3.009095147017626576e-05
1.011073916484652283e-05
-1.065232930961371769e-05
-3.209534059002455047e-05
-5.408203926273003168e-05
-7.643392629244729123e-05
-9.891995560162971995e-05
-1.212440760629230566e-04
-1.430321563929461419e-04
-1.638190887785918436e-04
-1.830384463611343655e-04
-2.000186093715884217e-04
-2.139888621692915790e-04
-2.241011613800392838e-04
-2.294710273175305879e-04
-2.292403513728315950e-04
-2.226606624201686439e-04
-2.091904858002096245e-04
-1.885955801672333529e-04
-1.610363291476606324e-04
-1.271245376809695699e-04
-8.793420630854976799e-05
-4.495666396328774645e-05
