-2.405047706804119319e-21
4.927421269758469304e-06
9.774247583003791185e-06
1.446446661961926864e-05
1.893066507109297193e-05
2.311702064282880823e-05
2.698101425048712390e-05
3.049383360216074301e-05
3.363962326335959087e-05
3.641390683354617377e-05
3.882151662836124583e-05
4.087439349391043118e-05
4.258949104470113189e-05
4.398696957255527430e-05
4.508874575286979603e-05
4.591740126190798585e-05
4.649539949335463083e-05
4.684457914766030392e-05
4.698581788721518720e-05
4.693885245471787499e-05
4.672218892170547301e-05
4.635307588465360394e-05
4.584751204552521949e-05
4.522030564872360655e-05
4.448510817868252915e-05
4.365450111640913685e-05
4.274005026729654479e-05
4.175237497777336946e-05
4.070122412345260739e-05
3.959553332189274800e-05
3.844347854886096341e-05
3.725254280727548846e-05
3.602957081789912979e-05
3.478079651135675132e-05
3.351191595325142889e-05
3.222811708997916867e-05
3.093409880320252981e-05
2.963415688057315610e-05
2.833216435450380127e-05
2.703163770524342834e-05
2.573575861106601101e-05
2.444739076598560434e-05
2.316912339250990193e-05
2.190327918742942452e-05
2.065194914063365811e-05
1.941699769919362834e-05
1.820009283676230370e-05
1.700272743857243976e-05
1.582621059713267288e-05
1.467171061608984397e-05
1.354025808162680657e-05
1.243274994469493241e-05
1.134995971996569364e-05
1.029256678672597409e-05
9.261136787153759220e-06
8.256162132561535515e-06
7.278031534391521355e-06
6.327074110425193866e-06
5.403541955302334708e-06
4.507617947291602775e-06
3.639435939549918217e-06
2.799061778678151164e-06
1.986524058783440446e-06
1.201798611504859396e-06
4.448169991169018774e-07
-2.845382275397541758e-07
-9.863984454723182395e-07
-1.660950128841002703e-06
-2.308396012819809027e-06
-2.928986735451596131e-06
-3.522983903191978464e-06
-4.090683566376012707e-06
-4.632389720466535458e-06
-5.148449621515413642e-06
-5.639214733439949885e-06
-6.105059164681548008e-06
-6.546379614976369447e-06
-6.963576822004343276e-06
-7.357077266342508520e-06
-7.727317724234529904e-06
-8.074744261030881445e-06
-8.399814190707979405e-06
-8.702996694208415437e-06
-8.984766356442746102e-06
-9.245619716347578266e-06
-9.486043155961767216e-06
-9.706541058706015317e-06
-9.907618162844780094e-06
-1.008978490682019601e-05
-1.025355996145288257e-05
-1.039946564475412404e-05
-1.052801334873003945e-05
-1.063974204254692304e-05
-1.073517511247767626e-05
-1.081483313837673730e-05
-1.087924813590810209e-05
-1.092894772776693381e-05
-1.096445940906252992e-05
-1.098631053727410723e-05
-1.099501974446651633e-05
-1.099110700359443988e-05
-1.097509367969273553e-05
-1.094749113078825692e-05
-1.090880652413960290e-05
-1.085954723252409336e-05
-1.080021234222285907e-05
-1.073129277182312650e-05
-1.065327570050842949e-05
-1.056664470450574742e-05
-1.047186986717595047e-05
-1.036942082912687987e-05
-1.025975260971477293e-05
-1.014331651687159873e-05
-1.002055242689256461e-05
-9.891894684156574770e-06
-9.757766536260967184e-06
-9.618578154287952094e-06
-9.474738271196132721e-06
-9.326637870288952728e-06
-9.174662541158734794e-06
-9.019184768323723067e-06
-8.860566252809740946e-06
-8.699161666145957474e-06
-8.535308786139738141e-06
-8.369340848236668217e-06
-8.201573094525626699e-06
-8.032316554612306422e-06
-7.861866740381884071e-06
-7.690508105329519920e-06
-7.518517067932762279e-06
-7.346153565376983953e-06
-7.173671238144171451e-06
-7.001310411266966110e-06
-6.829299672700030871e-06
-6.657857448548809630e-06
-6.487189991682538431e-06
-6.317495817224003412e-06
-6.148959384511184344e-06
-5.981756242638320148e-06
-5.816052439190388493e-06
-5.652002492251952902e-06
-5.489750942459081338e-06
-5.329431393303612199e-06
-5.171170923201230691e-06
-5.015084819022661251e-06
-4.861280264839447691e-06
-4.709854652276249458e-06
-4.560898187708629582e-06
-4.414490046116992548e-06
-4.270704196979724907e-06
-4.129604835160610248e-06
-3.991249692225879391e-06
-3.855687611287914381e-06
-3.722961493998629553e-06
-3.593106944544350538e-06
-3.466153777518846526e-06
-3.342123939598922452e-06
-3.221035161947223940e-06
-3.102898159814892034e-06
-2.987719204657515671e-06
-2.875498393624719655e-06
-2.766231679158981431e-06
-2.659909133610380126e-06
-2.556518407455695219e-06
-2.456041376767557993e-06
-2.358456880272286174e-06
-2.263739154175617851e-06
-2.171860565003741244e-06
-2.082789323660937384e-06
-1.996490422609066718e-06
-1.912926929505610584e-06
-1.832059128976793705e-06
-1.753845275167781620e-06
-1.678241088403905597e-06
-1.605200504409857461e-06
-1.534676421952922881e-06
-1.466619926019945015e-06
-1.400980226215711407e-06
-1.337706385461749524e-06
-1.276745822277536466e-06
-1.218045588908057027e-06
-1.161551856503465245e-06
-1.107210026203073940e-06
-1.054965914099583418e-06
-1.004764247552477563e-06
-9.565502063522548294e-07
-9.102687232528556774e-07
-8.658648585701899089e-07
-8.232839051114024895e-07
-7.824714922323598289e-07
-7.433736442711551010e-07
-7.059366142262588383e-07
-6.701077469103186823e-07
-6.358342809256836202e-07
-6.030647031360828991e-07
-5.717480420291501747e-07
-5.418341011075403375e-07
-5.132735125247450345e-07
-4.860177901662344882e-07
-4.600194717901841186e-07
-4.352318127442509209e-07
-4.116094198561379968e-07
-3.891074515149776483e-07
-3.676824746584257574e-07
-3.472918432058671724e-07
-3.278942183281103431e-07
-3.094490357368228452e-07
-2.919169804744106993e-07
-2.752597671044469375e-07
-2.594402331550291554e-07
-2.444222531139687937e-07
-2.301706969556770584e-07
-2.166516123861782245e-07
-2.038319589322096026e-07
-1.916799241189052365e-07
-1.801645339620903813e-07
-1.692559575572807569e-07
-1.589252627826092884e-07
-1.491445189795369863e-07
-1.398867986961680106e-07
-1.311260337108897582e-07
-1.228370948851742852e-07
-1.149957711082962023e-07
-1.075786361444939507e-07
-1.005631953261190050e-07
-9.392769620202416208e-08
-8.765117985332933622e-08
-8.171347053321883023e-08
-7.609509803808082015e-08
-7.077730399105099439e-08
-6.574200886389848156e-08
-6.097174534160244491e-08
-5.644971480870816804e-08
-5.215964221564414959e-08
-4.808584366101664142e-08
-4.421315955118580045e-08
-4.052691291461676770e-08
-3.701290127318748169e-08
-3.365736608302692960e-08
-3.044692854986611998e-08
-2.736860940245552502e-08
-2.440976465451364018e-08
-2.155806193726845550e-08
-1.880146521035674146e-08
-1.612818166102177773e-08
-1.352665058065713122e-08
-1.098550283256412233e-08
-8.493533605888296815e-09
-6.039677259504093816e-09
-3.612968510301255007e-09
-1.202517963057117177e-09
1.202517963057117177e-09
3.612968510301255007e-09
6.039677259504093816e-09
8.493533605888296815e-09
1.098550283256412233e-08
1.352665058065713618e-08
1.612818166102177773e-08
1.880146521035674146e-08
2.155806193726845550e-08
2.440976465451364018e-08
2.736860940245552502e-08
3.044692854986611998e-08
3.365736608302692960e-08
3.701290127318748169e-08
4.052691291461676770e-08
4.421315955118580045e-08
4.808584366101664142e-08
5.215964221564414959e-08
5.644971480870816804e-08
6.097174534160244491e-08
6.574200886389848156e-08
7.077730399105099439e-08
7.609509803808082015e-08
8.171347053321883023e-08
8.765117985332933622e-08
9.392769620202416208e-08
1.005631953261190050e-07
1.075786361444939507e-07
1.149957711082962023e-07
1.228370948851742852e-07
1.311260337108897582e-07
1.398867986961680106e-07
1.491445189795369863e-07
1.589252627826092884e-07
1.692559575572807569e-07
1.801645339620904078e-07
1.916799241189052365e-07
2.038319589322096026e-07
2.166516123861782245e-07
2.301706969556770584e-07
2.444222531139687937e-07
2.594402331550291554e-07
2.752597671044469375e-07
2.919169804744106993e-07
3.094490357368228452e-07
3.278942183281103431e-07
3.472918432058671724e-07
3.676824746584257574e-07
3.891074515149776483e-07
4.116094198561379968e-07
4.352318127442509209e-07
4.600194717901841186e-07
4.860177901662344882e-07
5.132735125247450345e-07
5.418341011075403375e-07
5.717480420291501747e-07
6.030647031360828991e-07
6.358342809256836202e-07
6.701077469103186823e-07
7.059366142262588383e-07
7.433736442711551010e-07
7.824714922323598289e-07
8.232839051114024895e-07
8.658648585701899089e-07
9.102687232528556774e-07
9.565502063522548294e-07
1.004764247552477563e-06
1.054965914099583418e-06
1.107210026203073940e-06
1.161551856503465245e-06
1.218045588908057027e-06
1.276745822277536466e-06
1.337706385461749524e-06
1.400980226215711407e-06
1.466619926019945015e-06
1.534676421952922881e-06
1.605200504409857461e-06
1.678241088403905597e-06
1.753845275167781620e-06
1.832059128976793705e-06
1.912926929505610584e-06
1.996490422609066718e-06
2.082789323660937384e-06
2.171860565003741244e-06
2.263739154175617851e-06
2.358456880272286174e-06
2.456041376767557993e-06
2.556518407455695219e-06
2.659909133610380126e-06
2.766231679158981431e-06
2.875498393624719655e-06
2.987719204657515671e-06
3.102898159814892034e-06
3.221035161947223940e-06
3.342123939598922452e-06
3.466153777518846526e-06
3.593106944544350538e-06
3.722961493998629553e-06
3.855687611287914381e-06
3.991249692225879391e-06
4.129604835160610248e-06
4.270704196979724907e-06
4.414490046116992548e-06
4.560898187708629582e-06
4.709854652276249458e-06
4.861280264839447691e-06
5.015084819022661251e-06
5.171170923201230691e-06
5.329431393303612199e-06
5.489750942459081338e-06
5.652002492251952902e-06
5.816052439190388493e-06
5.981756242638320148e-06
6.148959384511184344e-06
6.317495817224003412e-06
6.487189991682538431e-06
6.657857448548809630e-06
6.829299672700030871e-06
7.001310411266966110e-06
7.173671238144171451e-06
7.346153565376983953e-06
7.518517067932762279e-06
7.690508105329519920e-06
7.861866740381884071e-06
8.032316554612306422e-06
8.201573094525626699e-06
8.369340848236668217e-06
8.535308786139738141e-06
8.699161666145957474e-06
8.860566252809740946e-06
9.019184768323723067e-06
9.174662541158734794e-06
9.326637870288952728e-06
9.474738271196132721e-06
9.618578154287952094e-06
9.757766536260967184e-06
9.891894684156574770e-06
1.002055242689256461e-05
1.014331651687159873e-05
1.025975260971477293e-05
1.036942082912687987e-05
1.047186986717595047e-05
1.056664470450574742e-05
1.065327570050842949e-05
1.073129277182312650e-05
1.080021234222286245e-05
1.085954723252409336e-05
1.090880652413960290e-05
1.094749113078825692e-05
1.097509367969273553e-05
1.099110700359443988e-05
1.099501974446651633e-05
1.098631053727410723e-05
1.096445940906252992e-05
1.092894772776693381e-05
1.087924813590810209e-05
1.081483313837673730e-05
1.073517511247767626e-05
1.063974204254692304e-05
1.052801334873003945e-05
1.039946564475412404e-05
1.025355996145288257e-05
1.008978490682019601e-05
9.907618162844780094e-06
9.706541058706018706e-06
9.486043155961772298e-06
9.245619716347578266e-06
8.984766356442746102e-06
8.702996694208415437e-06
8.399814190707979405e-06
8.074744261030881445e-06
7.727317724234529904e-06
7.357077266342511061e-06
6.963576822004343276e-06
6.546379614976369447e-06
6.105059164681548008e-06
5.639214733439949885e-06
5.148449621515416183e-06
4.632389720466538000e-06
4.090683566376012707e-06
3.522983903191979311e-06
2.928986735451595284e-06
2.308396012819808604e-06
1.660950128840999950e-06
9.863984454723182395e-07
2.845382275397515288e-07
-4.448169991169018774e-07
-1.201798611504861937e-06
-1.986524058783442987e-06
-2.799061778678151164e-06
-3.639435939549918217e-06
-4.507617947291602775e-06
-5.403541955302334708e-06
-6.327074110425193866e-06
-7.278031534391521355e-06
-8.256162132561535515e-06
-9.261136787153759220e-06
-1.029256678672597409e-05
-1.134995971996569195e-05
-1.243274994469493241e-05
-1.354025808162680657e-05
-1.467171061608984397e-05
-1.582621059713267288e-05
-1.700272743857244315e-05
-1.820009283676230370e-05
-1.941699769919362834e-05
-2.065194914063365811e-05
-2.190327918742941435e-05
-2.316912339250990193e-05
-2.444739076598560434e-05
-2.573575861106601101e-05
-2.703163770524342495e-05
-2.833216435450380805e-05
-2.963415688057315610e-05
-3.093409880320252981e-05
-3.222811708997916867e-05
-3.351191595325142889e-05
-3.478079651135675132e-05
-3.602957081789912979e-05
-3.725254280727549524e-05
-3.844347854886097019e-05
-3.959553332189275478e-05
-4.070122412345260739e-05
-4.175237497777335591e-05
-4.274005026729654479e-05
-4.365450111640913685e-05
-4.448510817868252915e-05
-4.522030564872359977e-05
-4.584751204552522626e-05
-4.635307588465360394e-05
-4.672218892170547301e-05
-4.693885245471787499e-05
-4.698581788721518720e-05
-4.684457914766030392e-05
-4.649539949335463083e-05
-4.591740126190800618e-05
-4.508874575286979603e-05
-4.398696957255527430e-05
-4.258949104470113189e-05
-4.087439349391043796e-05
-3.882151662836127293e-05
-3.641390683354617377e-05
-3.363962326335959765e-05
-3.049383360216074301e-05
-2.698101425048713068e-05
-2.311702064282880823e-05
-1.893066507109297193e-05
-1.446446661961926017e-05
-9.774247583003796267e-06
-4.927421269758471845e-06
-2.405047706804119319e-21
4.927421269758469304e-06
9.774247583003791185e-06
1.446446661961926864e-05
1.893066507109297193e-05
2.311702064282880823e-05
2.698101425048712390e-05
3.049383360216074301e-05
3.363962326335959087e-05
3.641390683354617377e-05
3.882151662836124583e-05
4.087439349391043118e-05
4.258949104470113189e-05
4.398696957255527430e-05
4.508874575286979603e-05
4.591740126190798585e-05
4.649539949335463083e-05
4.684457914766030392e-05
4.698581788721518720e-05
4.693885245471787499e-05
4.672218892170547301e-05
4.635307588465360394e-05
4.584751204552521949e-05
4.522030564872360655e-05
4.448510817868252915e-05
4.365450111640913685e-05
4.274005026729654479e-05
4.175237497777336946e-05
4.070122412345260739e-05
3.959553332189274800e-05
3.844347854886096341e-05
3.725254280727548846e-05
3.602957081789912979e-05
3.478079651135675132e-05
3.351191595325142889e-05
3.222811708997916867e-05
3.093409880320252981e-05
2.963415688057315610e-05
2.833216435450380127e-05
2.703163770524342834e-05
2.573575861106601101e-05
2.444739076598560434e-05
2.316912339250990193e-05
2.190327918742942452e-05
2.065194914063365811e-05
1.941699769919362834e-05
1.820009283676230370e-05
1.700272743857243976e-05
1.582621059713267288e-05
1.467171061608984397e-05
1.354025808162680657e-05
1.243274994469493241e-05
1.134995971996569364e-05
1.029256678672597409e-05
9.261136787153759220e-06
8.256162132561535515e-06
7.278031534391521355e-06
6.327074110425193866e-06
5.403541955302334708e-06
4.507617947291602775e-06
3.639435939549918217e-06
2.799061778678151164e-06
1.986524058783440446e-06
1.201798611504859396e-06
4.448169991169018774e-07
-2.845382275397541758e-07
-9.863984454723182395e-07
-1.660950128841002703e-06
-2.308396012819809027e-06
-2.928986735451596131e-06
-3.522983903191978464e-06
-4.090683566376012707e-06
-4.632389720466535458e-06
-5.148449621515413642e-06
-5.639214733439949885e-06
-6.105059164681548008e-06
-6.546379614976369447e-06
-6.963576822004343276e-06
-7.357077266342508520e-06
-7.727317724234529904e-06
-8.074744261030881445e-06
-8.399814190707979405e-06
-8.702996694208415437e-06
-8.984766356442746102e-06
-9.245619716347578266e-06
-9.486043155961767216e-06
-9.706541058706015317e-06
-9.907618162844780094e-06
-1.008978490682019601e-05
-1.025355996145288257e-05
-1.039946564475412404e-05
-1.052801334873003945e-05
-1.063974204254692304e-05
-1.073517511247767626e-05
-1.081483313837673730e-05
-1.087924813590810209e-05
-1.092894772776693381e-05
-1.096445940906252992e-05
-1.098631053727410723e-05
-1.099501974446651633e-05
-1.099110700359443988e-05
-1.097509367969273553e-05
-1.094749113078825692e-05
-1.090880652413960290e-05
-1.085954723252409336e-05
-1.080021234222285907e-05
-1.073129277182312650e-05
-1.065327570050842949e-05
-1.056664470450574742e-05
-1.047186986717595047e-05
-1.036942082912687987e-05
-1.025975260971477293e-05
-1.014331651687159873e-05
-1.002055242689256461e-05
-9.891894684156574770e-06
-9.757766536260967184e-06
-9.618578154287952094e-06
-9.474738271196132721e-06
-9.326637870288952728e-06
-9.174662541158734794e-06
-9.019184768323723067e-06
-8.860566252809740946e-06
-8.699161666145957474e-06
-8.535308786139738141e-06
-8.369340848236668217e-06
-8.201573094525626699e-06
-8.032316554612306422e-06
-7.861866740381884071e-06
-7.690508105329519920e-06
-7.518517067932762279e-06
-7.346153565376983953e-06
-7.173671238144171451e-06
-7.001310411266966110e-06
-6.829299672700030871e-06
-6.657857448548809630e-06
-6.487189991682538431e-06
-6.317495817224003412e-06
-6.148959384511184344e-06
-5.981756242638320148e-06
-5.816052439190388493e-06
-5.652002492251952902e-06
-5.489750942459081338e-06
-5.329431393303612199e-06
-5.171170923201230691e-06
-5.015084819022661251e-06
-4.861280264839447691e-06
-4.709854652276249458e-06
-4.560898187708629582e-06
-4.414490046116992548e-06
-4.270704196979724907e-06
-4.129604835160610248e-06
-3.991249692225879391e-06
-3.855687611287914381e-06
-3.722961493998629553e-06
-3.593106944544350538e-06
-3.466153777518846526e-06
-3.342123939598922452e-06
-3.221035161947223940e-06
-3.102898159814892034e-06
-2.987719204657515671e-06
-2.875498393624719655e-06
-2.766231679158981431e-06
-2.659909133610380126e-06
-2.556518407455695219e-06
-2.456041376767557993e-06
-2.358456880272286174e-06
-2.263739154175617851e-06
-2.171860565003741244e-06
-2.082789323660937384e-06
-1.996490422609066718e-06
-1.912926929505610584e-06
-1.832059128976793705e-06
-1.753845275167781620e-06
-1.678241088403905597e-06
-1.605200504409857461e-06
-1.534676421952922881e-06
-1.466619926019945015e-06
-1.400980226215711407e-06
-1.337706385461749524e-06
-1.276745822277536466e-06
-1.218045588908057027e-06
-1.161551856503465245e-06
-1.107210026203073940e-06
-1.054965914099583418e-06
-1.004764247552477563e-06
-9.565502063522548294e-07
-9.102687232528556774e-07
-8.658648585701899089e-07
-8.232839051114024895e-07
-7.824714922323598289e-07
-7.433736442711551010e-07
-7.059366142262588383e-07
-6.701077469103186823e-07
-6.358342809256836202e-07
-6.030647031360828991e-07
-5.717480420291501747e-07
-5.418341011075403375e-07
-5.132735125247450345e-07
-4.860177901662344882e-07
-4.600194717901841186e-07
-4.352318127442509209e-07
-4.116094198561379968e-07
-3.891074515149776483e-07
-3.676824746584257574e-07
-3.472918432058671724e-07
-3.278942183281103431e-07
-3.094490357368228452e-07
-2.919169804744106993e-07
-2.752597671044469375e-07
-2.594402331550291554e-07
-2.444222531139687937e-07
-2.301706969556770584e-07
-2.166516123861782245e-07
-2.038319589322096026e-07
-1.916799241189052365e-07
-1.801645339620903813e-07
-1.692559575572807569e-07
-1.589252627826092884e-07
-1.491445189795369863e-07
-1.398867986961680106e-07
-1.311260337108897582e-07
-1.228370948851742852e-07
-1.149957711082962023e-07
-1.075786361444939507e-07
-1.005631953261190050e-07
-9.392769620202416208e-08
-8.765117985332933622e-08
-8.171347053321883023e-08
-7.609509803808082015e-08
-7.077730399105099439e-08
-6.574200886389848156e-08
-6.097174534160244491e-08
-5.644971480870816804e-08
-5.215964221564414959e-08
-4.808584366101664142e-08
-4.421315955118580045e-08
-4.052691291461676770e-08
-3.701290127318748169e-08
-3.365736608302692960e-08
-3.044692854986611998e-08
-2.736860940245552502e-08
-2.440976465451364018e-08
-2.155806193726845550e-08
-1.880146521035674146e-08
-1.612818166102177773e-08
-1.352665058065713122e-08
-1.098550283256412233e-08
-8.493533605888296815e-09
-6.039677259504093816e-09
-3.612968510301255007e-09
-1.202517963057117177e-09
1.202517963057117177e-09
3.612968510301255007e-09
6.039677259504093816e-09
8.493533605888296815e-09
1.098550283256412233e-08
1.352665058065713618e-08
1.612818166102177773e-08
1.880146521035674146e-08
2.155806193726845550e-08
2.440976465451364018e-08
2.736860940245552502e-08
3.044692854986611998e-08
3.365736608302692960e-08
3.701290127318748169e-08
4.052691291461676770e-08
4.421315955118580045e-08
4.808584366101664142e-08
5.215964221564414959e-08
5.644971480870816804e-08
6.097174534160244491e-08
6.574200886389848156e-08
7.077730399105099439e-08
7.609509803808082015e-08
8.171347053321883023e-08
8.765117985332933622e-08
9.392769620202416208e-08
1.005631953261190050e-07
1.075786361444939507e-07
1.149957711082962023e-07
1.228370948851742852e-07
1.311260337108897582e-07
1.398867986961680106e-07
1.491445189795369863e-07
1.589252627826092884e-07
1.692559575572807569e-07
1.801645339620904078e-07
1.916799241189052365e-07
2.038319589322096026e-07
2.166516123861782245e-07
2.301706969556770584e-07
2.444222531139687937e-07
2.594402331550291554e-07
2.752597671044469375e-07
2.919169804744106993e-07
3.094490357368228452e-07
3.278942183281103431e-07
3.472918432058671724e-07
3.676824746584257574e-07
3.891074515149776483e-07
4.116094198561379968e-07
4.352318127442509209e-07
4.600194717901841186e-07
4.860177901662344882e-07
5.132735125247450345e-07
5.418341011075403375e-07
5.717480420291501747e-07
6.030647031360828991e-07
6.358342809256836202e-07
6.701077469103186823e-07
7.059366142262588383e-07
7.433736442711551010e-07
7.824714922323598289e-07
8.232839051114024895e-07
8.658648585701899089e-07
9.102687232528556774e-07
9.565502063522548294e-07
1.004764247552477563e-06
1.054965914099583418e-06
1.107210026203073940e-06
1.161551856503465245e-06
1.218045588908057027e-06
1.276745822277536466e-06
1.337706385461749524e-06
1.400980226215711407e-06
1.466619926019945015e-06
1.534676421952922881e-06
1.605200504409857461e-06
1.678241088403905597e-06
1.753845275167781620e-06
1.832059128976793705e-06
1.912926929505610584e-06
1.996490422609066718e-06
2.082789323660937384e-06
2.171860565003741244e-06
2.263739154175617851e-06
2.358456880272286174e-06
2.456041376767557993e-06
2.556518407455695219e-06
2.659909133610380126e-06
2.766231679158981431e-06
2.875498393624719655e-06
2.987719204657515671e-06
3.102898159814892034e-06
3.221035161947223940e-06
3.342123939598922452e-06
3.466153777518846526e-06
3.593106944544350538e-06
3.722961493998629553e-06
3.855687611287914381e-06
3.991249692225879391e-06
4.129604835160610248e-06
4.270704196979724907e-06
4.414490046116992548e-06
4.560898187708629582e-06
4.709854652276249458e-06
4.861280264839447691e-06
5.015084819022661251e-06
5.171170923201230691e-06
5.329431393303612199e-06
5.489750942459081338e-06
5.652002492251952902e-06
5.816052439190388493e-06
5.981756242638320148e-06
6.148959384511184344e-06
6.317495817224003412e-06
6.487189991682538431e-06
6.657857448548809630e-06
6.829299672700030871e-06
7.001310411266966110e-06
7.173671238144171451e-06
7.346153565376983953e-06
7.518517067932762279e-06
7.690508105329519920e-06
7.861866740381884071e-06
8.032316554612306422e-06
8.201573094525626699e-06
8.369340848236668217e-06
8.535308786139738141e-06
8.699161666145957474e-06
8.860566252809740946e-06
9.019184768323723067e-06
9.174662541158734794e-06
9.326637870288952728e-06
9.474738271196132721e-06
9.618578154287952094e-06
9.757766536260967184e-06
9.891894684156574770e-06
1.002055242689256461e-05
1.014331651687159873e-05
1.025975260971477293e-05
1.036942082912687987e-05
1.047186986717595047e-05
1.056664470450574742e-05
1.065327570050842949e-05
1.073129277182312650e-05
1.080021234222286245e-05
1.085954723252409336e-05
1.090880652413960290e-05
1.094749113078825692e-05
1.097509367969273553e-05
1.099110700359443988e-05
1.099501974446651633e-05
1.098631053727410723e-05
1.096445940906252992e-05
1.092894772776693381e-05
1.087924813590810209e-05
1.081483313837673730e-05
1.073517511247767626e-05
1.063974204254692304e-05
1.052801334873003945e-05
1.039946564475412404e-05
1.025355996145288257e-05
1.008978490682019601e-05
9.907618162844780094e-06
9.706541058706018706e-06
9.486043155961772298e-06
9.245619716347578266e-06
8.984766356442746102e-06
8.702996694208415437e-06
8.399814190707979405e-06
8.074744261030881445e-06
7.727317724234529904e-06
7.357077266342511061e-06
6.963576822004343276e-06
6.546379614976369447e-06
6.105059164681548008e-06
5.639214733439949885e-06
5.148449621515416183e-06
4.632389720466538000e-06
4.090683566376012707e-06
3.522983903191979311e-06
2.928986735451595284e-06
2.308396012819808604e-06
1.660950128840999950e-06
9.863984454723182395e-07
2.845382275397515288e-07
-4.448169991169018774e-07
-1.201798611504861937e-06
-1.986524058783442987e-06
-2.799061778678151164e-06
-3.639435939549918217e-06
-4.507617947291602775e-06
-5.403541955302334708e-06
-6.327074110425193866e-06
-7.278031534391521355e-06
-8.256162132561535515e-06
-9.261136787153759220e-06
-1.029256678672597409e-05
-1.134995971996569195e-05
-1.243274994469493241e-05
-1.354025808162680657e-05
-1.467171061608984397e-05
-1.582621059713267288e-05
-1.700272743857244315e-05
-1.820009283676230370e-05
-1.941699769919362834e-05
-2.065194914063365811e-05
-2.190327918742941435e-05
-2.316912339250990193e-05
-2.444739076598560434e-05
-2.573575861106601101e-05
-2.703163770524342495e-05
-2.833216435450380805e-05
-2.963415688057315610e-05
-3.093409880320252981e-05
-3.222811708997916867e-05
-3.351191595325142889e-05
-3.478079651135675132e-05
-3.602957081789912979e-05
-3.725254280727549524e-05
-3.844347854886097019e-05
-3.959553332189275478e-05
-4.070122412345260739e-05
-4.175237497777335591e-05
-4.274005026729654479e-05
-4.365450111640913685e-05
-4.448510817868252915e-05
-4.522030564872359977e-05
-4.584751204552522626e-05
-4.635307588465360394e-05
-4.672218892170547301e-05
-4.693885245471787499e-05
-4.698581788721518720e-05
-4.684457914766030392e-05
-4.649539949335463083e-05
-4.591740126190800618e-05
-4.508874575286979603e-05
-4.398696957255527430e-05
-4.258949104470113189e-05
-4.087439349391043796e-05
-3.882151662836127293e-05
-3.641390683354617377e-05
-3.363962326335959765e-05
-3.049383360216074301e-05
-2.698101425048713068e-05
-2.311702064282880823e-05
-1.893066507109297193e-05
-1.446446661961926017e-05
-9.774247583003796267e-06
-4.927421269758471845e-06
