4.024818889540119618e-04
4.399989992253184657e-04
5.500634635561758076e-04
7.255136355214835331e-04
9.553708787695793306e-04
1.226072770019706560e-03
1.522882405345369608e-03
1.831224290513310676e-03
2.137778212604443066e-03
2.431215177601205469e-03
2.702558026318601248e-03
2.945208969750858548e-03
3.154736691982435760e-03
3.328525282578996373e-03
3.465375767943900884e-03
3.565130856424842190e-03
3.628353519245165054e-03
3.656087387035380012e-03
3.649679168838875897e-03
3.610665893985308839e-03
3.540702004117234937e-03
3.441516855689498791e-03
3.314889183815843306e-03
3.162632705540862135e-03
2.986588142916687689e-03
2.788614127466829216e-03
2.570582393949241793e-03
2.334372216781483312e-03
2.081862667259406444e-03
1.814927701256227165e-03
1.535429489386167272e-03
1.245212512308759532e-03
9.460961721032316255e-04
6.398702384509591303e-04
3.282880027003042662e-04
1.306100545030405946e-05
-3.041462927029144623e-04
-6.217214799501170766e-04
-9.381087397700078358e-04
-1.251813455480572154e-03
-1.561405465486523977e-03
-1.865523581687644891e-03
-2.162877544903742469e-03
-2.452251937945504594e-03
-2.732507722717842074e-03
-3.002584224896134250e-03
-3.261501715608481310e-03
-3.508361270131241799e-03
-3.742346246371730436e-03
-3.962722497335022243e-03
-4.168839636649659779e-03
-4.360128736681269379e-03
-4.536102826558003655e-03
-4.696356726325299005e-03
-4.840564199240286920e-03
-4.968477922055596595e-03
-5.079926207138011837e-03
-5.174812265326863767e-03
-5.253110810682912364e-03
-5.314866639250018926e-03
-5.360191428514331918e-03
-5.389259630478253349e-03
-5.402307800928658754e-03
-5.399627538957094824e-03
-5.381567655782334980e-03
-5.348525048010237953e-03
-5.300944809503323890e-03
-5.239315128699853323e-03
-5.164163625907876136e-03
-5.076053977818869786e-03
-4.975582543684948719e-03
-4.863373550753174665e-03
-4.740076022690595248e-03
-4.606361008085337744e-03
-4.462916220108439219e-03
-4.310443583510132314e-03
-4.149655932091777383e-03
-3.981273147649843323e-03
-3.806019187754813762e-03
-3.624618558006329969e-03
-3.437793964837846956e-03
-3.246263270365870850e-03
-3.050736039206981918e-03
-2.851912280195636074e-03
-2.650478901598342374e-03
-2.447107928167499037e-03
-2.242454745237095187e-03
-2.037155285506463652e-03
-1.831825194412623837e-03
-1.627057648581924174e-03
-1.423422393168500937e-03
-1.221463937396998671e-03
-1.021700967923773419e-03
-8.246251673781320249e-04
-6.307005191349887834e-04
-4.403626714430048977e-04
-2.540184919536377182e-04
-7.204567991972072346e-05
1.052073194482070742e-04
2.774213498519749444e-04
4.443066687121979721e-04
6.056025484167692520e-04
7.610768609752050461e-04
9.105261530444367594e-04
1.053774477375808531e-03
1.190673150244458099e-03
1.321100351474848757e-03
1.444959555947792143e-03
1.562179399822820813e-03
1.672712669145535666e-03
1.776534845403567216e-03
1.873643799167407954e-03
1.964058319403039904e-03
2.047817069532596214e-03
2.124977970964963062e-03
2.195615990739087278e-03
2.259823092880832579e-03
2.317706739727406172e-03
2.369388678706380643e-03
2.415003436826841828e-03
2.454698258303114090e-03
2.488630437707578871e-03
2.516967832101879316e-03
2.539886480431887295e-03
2.557570246124228099e-03
2.570209591753950477e-03
2.578000642717136887e-03
2.581143961917163696e-03
2.579843903193095467e-03
2.574307387146441712e-03
2.564743256193081043e-03
2.551362209045565741e-03
2.534374423312065784e-03
2.513989781915442877e-03
2.490417522826990013e-03
2.463864155637400175e-03
2.434535428058921900e-03
2.402632222209239322e-03
2.368353681626975907e-03
2.331894268193424220e-03
2.293444290937072562e-03
2.253188991207022863e-03
2.211308931152331826e-03
2.167979227742196195e-03
2.123369511794767541e-03
2.077643166254320318e-03
2.030957723167575637e-03
1.983464684433975528e-03
1.935309055444391123e-03
1.886629169867288115e-03
1.837557383835902594e-03
1.788218892565661845e-03
1.738733006591913766e-03
1.689211972028345542e-03
1.639761961179893052e-03
1.590482185354570501e-03
1.541466177904995006e-03
1.492800765616744338e-03
1.444566776472257143e-03
1.396838881378392218e-03
1.349686160114379769e-03
1.303171945686487122e-03
1.257353669898039284e-03
1.212283866668687317e-03
1.168009730692688881e-03
1.124573255421031353e-03
1.082011878018415479e-03
1.040358402349769512e-03
9.996410673865651925e-04
9.598841224134545226e-04
9.211077523819776857e-04
8.833282930946214457e-04
8.465585193058392920e-04
8.108079334037708108e-04
7.760826931883287733e-04
7.423861184369598279e-04
7.097186196165679306e-04
6.780780607241513290e-04
6.474599779180337375e-04
6.178575093278531986e-04
5.892618311696559913e-04
5.616622326843321873e-04
5.350463358799024093e-04
5.094000624677768501e-04
4.847079985520144781e-04
4.609535426030274535e-04
4.381188005480416846e-04
4.161850231173342871e-04
3.951325734019342484e-04
3.749410029028247366e-04
3.555893444849277389e-04
3.370560077767868843e-04
3.193189998748819139e-04
3.023561099019882702e-04
2.861447140419510040e-04
2.706621769195014741e-04
2.558857288602671919e-04
2.417926141832095314e-04
2.283601310085199120e-04
2.155656890766825145e-04
2.033868855723525984e-04
1.918015808756465355e-04
1.807878477331351975e-04
1.703241191377155800e-04
1.603891915488265358e-04
1.509622280249823959e-04
1.420227974100572591e-04
1.335509586075333253e-04
1.255271911510902696e-04
1.179324883280895623e-04
1.107483417777764540e-04
1.039567621389360326e-04
9.754026345985379132e-05
9.148191980223471743e-05
8.576534946509159268e-05
8.037469008112401207e-05
7.529466398199823659e-05
7.051050341788750952e-05
6.600801574650416660e-05
6.177354462338316855e-05
5.779396273410048927e-05
5.405670058830693036e-05
5.054970294647092254e-05
4.726143938431322862e-05
4.418089670962246988e-05
4.129757582337245143e-05
3.860146591948648257e-05
3.608305024091898932e-05
3.373329143759861977e-05
3.154362589507458492e-05
2.950594444611536878e-05
2.761259335199337889e-05
2.585635715274958932e-05
2.423045049612833007e-05
2.272851668805829506e-05
2.134459908175503003e-05
2.007315081761573973e-05
1.890901966408002418e-05
1.784743619828375500e-05
1.688400645747834710e-05
1.601470680362587727e-05
1.523587761400425592e-05
1.454421128107058767e-05
1.393675146505943771e-05
1.341088439899652679e-05
1.296433241246709119e-05
1.259515645190534928e-05
1.230174049035532060e-05
1.208280187745599224e-05
1.193737567360511144e-05
1.186482266630185305e-05
1.186482266630185305e-05
1.193737567360511144e-05
1.208280187745599224e-05
1.230174049035532060e-05
1.259515645190534928e-05
1.296433241246709119e-05
1.341088439899652679e-05
1.393675146505943771e-05
1.454421128107058767e-05
1.523587761400425592e-05
1.601470680362587727e-05
1.688400645747834710e-05
1.784743619828375500e-05
1.890901966408002418e-05
2.007315081761573973e-05
2.134459908175503003e-05
2.272851668805829506e-05
2.423045049612833007e-05
2.585635715274958932e-05
2.761259335199337889e-05
2.950594444611536878e-05
3.154362589507458492e-05
3.373329143759861977e-05
3.608305024091898932e-05
3.860146591948648257e-05
4.129757582337245143e-05
4.418089670962246988e-05
4.726143938431322862e-05
5.054970294647092254e-05
5.405670058830693036e-05
5.779396273410048927e-05
6.177354462338316855e-05
6.600801574650416660e-05
7.051050341788750952e-05
7.529466398199823659e-05
8.037469008112401207e-05
8.576534946509159268e-05
9.148191980223471743e-05
9.754026345985379132e-05
1.039567621389360326e-04
1.107483417777764540e-04
1.179324883280895623e-04
1.255271911510902696e-04
1.335509586075333253e-04
1.420227974100572591e-04
1.509622280249823959e-04
1.603891915488265358e-04
1.703241191377155800e-04
1.807878477331351975e-04
1.918015808756465355e-04
2.033868855723525984e-04
2.155656890766825145e-04
2.283601310085199120e-04
2.417926141832095314e-04
2.558857288602671919e-04
2.706621769195014741e-04
2.861447140419510040e-04
3.023561099019882702e-04
3.193189998748819139e-04
3.370560077767868843e-04
3.555893444849277389e-04
3.749410029028247366e-04
3.951325734019342484e-04
4.161850231173342871e-04
4.381188005480416846e-04
4.609535426030274535e-04
4.847079985520144781e-04
5.094000624677768501e-04
5.350463358799024093e-04
5.616622326843321873e-04
5.892618311696559913e-04
6.178575093278531986e-04
6.474599779180337375e-04
6.780780607241513290e-04
7.097186196165679306e-04
7.423861184369598279e-04
7.760826931883287733e-04
8.108079334037708108e-04
8.465585193058392920e-04
8.833282930946214457e-04
9.211077523819776857e-04
9.598841224134545226e-04
9.996410673865651925e-04
1.040358402349769512e-03
1.082011878018415479e-03
1.124573255421031353e-03
1.168009730692688881e-03
1.212283866668687317e-03
1.257353669898039284e-03
1.303171945686487122e-03
1.349686160114379769e-03
1.396838881378392218e-03
1.444566776472257143e-03
1.492800765616744338e-03
1.541466177904995006e-03
1.590482185354570501e-03
1.639761961179893052e-03
1.689211972028345542e-03
1.738733006591913766e-03
1.788218892565661845e-03
1.837557383835902594e-03
1.886629169867288115e-03
1.935309055444391123e-03
1.983464684433975528e-03
2.030957723167575637e-03
2.077643166254320318e-03
2.123369511794767541e-03
2.167979227742196195e-03
2.211308931152331826e-03
2.253188991207022863e-03
2.293444290937072562e-03
2.331894268193424220e-03
2.368353681626975907e-03
2.402632222209239322e-03
2.434535428058921900e-03
2.463864155637400175e-03
2.490417522826990013e-03
2.513989781915442877e-03
2.534374423312065784e-03
2.551362209045565741e-03
2.564743256193081043e-03
2.574307387146441712e-03
2.579843903193095467e-03
2.581143961917163696e-03
2.578000642717136887e-03
2.570209591753950477e-03
2.557570246124228099e-03
2.539886480431887295e-03
2.516967832101879316e-03
2.488630437707578871e-03
2.454698258303114090e-03
2.415003436826841828e-03
2.369388678706380643e-03
2.317706739727406172e-03
2.259823092880832579e-03
2.195615990739087278e-03
2.124977970964963062e-03
2.047817069532596214e-03
1.964058319403039904e-03
1.873643799167407954e-03
1.776534845403567216e-03
1.672712669145535666e-03
1.562179399822820813e-03
1.444959555947792794e-03
1.321100351474848757e-03
1.190673150244458099e-03
1.053774477375808531e-03
9.105261530444367594e-04
7.610768609752050461e-04
6.056025484167692520e-04
4.443066687121977553e-04
2.774213498519751612e-04
1.052073194482070742e-04
-7.204567991972072346e-05
-2.540184919536377182e-04
-4.403626714430047351e-04
-6.307005191349887834e-04
-8.246251673781321333e-04
-1.021700967923773419e-03
-1.221463937396998671e-03
-1.423422393168500937e-03
-1.627057648581924174e-03
-1.831825194412623837e-03
-2.037155285506463652e-03
-2.242454745237095187e-03
-2.447107928167499037e-03
-2.650478901598342374e-03
-2.851912280195636074e-03
-3.050736039206981918e-03
-3.246263270365870850e-03
-3.437793964837846956e-03
-3.624618558006329969e-03
-3.806019187754813762e-03
-3.981273147649843323e-03
-4.149655932091777383e-03
-4.310443583510132314e-03
-4.462916220108439219e-03
-4.606361008085337744e-03
-4.740076022690595248e-03
-4.863373550753174665e-03
-4.975582543684948719e-03
-5.076053977818869786e-03
-5.164163625907876136e-03
-5.239315128699853323e-03
-5.300944809503323890e-03
-5.348525048010237953e-03
-5.381567655782334980e-03
-5.399627538957094824e-03
-5.402307800928658754e-03
-5.389259630478253349e-03
-5.360191428514331918e-03
-5.314866639250018926e-03
-5.253110810682912364e-03
-5.174812265326863767e-03
-5.079926207138011837e-03
-4.968477922055596595e-03
-4.840564199240286920e-03
-4.696356726325299005e-03
-4.536102826558001920e-03
-4.360128736681269379e-03
-4.168839636649659779e-03
-3.962722497335022243e-03
-3.742346246371730436e-03
-3.508361270131241799e-03
-3.261501715608481310e-03
-3.002584224896134250e-03
-2.732507722717842074e-03
-2.452251937945504594e-03
-2.162877544903742469e-03
-1.865523581687645541e-03
-1.561405465486523977e-03
-1.251813455480572587e-03
-9.381087397700080526e-04
-6.217214799501168598e-04
-3.041462927029144623e-04
1.306100545030382399e-05
3.282880027003042662e-04
6.398702384509591303e-04
9.460961721032316255e-04
1.245212512308759532e-03
1.535429489386167272e-03
1.814927701256227165e-03
2.081862667259406444e-03
2.334372216781483312e-03
2.570582393949241793e-03
2.788614127466829216e-03
2.986588142916687689e-03
3.162632705540862135e-03
3.314889183815843306e-03
3.441516855689498791e-03
3.540702004117234937e-03
3.610665893985308839e-03
3.649679168838875897e-03
3.656087387035380012e-03
3.628353519245165054e-03
3.565130856424842190e-03
3.465375767943900884e-03
3.328525282578996373e-03
3.154736691982435760e-03
2.945208969750858548e-03
2.702558026318600815e-03
2.431215177601205469e-03
2.137778212604443066e-03
1.831224290513308942e-03
1.522882405345369608e-03
1.226072770019706560e-03
9.553708787695787885e-04
7.255136355214851594e-04
5.500634635561758076e-04
4.399989992253200920e-04
4.024818889540119618e-04
4.399989992253184657e-04
5.500634635561758076e-04
7.255136355214835331e-04
9.553708787695793306e-04
1.226072770019706560e-03
1.522882405345369608e-03
1.831224290513310676e-03
2.137778212604443066e-03
2.431215177601205469e-03
2.702558026318601248e-03
2.945208969750858548e-03
3.154736691982435760e-03
3.328525282578996373e-03
3.465375767943900884e-03
3.565130856424842190e-03
3.628353519245165054e-03
3.656087387035380012e-03
3.649679168838875897e-03
3.610665893985308839e-03
3.540702004117234937e-03
3.441516855689498791e-03
3.314889183815843306e-03
3.162632705540862135e-03
2.986588142916687689e-03
2.788614127466829216e-03
2.570582393949241793e-03
2.334372216781483312e-03
2.081862667259406444e-03
1.814927701256227165e-03
1.535429489386167272e-03
1.245212512308759532e-03
9.460961721032316255e-04
6.398702384509591303e-04
3.282880027003042662e-04
1.306100545030405946e-05
-3.041462927029144623e-04
-6.217214799501170766e-04
-9.381087397700078358e-04
-1.251813455480572154e-03
-1.561405465486523977e-03
-1.865523581687644891e-03
-2.162877544903742469e-03
-2.452251937945504594e-03
-2.732507722717842074e-03
-3.002584224896134250e-03
-3.261501715608481310e-03
-3.508361270131241799e-03
-3.742346246371730436e-03
-3.962722497335022243e-03
-4.168839636649659779e-03
-4.360128736681269379e-03
-4.536102826558003655e-03
-4.696356726325299005e-03
-4.840564199240286920e-03
-4.968477922055596595e-03
-5.079926207138011837e-03
-5.174812265326863767e-03
-5.253110810682912364e-03
-5.314866639250018926e-03
-5.360191428514331918e-03
-5.389259630478253349e-03
-5.402307800928658754e-03
-5.399627538957094824e-03
-5.381567655782334980e-03
-5.348525048010237953e-03
-5.300944809503323890e-03
-5.239315128699853323e-03
-5.164163625907876136e-03
-5.076053977818869786e-03
-4.975582543684948719e-03
-4.863373550753174665e-03
-4.740076022690595248e-03
-4.606361008085337744e-03
-4.462916220108439219e-03
-4.310443583510132314e-03
-4.149655932091777383e-03
-3.981273147649843323e-03
-3.806019187754813762e-03
-3.624618558006329969e-03
-3.437793964837846956e-03
-3.246263270365870850e-03
-3.050736039206981918e-03
-2.851912280195636074e-03
-2.650478901598342374e-03
-2.447107928167499037e-03
-2.242454745237095187e-03
-2.037155285506463652e-03
-1.831825194412623837e-03
-1.627057648581924174e-03
-1.423422393168500937e-03
-1.221463937396998671e-03
-1.021700967923773419e-03
-8.246251673781320249e-04
-6.307005191349887834e-04
-4.403626714430048977e-04
-2.540184919536377182e-04
-7.204567991972072346e-05
1.052073194482070742e-04
2.774213498519749444e-04
4.443066687121979721e-04
6.056025484167692520e-04
7.610768609752050461e-04
9.105261530444367594e-04
1.053774477375808531e-03
1.190673150244458099e-03
1.321100351474848757e-03
1.444959555947792143e-03
1.562179399822820813e-03
1.672712669145535666e-03
1.776534845403567216e-03
1.873643799167407954e-03
1.964058319403039904e-03
2.047817069532596214e-03
2.124977970964963062e-03
2.195615990739087278e-03
2.259823092880832579e-03
2.317706739727406172e-03
2.369388678706380643e-03
2.415003436826841828e-03
2.454698258303114090e-03
2.488630437707578871e-03
2.516967832101879316e-03
2.539886480431887295e-03
2.557570246124228099e-03
2.570209591753950477e-03
2.578000642717136887e-03
2.581143961917163696e-03
2.579843903193095467e-03
2.574307387146441712e-03
2.564743256193081043e-03
2.551362209045565741e-03
2.534374423312065784e-03
2.513989781915442877e-03
2.490417522826990013e-03
2.463864155637400175e-03
2.434535428058921900e-03
2.402632222209239322e-03
2.368353681626975907e-03
2.331894268193424220e-03
2.293444290937072562e-03
2.253188991207022863e-03
2.211308931152331826e-03
2.167979227742196195e-03
2.123369511794767541e-03
2.077643166254320318e-03
2.030957723167575637e-03
1.983464684433975528e-03
1.935309055444391123e-03
1.886629169867288115e-03
1.837557383835902594e-03
1.788218892565661845e-03
1.738733006591913766e-03
1.689211972028345542e-03
1.639761961179893052e-03
1.590482185354570501e-03
1.541466177904995006e-03
1.492800765616744338e-03
1.444566776472257143e-03
1.396838881378392218e-03
1.349686160114379769e-03
1.303171945686487122e-03
1.257353669898039284e-03
1.212283866668687317e-03
1.168009730692688881e-03
1.124573255421031353e-03
1.082011878018415479e-03
1.040358402349769512e-03
9.996410673865651925e-04
9.598841224134545226e-04
9.211077523819776857e-04
8.833282930946214457e-04
8.465585193058392920e-04
8.108079334037708108e-04
7.760826931883287733e-04
7.423861184369598279e-04
7.097186196165679306e-04
6.780780607241513290e-04
6.474599779180337375e-04
6.178575093278531986e-04
5.892618311696559913e-04
5.616622326843321873e-04
5.350463358799024093e-04
5.094000624677768501e-04
4.847079985520144781e-04
4.609535426030274535e-04
4.381188005480416846e-04
4.161850231173342871e-04
3.951325734019342484e-04
3.749410029028247366e-04
3.555893444849277389e-04
3.370560077767868843e-04
3.193189998748819139e-04
3.023561099019882702e-04
2.861447140419510040e-04
2.706621769195014741e-04
2.558857288602671919e-04
2.417926141832095314e-04
2.283601310085199120e-04
2.155656890766825145e-04
2.033868855723525984e-04
1.918015808756465355e-04
1.807878477331351975e-04
1.703241191377155800e-04
1.603891915488265358e-04
1.509622280249823959e-04
1.420227974100572591e-04
1.335509586075333253e-04
1.255271911510902696e-04
1.179324883280895623e-04
1.107483417777764540e-04
1.039567621389360326e-04
9.754026345985379132e-05
9.148191980223471743e-05
8.576534946509159268e-05
8.037469008112401207e-05
7.529466398199823659e-05
7.051050341788750952e-05
6.600801574650416660e-05
6.177354462338316855e-05
5.779396273410048927e-05
5.405670058830693036e-05
5.054970294647092254e-05
4.726143938431322862e-05
4.418089670962246988e-05
4.129757582337245143e-05
3.860146591948648257e-05
3.608305024091898932e-05
3.373329143759861977e-05
3.154362589507458492e-05
2.950594444611536878e-05
2.761259335199337889e-05
2.585635715274958932e-05
2.423045049612833007e-05
2.272851668805829506e-05
2.134459908175503003e-05
2.007315081761573973e-05
1.890901966408002418e-05
1.784743619828375500e-05
1.688400645747834710e-05
1.601470680362587727e-05
1.523587761400425592e-05
1.454421128107058767e-05
1.393675146505943771e-05
1.341088439899652679e-05
1.296433241246709119e-05
1.259515645190534928e-05
1.230174049035532060e-05
1.208280187745599224e-05
1.193737567360511144e-05
1.186482266630185305e-05
1.186482266630185305e-05
1.193737567360511144e-05
1.208280187745599224e-05
1.230174049035532060e-05
1.259515645190534928e-05
1.296433241246709119e-05
1.341088439899652679e-05
1.393675146505943771e-05
1.454421128107058767e-05
1.523587761400425592e-05
1.601470680362587727e-05
1.688400645747834710e-05
1.784743619828375500e-05
1.890901966408002418e-05
2.007315081761573973e-05
2.134459908175503003e-05
2.272851668805829506e-05
2.423045049612833007e-05
2.585635715274958932e-05
2.761259335199337889e-05
2.950594444611536878e-05
3.154362589507458492e-05
3.373329143759861977e-05
3.608305024091898932e-05
3.860146591948648257e-05
4.129757582337245143e-05
4.418089670962246988e-05
4.726143938431322862e-05
5.054970294647092254e-05
5.405670058830693036e-05
5.779396273410048927e-05
6.177354462338316855e-05
6.600801574650416660e-05
7.051050341788750952e-05
7.529466398199823659e-05
8.037469008112401207e-05
8.576534946509159268e-05
9.148191980223471743e-05
9.754026345985379132e-05
1.039567621389360326e-04
1.107483417777764540e-04
1.179324883280895623e-04
1.255271911510902696e-04
1.335509586075333253e-04
1.420227974100572591e-04
1.509622280249823959e-04
1.603891915488265358e-04
1.703241191377155800e-04
1.807878477331351975e-04
1.918015808756465355e-04
2.033868855723525984e-04
2.155656890766825145e-04
2.283601310085199120e-04
2.417926141832095314e-04
2.558857288602671919e-04
2.706621769195014741e-04
2.861447140419510040e-04
3.023561099019882702e-04
3.193189998748819139e-04
3.370560077767868843e-04
3.555893444849277389e-04
3.749410029028247366e-04
3.951325734019342484e-04
4.161850231173342871e-04
4.381188005480416846e-04
4.609535426030274535e-04
4.847079985520144781e-04
5.094000624677768501e-04
5.350463358799024093e-04
5.616622326843321873e-04
5.892618311696559913e-04
6.178575093278531986e-04
6.474599779180337375e-04
6.780780607241513290e-04
7.097186196165679306e-04
7.423861184369598279e-04
7.760826931883287733e-04
8.108079334037708108e-04
8.465585193058392920e-04
8.833282930946214457e-04
9.211077523819776857e-04
9.598841224134545226e-04
9.996410673865651925e-04
1.040358402349769512e-03
1.082011878018415479e-03
1.124573255421031353e-03
1.168009730692688881e-03
1.212283866668687317e-03
1.257353669898039284e-03
1.303171945686487122e-03
1.349686160114379769e-03
1.396838881378392218e-03
1.444566776472257143e-03
1.492800765616744338e-03
1.541466177904995006e-03
1.590482185354570501e-03
1.639761961179893052e-03
1.689211972028345542e-03
1.738733006591913766e-03
1.788218892565661845e-03
1.837557383835902594e-03
1.886629169867288115e-03
1.935309055444391123e-03
1.983464684433975528e-03
2.030957723167575637e-03
2.077643166254320318e-03
2.123369511794767541e-03
2.167979227742196195e-03
2.211308931152331826e-03
2.253188991207022863e-03
2.293444290937072562e-03
2.331894268193424220e-03
2.368353681626975907e-03
2.402632222209239322e-03
2.434535428058921900e-03
2.463864155637400175e-03
2.490417522826990013e-03
2.513989781915442877e-03
2.534374423312065784e-03
2.551362209045565741e-03
2.564743256193081043e-03
2.574307387146441712e-03
2.579843903193095467e-03
2.581143961917163696e-03
2.578000642717136887e-03
2.570209591753950477e-03
2.557570246124228099e-03
2.539886480431887295e-03
2.516967832101879316e-03
2.488630437707578871e-03
2.454698258303114090e-03
2.415003436826841828e-03
2.369388678706380643e-03
2.317706739727406172e-03
2.259823092880832579e-03
2.195615990739087278e-03
2.124977970964963062e-03
2.047817069532596214e-03
1.964058319403039904e-03
1.873643799167407954e-03
1.776534845403567216e-03
1.672712669145535666e-03
1.562179399822820813e-03
1.444959555947792794e-03
1.321100351474848757e-03
1.190673150244458099e-03
1.053774477375808531e-03
9.105261530444367594e-04
7.610768609752050461e-04
6.056025484167692520e-04
4.443066687121977553e-04
2.774213498519751612e-04
1.052073194482070742e-04
-7.204567991972072346e-05
-2.540184919536377182e-04
-4.403626714430047351e-04
-6.307005191349887834e-04
-8.246251673781321333e-04
-1.021700967923773419e-03
-1.221463937396998671e-03
-1.423422393168500937e-03
-1.627057648581924174e-03
-1.831825194412623837e-03
-2.037155285506463652e-03
-2.242454745237095187e-03
-2.447107928167499037e-03
-2.650478901598342374e-03
-2.851912280195636074e-03
-3.050736039206981918e-03
-3.246263270365870850e-03
-3.437793964837846956e-03
-3.624618558006329969e-03
-3.806019187754813762e-03
-3.981273147649843323e-03
-4.149655932091777383e-03
-4.310443583510132314e-03
-4.462916220108439219e-03
-4.606361008085337744e-03
-4.740076022690595248e-03
-4.863373550753174665e-03
-4.975582543684948719e-03
-5.076053977818869786e-03
-5.164163625907876136e-03
-5.239315128699853323e-03
-5.300944809503323890e-03
-5.348525048010237953e-03
-5.381567655782334980e-03
-5.399627538957094824e-03
-5.402307800928658754e-03
-5.389259630478253349e-03
-5.360191428514331918e-03
-5.314866639250018926e-03
-5.253110810682912364e-03
-5.174812265326863767e-03
-5.079926207138011837e-03
-4.968477922055596595e-03
-4.840564199240286920e-03
-4.696356726325299005e-03
-4.536102826558001920e-03
-4.360128736681269379e-03
-4.168839636649659779e-03
-3.962722497335022243e-03
-3.742346246371730436e-03
-3.508361270131241799e-03
-3.261501715608481310e-03
-3.002584224896134250e-03
-2.732507722717842074e-03
-2.452251937945504594e-03
-2.162877544903742469e-03
-1.865523581687645541e-03
-1.561405465486523977e-03
-1.251813455480572587e-03
-9.381087397700080526e-04
-6.217214799501168598e-04
-3.041462927029144623e-04
1.306100545030382399e-05
3.282880027003042662e-04
6.398702384509591303e-04
9.460961721032316255e-04
1.245212512308759532e-03
1.535429489386167272e-03
1.814927701256227165e-03
2.081862667259406444e-03
2.334372216781483312e-03
2.570582393949241793e-03
2.788614127466829216e-03
2.986588142916687689e-03
3.162632705540862135e-03
3.314889183815843306e-03
3.441516855689498791e-03
3.540702004117234937e-03
3.610665893985308839e-03
3.649679168838875897e-03
3.656087387035380012e-03
3.628353519245165054e-03
3.565130856424842190e-03
3.465375767943900884e-03
3.328525282578996373e-03
3.154736691982435760e-03
2.945208969750858548e-03
2.702558026318600815e-03
2.431215177601205469e-03
2.137778212604443066e-03
1.831224290513308942e-03
1.522882405345369608e-03
1.226072770019706560e-03
9.553708787695787885e-04
7.255136355214851594e-04
5.500634635561758076e-04
4.399989992253200920e-04
