3.648065626621246338e-01
3.656018674373626709e-01
3.679303526878356934e-01
3.716279566287994385e-01
3.764399290084838867e-01
3.820469379425048828e-01
3.880944550037384033e-01
3.942239880561828613e-01
4.000936150550842285e-01
4.054029583930969238e-01
4.098994135856628418e-01
4.133849143981933594e-01
4.157175123691558838e-01
4.168014526367187500e-01
4.165859818458557129e-01
4.150556921958923340e-01
4.122239649295806885e-01
4.081277847290039062e-01
4.028229117393493652e-01
3.963791728019714355e-01
3.888776302337646484e-01
3.804087042808532715e-01
3.710695505142211914e-01
3.609622716903686523e-01
3.501918315887451172e-01
3.388660550117492676e-01
3.270930349826812744e-01
3.149803876876831055e-01
3.026345372200012207e-01
2.901588976383209229e-01
2.776536345481872559e-01
2.652146816253662109e-01
2.529329657554626465e-01
2.408934533596038818e-01
2.291755378246307373e-01
2.178511321544647217e-01
2.069854736328125000e-01
1.966362297534942627e-01
1.868537068367004395e-01
1.776802688837051392e-01
1.691503524780273438e-01
1.612907946109771729e-01
1.541205942630767822e-01
1.476512253284454346e-01
1.418867260217666626e-01
1.368240863084793091e-01
1.324535161256790161e-01
1.287587136030197144e-01
1.257174015045166016e-01
1.233016476035118103e-01
1.214785948395729065e-01
1.202103793621063232e-01
1.194553896784782410e-01
1.191680207848548889e-01
1.192998439073562622e-01
1.197996735572814941e-01
1.206143796443939209e-01
1.216893196105957031e-01
1.229687929153442383e-01
1.243965029716491699e-01
1.259163469076156616e-01
1.274724453687667847e-01
1.290098726749420166e-01
1.304749846458435059e-01
1.318157911300659180e-01
1.329823136329650879e-01
1.339269876480102539e-01
1.346048414707183838e-01
1.349738687276840210e-01
1.349951773881912231e-01
1.346331685781478882e-01
1.338559091091156006e-01
1.326349079608917236e-01
1.309455931186676025e-01
1.287670731544494629e-01
1.260824054479598999e-01
1.228784918785095215e-01
1.191460490226745605e-01
1.148795560002326965e-01
1.100772768259048462e-01
1.047412082552909851e-01
9.887662529945373535e-02
9.249239414930343628e-02
8.560062944889068604e-02
7.821634411811828613e-02
7.035760581493377686e-02
6.204515695571899414e-02
5.330215394496917725e-02
4.415416717529296875e-02
3.462864458560943604e-02
2.475508302450180054e-02
1.456444710493087769e-02
4.089165478944778442e-03
-6.637208163738250732e-03
-1.758013665676116943e-02
-2.870444208383560181e-02
-3.997432813048362732e-02
-5.135371908545494080e-02
-6.280666589736938477e-02
-7.429711520671844482e-02
-8.578930795192718506e-02
-9.724813699722290039e-02
-1.086390167474746704e-01
-1.199282109737396240e-01
-1.310829520225524902e-01
-1.420715153217315674e-01
-1.528634577989578247e-01
-1.634296178817749023e-01
-1.737424433231353760e-01
-1.837754845619201660e-01
-1.935043632984161377e-01
-2.029060721397399902e-01
-2.119594812393188477e-01
-2.206450402736663818e-01
-2.289451956748962402e-01
-2.368440628051757812e-01
-2.443276047706604004e-01
-2.513835132122039795e-01
-2.580015659332275391e-01
-2.641729712486267090e-01
-2.698909938335418701e-01
-2.751505374908447266e-01
-2.799480259418487549e-01
-2.842817306518554688e-01
-2.881515622138977051e-01
-2.915586233139038086e-01
-2.945058941841125488e-01
-2.969975471496582031e-01
-2.990390062332153320e-01
-3.006370365619659424e-01
-3.017996251583099365e-01
-3.025358319282531738e-01
-3.028556108474731445e-01
-3.027699589729309082e-01
-3.022907972335815430e-01
-3.014307618141174316e-01
-3.002030253410339355e-01
-2.986215651035308838e-01
-2.967008650302886963e-01
-2.944557964801788330e-01
-2.919016480445861816e-01
-2.890540659427642822e-01
-2.859287559986114502e-01
-2.825418114662170410e-01
-2.789094150066375732e-01
-2.750475108623504639e-01
-2.709723114967346191e-01
-2.666998803615570068e-01
-2.622461915016174316e-01
-2.576268613338470459e-01
-2.528574764728546143e-01
-2.479533255100250244e-01
-2.429292351007461548e-01
-2.377998530864715576e-01
-2.325794398784637451e-01
-2.272817194461822510e-01
-2.219201624393463135e-01
-2.165076434612274170e-01
-2.110566198825836182e-01
-2.055790573358535767e-01
-2.000864148139953613e-01
-1.945896297693252563e-01
-1.890991330146789551e-01
-1.836248189210891724e-01
-1.781759858131408691e-01
-1.727614998817443848e-01
-1.673896014690399170e-01
-1.620680540800094604e-01
-1.568041145801544189e-01
-1.516044437885284424e-01
-1.464752703905105591e-01
-1.414222717285156250e-01
-1.364506334066390991e-01
-1.315650790929794312e-01
-1.267698705196380615e-01
-1.220687925815582275e-01
-1.174652054905891418e-01
-1.129620745778083801e-01
-1.085619255900382996e-01
-1.042669191956520081e-01
-1.000787839293479919e-01
-9.599899500608444214e-02
-9.202859550714492798e-02
-8.816836029291152954e-02
-8.441875129938125610e-02
-8.077993243932723999e-02
-7.725183665752410889e-02
-7.383407652378082275e-02
-7.052610814571380615e-02
-6.732711941003799438e-02
-6.423612684011459351e-02
-6.125193834304809570e-02
-5.837320908904075623e-02
-5.559843406081199646e-02
-5.292595550417900085e-02
-5.035402998328208923e-02
-4.788074642419815063e-02
-4.550413787364959717e-02
-4.322213307023048401e-02
-4.103258252143859863e-02
-3.893328458070755005e-02
-3.692196309566497803e-02
-3.499632701277732849e-02
-3.315403684973716736e-02
-3.139272704720497131e-02
-2.971001528203487396e-02
-2.810352481901645660e-02
-2.657086029648780823e-02
-2.510964684188365936e-02
-2.371750958263874054e-02
-2.239210903644561768e-02
-2.113111689686775208e-02
-1.993223465979099274e-02
-1.879320479929447174e-02
-1.771180331707000732e-02
-1.668584719300270081e-02
-1.571320369839668274e-02
-1.479177549481391907e-02
-1.391953043639659882e-02
-1.309448480606079102e-02
-1.231470424681901932e-02
-1.157831959426403046e-02
-1.088351476937532425e-02
-1.022853516042232513e-02
-9.611689485609531403e-03
-9.031341411173343658e-03
-8.485922589898109436e-03
-7.973927073180675507e-03
-7.493910845369100571e-03
-7.044491823762655258e-03
-6.624354515224695206e-03
-6.232243962585926056e-03
-5.866968072950839996e-03
-5.527401808649301529e-03
-5.212480202317237854e-03
-4.921199753880500793e-03
-4.652619827538728714e-03
-4.405861720442771912e-03
-4.180109594017267227e-03
-3.974604420363903046e-03
-3.788651200011372566e-03
-3.621613373979926109e-03
-3.472913522273302078e-03
-3.342033829540014267e-03
-3.228514222428202629e-03
-3.131954465061426163e-03
-3.052010899409651756e-03
-2.988398075103759766e-03
-2.940887585282325745e-03
-2.909308997914195061e-03
-2.893548225983977318e-03
-2.893548225983977318e-03
-2.909308997914195061e-03
-2.940887585282325745e-03
-2.988398075103759766e-03
-3.052010899409651756e-03
-3.131954465061426163e-03
-3.228514222428202629e-03
-3.342033829540014267e-03
-3.472913522273302078e-03
-3.621613373979926109e-03
-3.788651200011372566e-03
-3.974604420363903046e-03
-4.180109594017267227e-03
-4.405861720442771912e-03
-4.652619827538728714e-03
-4.921199753880500793e-03
-5.212480202317237854e-03
-5.527401808649301529e-03
-5.866968072950839996e-03
-6.232243962585926056e-03
-6.624354515224695206e-03
-7.044491823762655258e-03
-7.493910845369100571e-03
-7.973927073180675507e-03
-8.485922589898109436e-03
-9.031341411173343658e-03
-9.611689485609531403e-03
-1.022853516042232513e-02
-1.088351476937532425e-02
-1.157831959426403046e-02
-1.231470424681901932e-02
-1.309448480606079102e-02
-1.391953043639659882e-02
-1.479177549481391907e-02
-1.571320369839668274e-02
-1.668584719300270081e-02
-1.771180331707000732e-02
-1.879320479929447174e-02
-1.993223465979099274e-02
-2.113111689686775208e-02
-2.239210903644561768e-02
-2.371750958263874054e-02
-2.510964684188365936e-02
-2.657086029648780823e-02
-2.810352481901645660e-02
-2.971001528203487396e-02
-3.139272704720497131e-02
-3.315403684973716736e-02
-3.499632701277732849e-02
-3.692196309566497803e-02
-3.893328458070755005e-02
-4.103258252143859863e-02
-4.322213307023048401e-02
-4.550413787364959717e-02
-4.788074642419815063e-02
-5.035402998328208923e-02
-5.292595550417900085e-02
-5.559843406081199646e-02
-5.837320908904075623e-02
-6.125193834304809570e-02
-6.423612684011459351e-02
-6.732711941003799438e-02
-7.052610814571380615e-02
-7.383407652378082275e-02
-7.725183665752410889e-02
-8.077993243932723999e-02
-8.441875129938125610e-02
-8.816836029291152954e-02
-9.202859550714492798e-02
-9.599899500608444214e-02
-1.000787839293479919e-01
-1.042669191956520081e-01
-1.085619255900382996e-01
-1.129620745778083801e-01
-1.174652054905891418e-01
-1.220687925815582275e-01
-1.267698705196380615e-01
-1.315650790929794312e-01
-1.364506334066390991e-01
-1.414222717285156250e-01
-1.464752703905105591e-01
-1.516044437885284424e-01
-1.568041145801544189e-01
-1.620680540800094604e-01
-1.673896014690399170e-01
-1.727614998817443848e-01
-1.781759858131408691e-01
-1.836248189210891724e-01
-1.890991330146789551e-01
-1.945896297693252563e-01
-2.000864148139953613e-01
-2.055790573358535767e-01
-2.110566198825836182e-01
-2.165076434612274170e-01
-2.219201624393463135e-01
-2.272817194461822510e-01
-2.325794398784637451e-01
-2.377998530864715576e-01
-2.429292351007461548e-01
-2.479533255100250244e-01
-2.528574764728546143e-01
-2.576268613338470459e-01
-2.622461915016174316e-01
-2.666998803615570068e-01
-2.709723114967346191e-01
-2.750475108623504639e-01
-2.789094150066375732e-01
-2.825418114662170410e-01
-2.859287559986114502e-01
-2.890540659427642822e-01
-2.919016480445861816e-01
-2.944557964801788330e-01
-2.967008650302886963e-01
-2.986215651035308838e-01
-3.002030253410339355e-01
-3.014307618141174316e-01
-3.022907972335815430e-01
-3.027699589729309082e-01
-3.028556108474731445e-01
-3.025358319282531738e-01
-3.017996251583099365e-01
-3.006370365619659424e-01
-2.990390062332153320e-01
-2.969975471496582031e-01
-2.945058941841125488e-01
-2.915586233139038086e-01
-2.881515622138977051e-01
-2.842817306518554688e-01
-2.799480259418487549e-01
-2.751505374908447266e-01
-2.698909938335418701e-01
-2.641729712486267090e-01
-2.580015659332275391e-01
-2.513835132122039795e-01
-2.443276047706604004e-01
-2.368440628051757812e-01
-2.289451956748962402e-01
-2.206450402736663818e-01
-2.119594812393188477e-01
-2.029060721397399902e-01
-1.935043632984161377e-01
-1.837754845619201660e-01
-1.737424433231353760e-01
-1.634296178817749023e-01
-1.528634577989578247e-01
-1.420715153217315674e-01
-1.310829520225524902e-01
-1.199282109737396240e-01
-1.086390167474746704e-01
-9.724813699722290039e-02
-8.578930795192718506e-02
-7.429711520671844482e-02
-6.280666589736938477e-02
-5.135371908545494080e-02
-3.997432813048362732e-02
-2.870444208383560181e-02
-1.758013665676116943e-02
-6.637208163738250732e-03
4.089165478944778442e-03
1.456444710493087769e-02
2.475508302450180054e-02
3.462864458560943604e-02
4.415416717529296875e-02
5.330215394496917725e-02
6.204515695571899414e-02
7.035760581493377686e-02
7.821634411811828613e-02
8.560062944889068604e-02
9.249239414930343628e-02
9.887662529945373535e-02
1.047412082552909851e-01
1.100772768259048462e-01
1.148795560002326965e-01
1.191460490226745605e-01
1.228784918785095215e-01
1.260824054479598999e-01
1.287670731544494629e-01
1.309455931186676025e-01
1.326349079608917236e-01
1.338559091091156006e-01
1.346331685781478882e-01
1.349951773881912231e-01
1.349738687276840210e-01
1.346048414707183838e-01
1.339269876480102539e-01
1.329823136329650879e-01
1.318157911300659180e-01
1.304749846458435059e-01
1.290098726749420166e-01
1.274724453687667847e-01
1.259163469076156616e-01
1.243965029716491699e-01
1.229687929153442383e-01
1.216893196105957031e-01
1.206143796443939209e-01
1.197996735572814941e-01
1.192998439073562622e-01
1.191680207848548889e-01
1.194553896784782410e-01
1.202103793621063232e-01
1.214785948395729065e-01
1.233016476035118103e-01
1.257174015045166016e-01
1.287587136030197144e-01
1.324535161256790161e-01
1.368240863084793091e-01
1.418867260217666626e-01
1.476512253284454346e-01
1.541205942630767822e-01
1.612907946109771729e-01
1.691503524780273438e-01
1.776802688837051392e-01
1.868537068367004395e-01
1.966362297534942627e-01
2.069854736328125000e-01
2.178511321544647217e-01
2.291755378246307373e-01
2.408934533596038818e-01
2.529329657554626465e-01
2.652146816253662109e-01
2.776536345481872559e-01
2.901588976383209229e-01
3.026345372200012207e-01
3.149803876876831055e-01
3.270930349826812744e-01
3.388660550117492676e-01
3.501918315887451172e-01
3.609622716903686523e-01
3.710695505142211914e-01
3.804087042808532715e-01
3.888776302337646484e-01
3.963791728019714355e-01
4.028229117393493652e-01
4.081277847290039062e-01
4.122239649295806885e-01
4.150556921958923340e-01
4.165859818458557129e-01
4.168014526367187500e-01
4.157175123691558838e-01
4.133849143981933594e-01
4.098994135856628418e-01
4.054029583930969238e-01
4.000936150550842285e-01
3.942239880561828613e-01
3.880944550037384033e-01
3.820469379425048828e-01
3.764399290084838867e-01
3.716279566287994385e-01
3.679303526878356934e-01
3.656018674373626709e-01
3.648065626621246338e-01
3.656018674373626709e-01
3.679303526878356934e-01
3.716279566287994385e-01
3.764399290084838867e-01
3.820469379425048828e-01
3.880944550037384033e-01
3.942239880561828613e-01
4.000936150550842285e-01
4.054029583930969238e-01
4.098994135856628418e-01
4.133849143981933594e-01
4.157175123691558838e-01
4.168014526367187500e-01
4.165859818458557129e-01
4.150556921958923340e-01
4.122239649295806885e-01
4.081277847290039062e-01
4.028229117393493652e-01
3.963791728019714355e-01
3.888776302337646484e-01
3.804087042808532715e-01
3.710695505142211914e-01
3.609622716903686523e-01
3.501918315887451172e-01
3.388660550117492676e-01
3.270930349826812744e-01
3.149803876876831055e-01
3.026345372200012207e-01
2.901588976383209229e-01
2.776536345481872559e-01
2.652146816253662109e-01
2.529329657554626465e-01
2.408934533596038818e-01
2.291755378246307373e-01
2.178511321544647217e-01
2.069854736328125000e-01
1.966362297534942627e-01
1.868537068367004395e-01
1.776802688837051392e-01
1.691503524780273438e-01
1.612907946109771729e-01
1.541205942630767822e-01
1.476512253284454346e-01
1.418867260217666626e-01
1.368240863084793091e-01
1.324535161256790161e-01
1.287587136030197144e-01
1.257174015045166016e-01
1.233016476035118103e-01
1.214785948395729065e-01
1.202103793621063232e-01
1.194553896784782410e-01
1.191680207848548889e-01
1.192998439073562622e-01
1.197996735572814941e-01
1.206143796443939209e-01
1.216893196105957031e-01
1.229687929153442383e-01
1.243965029716491699e-01
1.259163469076156616e-01
1.274724453687667847e-01
1.290098726749420166e-01
1.304749846458435059e-01
1.318157911300659180e-01
1.329823136329650879e-01
1.339269876480102539e-01
1.346048414707183838e-01
1.349738687276840210e-01
1.349951773881912231e-01
1.346331685781478882e-01
1.338559091091156006e-01
1.326349079608917236e-01
1.309455931186676025e-01
1.287670731544494629e-01
1.260824054479598999e-01
1.228784918785095215e-01
1.191460490226745605e-01
1.148795560002326965e-01
1.100772768259048462e-01
1.047412082552909851e-01
9.887662529945373535e-02
9.249239414930343628e-02
8.560062944889068604e-02
7.821634411811828613e-02
7.035760581493377686e-02
6.204515695571899414e-02
5.330215394496917725e-02
4.415416717529296875e-02
3.462864458560943604e-02
2.475508302450180054e-02
1.456444710493087769e-02
4.089165478944778442e-03
-6.637208163738250732e-03
-1.758013665676116943e-02
-2.870444208383560181e-02
-3.997432813048362732e-02
-5.135371908545494080e-02
-6.280666589736938477e-02
-7.429711520671844482e-02
-8.578930795192718506e-02
-9.724813699722290039e-02
-1.086390167474746704e-01
-1.199282109737396240e-01
-1.310829520225524902e-01
-1.420715153217315674e-01
-1.528634577989578247e-01
-1.634296178817749023e-01
-1.737424433231353760e-01
-1.837754845619201660e-01
-1.935043632984161377e-01
-2.029060721397399902e-01
-2.119594812393188477e-01
-2.206450402736663818e-01
-2.289451956748962402e-01
-2.368440628051757812e-01
-2.443276047706604004e-01
-2.513835132122039795e-01
-2.580015659332275391e-01
-2.641729712486267090e-01
-2.698909938335418701e-01
-2.751505374908447266e-01
-2.799480259418487549e-01
-2.842817306518554688e-01
-2.881515622138977051e-01
-2.915586233139038086e-01
-2.945058941841125488e-01
-2.969975471496582031e-01
-2.990390062332153320e-01
-3.006370365619659424e-01
-3.017996251583099365e-01
-3.025358319282531738e-01
-3.028556108474731445e-01
-3.027699589729309082e-01
-3.022907972335815430e-01
-3.014307618141174316e-01
-3.002030253410339355e-01
-2.986215651035308838e-01
-2.967008650302886963e-01
-2.944557964801788330e-01
-2.919016480445861816e-01
-2.890540659427642822e-01
-2.859287559986114502e-01
-2.825418114662170410e-01
-2.789094150066375732e-01
-2.750475108623504639e-01
-2.709723114967346191e-01
-2.666998803615570068e-01
-2.622461915016174316e-01
-2.576268613338470459e-01
-2.528574764728546143e-01
-2.479533255100250244e-01
-2.429292351007461548e-01
-2.377998530864715576e-01
-2.325794398784637451e-01
-2.272817194461822510e-01
-2.219201624393463135e-01
-2.165076434612274170e-01
-2.110566198825836182e-01
-2.055790573358535767e-01
-2.000864148139953613e-01
-1.945896297693252563e-01
-1.890991330146789551e-01
-1.836248189210891724e-01
-1.781759858131408691e-01
-1.727614998817443848e-01
-1.673896014690399170e-01
-1.620680540800094604e-01
-1.568041145801544189e-01
-1.516044437885284424e-01
-1.464752703905105591e-01
-1.414222717285156250e-01
-1.364506334066390991e-01
-1.315650790929794312e-01
-1.267698705196380615e-01
-1.220687925815582275e-01
-1.174652054905891418e-01
-1.129620745778083801e-01
-1.085619255900382996e-01
-1.042669191956520081e-01
-1.000787839293479919e-01
-9.599899500608444214e-02
-9.202859550714492798e-02
-8.816836029291152954e-02
-8.441875129938125610e-02
-8.077993243932723999e-02
-7.725183665752410889e-02
-7.383407652378082275e-02
-7.052610814571380615e-02
-6.732711941003799438e-02
-6.423612684011459351e-02
-6.125193834304809570e-02
-5.837320908904075623e-02
-5.559843406081199646e-02
-5.292595550417900085e-02
-5.035402998328208923e-02
-4.788074642419815063e-02
-4.550413787364959717e-02
-4.322213307023048401e-02
-4.103258252143859863e-02
-3.893328458070755005e-02
-3.692196309566497803e-02
-3.499632701277732849e-02
-3.315403684973716736e-02
-3.139272704720497131e-02
-2.971001528203487396e-02
-2.810352481901645660e-02
-2.657086029648780823e-02
-2.510964684188365936e-02
-2.371750958263874054e-02
-2.239210903644561768e-02
-2.113111689686775208e-02
-1.993223465979099274e-02
-1.879320479929447174e-02
-1.771180331707000732e-02
-1.668584719300270081e-02
-1.571320369839668274e-02
-1.479177549481391907e-02
-1.391953043639659882e-02
-1.309448480606079102e-02
-1.231470424681901932e-02
-1.157831959426403046e-02
-1.088351476937532425e-02
-1.022853516042232513e-02
-9.611689485609531403e-03
-9.031341411173343658e-03
-8.485922589898109436e-03
-7.973927073180675507e-03
-7.493910845369100571e-03
-7.044491823762655258e-03
-6.624354515224695206e-03
-6.232243962585926056e-03
-5.866968072950839996e-03
-5.527401808649301529e-03
-5.212480202317237854e-03
-4.921199753880500793e-03
-4.652619827538728714e-03
-4.405861720442771912e-03
-4.180109594017267227e-03
-3.974604420363903046e-03
-3.788651200011372566e-03
-3.621613373979926109e-03
-3.472913522273302078e-03
-3.342033829540014267e-03
-3.228514222428202629e-03
-3.131954465061426163e-03
-3.052010899409651756e-03
-2.988398075103759766e-03
-2.940887585282325745e-03
-2.909308997914195061e-03
-2.893548225983977318e-03
-2.893548225983977318e-03
-2.909308997914195061e-03
-2.940887585282325745e-03
-2.988398075103759766e-03
-3.052010899409651756e-03
-3.131954465061426163e-03
-3.228514222428202629e-03
-3.342033829540014267e-03
-3.472913522273302078e-03
-3.621613373979926109e-03
-3.788651200011372566e-03
-3.974604420363903046e-03
-4.180109594017267227e-03
-4.405861720442771912e-03
-4.652619827538728714e-03
-4.921199753880500793e-03
-5.212480202317237854e-03
-5.527401808649301529e-03
-5.866968072950839996e-03
-6.232243962585926056e-03
-6.624354515224695206e-03
-7.044491823762655258e-03
-7.493910845369100571e-03
-7.973927073180675507e-03
-8.485922589898109436e-03
-9.031341411173343658e-03
-9.611689485609531403e-03
-1.022853516042232513e-02
-1.088351476937532425e-02
-1.157831959426403046e-02
-1.231470424681901932e-02
-1.309448480606079102e-02
-1.391953043639659882e-02
-1.479177549481391907e-02
-1.571320369839668274e-02
-1.668584719300270081e-02
-1.771180331707000732e-02
-1.879320479929447174e-02
-1.993223465979099274e-02
-2.113111689686775208e-02
-2.239210903644561768e-02
-2.371750958263874054e-02
-2.510964684188365936e-02
-2.657086029648780823e-02
-2.810352481901645660e-02
-2.971001528203487396e-02
-3.139272704720497131e-02
-3.315403684973716736e-02
-3.499632701277732849e-02
-3.692196309566497803e-02
-3.893328458070755005e-02
-4.103258252143859863e-02
-4.322213307023048401e-02
-4.550413787364959717e-02
-4.788074642419815063e-02
-5.035402998328208923e-02
-5.292595550417900085e-02
-5.559843406081199646e-02
-5.837320908904075623e-02
-6.125193834304809570e-02
-6.423612684011459351e-02
-6.732711941003799438e-02
-7.052610814571380615e-02
-7.383407652378082275e-02
-7.725183665752410889e-02
-8.077993243932723999e-02
-8.441875129938125610e-02
-8.816836029291152954e-02
-9.202859550714492798e-02
-9.599899500608444214e-02
-1.000787839293479919e-01
-1.042669191956520081e-01
-1.085619255900382996e-01
-1.129620745778083801e-01
-1.174652054905891418e-01
-1.220687925815582275e-01
-1.267698705196380615e-01
-1.315650790929794312e-01
-1.364506334066390991e-01
-1.414222717285156250e-01
-1.464752703905105591e-01
-1.516044437885284424e-01
-1.568041145801544189e-01
-1.620680540800094604e-01
-1.673896014690399170e-01
-1.727614998817443848e-01
-1.781759858131408691e-01
-1.836248189210891724e-01
-1.890991330146789551e-01
-1.945896297693252563e-01
-2.000864148139953613e-01
-2.055790573358535767e-01
-2.110566198825836182e-01
-2.165076434612274170e-01
-2.219201624393463135e-01
-2.272817194461822510e-01
-2.325794398784637451e-01
-2.377998530864715576e-01
-2.429292351007461548e-01
-2.479533255100250244e-01
-2.528574764728546143e-01
-2.576268613338470459e-01
-2.622461915016174316e-01
-2.666998803615570068e-01
-2.709723114967346191e-01
-2.750475108623504639e-01
-2.789094150066375732e-01
-2.825418114662170410e-01
-2.859287559986114502e-01
-2.890540659427642822e-01
-2.919016480445861816e-01
-2.944557964801788330e-01
-2.967008650302886963e-01
-2.986215651035308838e-01
-3.002030253410339355e-01
-3.014307618141174316e-01
-3.022907972335815430e-01
-3.027699589729309082e-01
-3.028556108474731445e-01
-3.025358319282531738e-01
-3.017996251583099365e-01
-3.006370365619659424e-01
-2.990390062332153320e-01
-2.969975471496582031e-01
-2.945058941841125488e-01
-2.915586233139038086e-01
-2.881515622138977051e-01
-2.842817306518554688e-01
-2.799480259418487549e-01
-2.751505374908447266e-01
-2.698909938335418701e-01
-2.641729712486267090e-01
-2.580015659332275391e-01
-2.513835132122039795e-01
-2.443276047706604004e-01
-2.368440628051757812e-01
-2.289451956748962402e-01
-2.206450402736663818e-01
-2.119594812393188477e-01
-2.029060721397399902e-01
-1.935043632984161377e-01
-1.837754845619201660e-01
-1.737424433231353760e-01
-1.634296178817749023e-01
-1.528634577989578247e-01
-1.420715153217315674e-01
-1.310829520225524902e-01
-1.199282109737396240e-01
-1.086390167474746704e-01
-9.724813699722290039e-02
-8.578930795192718506e-02
-7.429711520671844482e-02
-6.280666589736938477e-02
-5.135371908545494080e-02
-3.997432813048362732e-02
-2.870444208383560181e-02
-1.758013665676116943e-02
-6.637208163738250732e-03
4.089165478944778442e-03
1.456444710493087769e-02
2.475508302450180054e-02
3.462864458560943604e-02
4.415416717529296875e-02
5.330215394496917725e-02
6.204515695571899414e-02
7.035760581493377686e-02
7.821634411811828613e-02
8.560062944889068604e-02
9.249239414930343628e-02
9.887662529945373535e-02
1.047412082552909851e-01
1.100772768259048462e-01
1.148795560002326965e-01
1.191460490226745605e-01
1.228784918785095215e-01
1.260824054479598999e-01
1.287670731544494629e-01
1.309455931186676025e-01
1.326349079608917236e-01
1.338559091091156006e-01
1.346331685781478882e-01
1.349951773881912231e-01
1.349738687276840210e-01
1.346048414707183838e-01
1.339269876480102539e-01
1.329823136329650879e-01
1.318157911300659180e-01
1.304749846458435059e-01
1.290098726749420166e-01
1.274724453687667847e-01
1.259163469076156616e-01
1.243965029716491699e-01
1.229687929153442383e-01
1.216893196105957031e-01
1.206143796443939209e-01
1.197996735572814941e-01
1.192998439073562622e-01
1.191680207848548889e-01
1.194553896784782410e-01
1.202103793621063232e-01
1.214785948395729065e-01
1.233016476035118103e-01
1.257174015045166016e-01
1.287587136030197144e-01
1.324535161256790161e-01
1.368240863084793091e-01
1.418867260217666626e-01
1.476512253284454346e-01
1.541205942630767822e-01
1.612907946109771729e-01
1.691503524780273438e-01
1.776802688837051392e-01
1.868537068367004395e-01
1.966362297534942627e-01
2.069854736328125000e-01
2.178511321544647217e-01
2.291755378246307373e-01
2.408934533596038818e-01
2.529329657554626465e-01
2.652146816253662109e-01
2.776536345481872559e-01
2.901588976383209229e-01
3.026345372200012207e-01
3.149803876876831055e-01
3.270930349826812744e-01
3.388660550117492676e-01
3.501918315887451172e-01
3.609622716903686523e-01
3.710695505142211914e-01
3.804087042808532715e-01
3.888776302337646484e-01
3.963791728019714355e-01
4.028229117393493652e-01
4.081277847290039062e-01
4.122239649295806885e-01
4.150556921958923340e-01
4.165859818458557129e-01
4.168014526367187500e-01
4.157175123691558838e-01
4.133849143981933594e-01
4.098994135856628418e-01
4.054029583930969238e-01
4.000936150550842285e-01
3.942239880561828613e-01
3.880944550037384033e-01
3.820469379425048828e-01
3.764399290084838867e-01
3.716279566287994385e-01
3.679303526878356934e-01
3.656018674373626709e-01
