-3.483338952064514160e-01
-3.484561443328857422e-01
-3.488268256187438965e-01
-3.494547605514526367e-01
-3.503509163856506348e-01
-3.515267372131347656e-01
-3.529865741729736328e-01
-3.547275066375732422e-01
-3.567356467247009277e-01
-3.589861392974853516e-01
-3.614460229873657227e-01
-3.640742301940917969e-01
-3.668265342712402344e-01
-3.696560263633728027e-01
-3.725189566612243652e-01
-3.753724098205566406e-01
-3.781780004501342773e-01
-3.809009790420532227e-01
-3.835111260414123535e-01
-3.859813213348388672e-01
-3.882880210876464844e-01
-3.904097676277160645e-01
-3.923280835151672363e-01
-3.940250873565673828e-01
-3.954851031303405762e-01
-3.966927528381347656e-01
-3.976338505744934082e-01
-3.982948064804077148e-01
-3.986619412899017334e-01
-3.987222909927368164e-01
-3.984634280204772949e-01
-3.978727459907531738e-01
-3.969381153583526611e-01
-3.956476747989654541e-01
-3.939898610115051270e-01
-3.919535875320434570e-01
-3.895281255245208740e-01
-3.867032229900360107e-01
-3.834694027900695801e-01
-3.798175752162933350e-01
-3.757397532463073730e-01
-3.712285757064819336e-01
-3.662776648998260498e-01
-3.608816862106323242e-01
-3.550363183021545410e-01
-3.487385213375091553e-01
-3.419864773750305176e-01
-3.347795903682708740e-01
-3.271187245845794678e-01
-3.190060257911682129e-01
-3.104452192783355713e-01
-3.014414310455322266e-01
-2.920011878013610840e-01
-2.821327745914459229e-01
-2.718457281589508057e-01
-2.611512541770935059e-01
-2.500618696212768555e-01
-2.385917603969573975e-01
-2.267563343048095703e-01
-2.145724892616271973e-01
-2.020583748817443848e-01
-1.892335116863250732e-01
-1.761184781789779663e-01
-1.627349406480789185e-01
-1.491058319807052612e-01
-1.352548748254776001e-01
-1.212065219879150391e-01
-1.069862097501754761e-01
-9.261990338563919067e-02
-7.813432812690734863e-02
-6.355635076761245728e-02
-4.891335219144821167e-02
-3.423298895359039307e-02
-1.954303681850433350e-02
-4.871182143688201904e-03
9.754769504070281982e-03
2.430738508701324463e-02
3.875936940312385559e-02
5.308395624160766602e-02
6.725469231605529785e-02
8.124588429927825928e-02
9.503228217363357544e-02
1.085896193981170654e-01
1.218941956758499146e-01
1.349234730005264282e-01
1.476556062698364258e-01
1.600699722766876221e-01
1.721470355987548828e-01
1.838681995868682861e-01
1.952163279056549072e-01
2.061752378940582275e-01
2.167300432920455933e-01
2.268673330545425415e-01
2.365748882293701172e-01
2.458417117595672607e-01
2.546581923961639404e-01
2.630160152912139893e-01
2.709082067012786865e-01
2.783291935920715332e-01
2.852745652198791504e-01
2.917412221431732178e-01
2.977275252342224121e-01
3.032328486442565918e-01
3.082577288150787354e-01
3.128039836883544922e-01
3.168747127056121826e-01
3.204738199710845947e-01
3.236063718795776367e-01
3.262785375118255615e-01
3.284973204135894775e-01
3.302707076072692871e-01
3.316073715686798096e-01
3.325169086456298828e-01
3.330098092555999756e-01
3.330969214439392090e-01
3.327900171279907227e-01
3.321011066436767578e-01
3.310431540012359619e-01
3.296291530132293701e-01
3.278727829456329346e-01
3.257879614830017090e-01
3.233889639377593994e-01
3.206901848316192627e-01
3.177063465118408203e-01
3.144522607326507568e-01
3.109427392482757568e-01
3.071928322315216064e-01
3.032174110412597656e-01
2.990314066410064697e-01
2.946495413780212402e-01
2.900866270065307617e-01
2.853570878505706787e-01
2.804752886295318604e-01
2.754552662372589111e-01
2.703109085559844971e-01
2.650557458400726318e-01
2.597030401229858398e-01
2.542656064033508301e-01
2.487560361623764038e-01
2.431864887475967407e-01
2.375687360763549805e-01
2.319141328334808350e-01
2.262335568666458130e-01
2.205375283956527710e-01
2.148361802101135254e-01
2.091390490531921387e-01
2.034553140401840210e-01
1.977937221527099609e-01
1.921624690294265747e-01
1.865693628787994385e-01
1.810217648744583130e-01
1.755265146493911743e-01
1.700900793075561523e-01
1.647184491157531738e-01
1.594171673059463501e-01
1.541913598775863647e-01
1.490457803010940552e-01
1.439846456050872803e-01
1.390119493007659912e-01
1.341311186552047729e-01
1.293453425168991089e-01
1.246573552489280701e-01
1.200695782899856567e-01
1.155841201543807983e-01
1.112027093768119812e-01
1.069267690181732178e-01
1.027574613690376282e-01
9.869562089443206787e-02
9.474185854196548462e-02
9.089648723602294922e-02
8.715958148241043091e-02
8.353102207183837891e-02
8.001043647527694702e-02
7.659726589918136597e-02
7.329075783491134644e-02
7.009000331163406372e-02
6.699389964342117310e-02
6.400122493505477905e-02
6.111061573028564453e-02
5.832055583596229553e-02
5.562945082783699036e-02
5.303557217121124268e-02
5.053713545203208923e-02
4.813222587108612061e-02
4.581890627741813660e-02
4.359514638781547546e-02
4.145887494087219238e-02
3.940796107053756714e-02
3.744026646018028259e-02
3.555358573794364929e-02
3.374572843313217163e-02
3.201446309685707092e-02
3.035756945610046387e-02
2.877280302345752716e-02
2.725794725120067596e-02
2.581077814102172852e-02
2.442908845841884613e-02
2.311069518327713013e-02
2.185342833399772644e-02
2.065515331923961639e-02
1.951375789940357208e-02
1.842716336250305176e-02
1.739333383738994598e-02
1.641026325523853302e-02
1.547599304467439651e-02
1.458859629929065704e-02
1.374620385468006134e-02
1.294698193669319153e-02
1.218914426863193512e-02
1.147095952183008194e-02
1.079074107110500336e-02
1.014684978872537613e-02
9.537695907056331635e-03
8.961745537817478180e-03
8.417510427534580231e-03
7.903551682829856873e-03
7.418487221002578735e-03
6.960978731513023376e-03
6.529737729579210281e-03
6.123528815805912018e-03
5.741164088249206543e-03
5.381502676755189896e-03
5.043453536927700043e-03
4.725970327854156494e-03
4.428055603057146072e-03
4.148754756897687912e-03
3.887160215526819229e-03
3.642406081780791283e-03
3.413671161979436874e-03
3.200176404789090157e-03
3.001183737069368362e-03
2.815994899719953537e-03
2.643952611833810806e-03
2.484437078237533569e-03
2.336867619305849075e-03
2.200700109824538231e-03
2.075426746159791946e-03
1.960575580596923828e-03
1.855710172094404697e-03
1.760426908731460571e-03
1.674357103183865547e-03
1.597163965925574303e-03
1.528544467873871326e-03
1.468226430006325245e-03
1.415969338268041611e-03
1.371563412249088287e-03
1.334830303676426411e-03
1.305621583014726639e-03
1.283818273805081844e-03
1.269331667572259903e-03
1.262103323824703693e-03
1.262103323824703693e-03
1.269331667572259903e-03
1.283818273805081844e-03
1.305621583014726639e-03
1.334830303676426411e-03
1.371563412249088287e-03
1.415969338268041611e-03
1.468226430006325245e-03
1.528544467873871326e-03
1.597163965925574303e-03
1.674357103183865547e-03
1.760426908731460571e-03
1.855710172094404697e-03
1.960575580596923828e-03
2.075426746159791946e-03
2.200700109824538231e-03
2.336867619305849075e-03
2.484437078237533569e-03
2.643952611833810806e-03
2.815994899719953537e-03
3.001183737069368362e-03
3.200176404789090157e-03
3.413671161979436874e-03
3.642406081780791283e-03
3.887160215526819229e-03
4.148754756897687912e-03
4.428055603057146072e-03
4.725970327854156494e-03
5.043453536927700043e-03
5.381502676755189896e-03
5.741164088249206543e-03
6.123528815805912018e-03
6.529737729579210281e-03
6.960978731513023376e-03
7.418487221002578735e-03
7.903551682829856873e-03
8.417510427534580231e-03
8.961745537817478180e-03
9.537695907056331635e-03
1.014684978872537613e-02
1.079074107110500336e-02
1.147095952183008194e-02
1.218914426863193512e-02
1.294698193669319153e-02
1.374620385468006134e-02
1.458859629929065704e-02
1.547599304467439651e-02
1.641026325523853302e-02
1.739333383738994598e-02
1.842716336250305176e-02
1.951375789940357208e-02
2.065515331923961639e-02
2.185342833399772644e-02
2.311069518327713013e-02
2.442908845841884613e-02
2.581077814102172852e-02
2.725794725120067596e-02
2.877280302345752716e-02
3.035756945610046387e-02
3.201446309685707092e-02
3.374572843313217163e-02
3.555358573794364929e-02
3.744026646018028259e-02
3.940796107053756714e-02
4.145887494087219238e-02
4.359514638781547546e-02
4.581890627741813660e-02
4.813222587108612061e-02
5.053713545203208923e-02
5.303557217121124268e-02
5.562945082783699036e-02
5.832055583596229553e-02
6.111061573028564453e-02
6.400122493505477905e-02
6.699389964342117310e-02
7.009000331163406372e-02
7.329075783491134644e-02
7.659726589918136597e-02
8.001043647527694702e-02
8.353102207183837891e-02
8.715958148241043091e-02
9.089648723602294922e-02
9.474185854196548462e-02
9.869562089443206787e-02
1.027574613690376282e-01
1.069267690181732178e-01
1.112027093768119812e-01
1.155841201543807983e-01
1.200695782899856567e-01
1.246573552489280701e-01
1.293453425168991089e-01
1.341311186552047729e-01
1.390119493007659912e-01
1.439846456050872803e-01
1.490457803010940552e-01
1.541913598775863647e-01
1.594171673059463501e-01
1.647184491157531738e-01
1.700900793075561523e-01
1.755265146493911743e-01
1.810217648744583130e-01
1.865693628787994385e-01
1.921624690294265747e-01
1.977937221527099609e-01
2.034553140401840210e-01
2.091390490531921387e-01
2.148361802101135254e-01
2.205375283956527710e-01
2.262335568666458130e-01
2.319141328334808350e-01
2.375687360763549805e-01
2.431864887475967407e-01
2.487560361623764038e-01
2.542656064033508301e-01
2.597030401229858398e-01
2.650557458400726318e-01
2.703109085559844971e-01
2.754552662372589111e-01
2.804752886295318604e-01
2.853570878505706787e-01
2.900866270065307617e-01
2.946495413780212402e-01
2.990314066410064697e-01
3.032174110412597656e-01
3.071928322315216064e-01
3.109427392482757568e-01
3.144522607326507568e-01
3.177063465118408203e-01
3.206901848316192627e-01
3.233889639377593994e-01
3.257879614830017090e-01
3.278727829456329346e-01
3.296291530132293701e-01
3.310431540012359619e-01
3.321011066436767578e-01
3.327900171279907227e-01
3.330969214439392090e-01
3.330098092555999756e-01
3.325169086456298828e-01
3.316073715686798096e-01
3.302707076072692871e-01
3.284973204135894775e-01
3.262785375118255615e-01
3.236063718795776367e-01
3.204738199710845947e-01
3.168747127056121826e-01
3.128039836883544922e-01
3.082577288150787354e-01
3.032328486442565918e-01
2.977275252342224121e-01
2.917412221431732178e-01
2.852745652198791504e-01
2.783291935920715332e-01
2.709082067012786865e-01
2.630160152912139893e-01
2.546581923961639404e-01
2.458417117595672607e-01
2.365748882293701172e-01
2.268673330545425415e-01
2.167300432920455933e-01
2.061752378940582275e-01
1.952163279056549072e-01
1.838681995868682861e-01
1.721470355987548828e-01
1.600699722766876221e-01
1.476556062698364258e-01
1.349234730005264282e-01
1.218941956758499146e-01
1.085896193981170654e-01
9.503228217363357544e-02
8.124588429927825928e-02
6.725469231605529785e-02
5.308395624160766602e-02
3.875936940312385559e-02
2.430738508701324463e-02
9.754769504070281982e-03
-4.871182143688201904e-03
-1.954303681850433350e-02
-3.423298895359039307e-02
-4.891335219144821167e-02
-6.355635076761245728e-02
-7.813432812690734863e-02
-9.261990338563919067e-02
-1.069862097501754761e-01
-1.212065219879150391e-01
-1.352548748254776001e-01
-1.491058319807052612e-01
-1.627349406480789185e-01
-1.761184781789779663e-01
-1.892335116863250732e-01
-2.020583748817443848e-01
-2.145724892616271973e-01
-2.267563343048095703e-01
-2.385917603969573975e-01
-2.500618696212768555e-01
-2.611512541770935059e-01
-2.718457281589508057e-01
-2.821327745914459229e-01
-2.920011878013610840e-01
-3.014414310455322266e-01
-3.104452192783355713e-01
-3.190060257911682129e-01
-3.271187245845794678e-01
-3.347795903682708740e-01
-3.419864773750305176e-01
-3.487385213375091553e-01
-3.550363183021545410e-01
-3.608816862106323242e-01
-3.662776648998260498e-01
-3.712285757064819336e-01
-3.757397532463073730e-01
-3.798175752162933350e-01
-3.834694027900695801e-01
-3.867032229900360107e-01
-3.895281255245208740e-01
-3.919535875320434570e-01
-3.939898610115051270e-01
-3.956476747989654541e-01
-3.969381153583526611e-01
-3.978727459907531738e-01
-3.984634280204772949e-01
-3.987222909927368164e-01
-3.986619412899017334e-01
-3.982948064804077148e-01
-3.976338505744934082e-01
-3.966927528381347656e-01
-3.954851031303405762e-01
-3.940250873565673828e-01
-3.923280835151672363e-01
-3.904097676277160645e-01
-3.882880210876464844e-01
-3.859813213348388672e-01
-3.835111260414123535e-01
-3.809009790420532227e-01
-3.781780004501342773e-01
-3.753724098205566406e-01
-3.725189566612243652e-01
-3.696560263633728027e-01
-3.668265342712402344e-01
-3.640742301940917969e-01
-3.614460229873657227e-01
-3.589861392974853516e-01
-3.567356467247009277e-01
-3.547275066375732422e-01
-3.529865741729736328e-01
-3.515267372131347656e-01
-3.503509163856506348e-01
-3.494547605514526367e-01
-3.488268256187438965e-01
-3.484561443328857422e-01
-3.483338952064514160e-01
-3.484561443328857422e-01
-3.488268256187438965e-01
-3.494547605514526367e-01
-3.503509163856506348e-01
-3.515267372131347656e-01
-3.529865741729736328e-01
-3.547275066375732422e-01
-3.567356467247009277e-01
-3.589861392974853516e-01
-3.614460229873657227e-01
-3.640742301940917969e-01
-3.668265342712402344e-01
-3.696560263633728027e-01
-3.725189566612243652e-01
-3.753724098205566406e-01
-3.781780004501342773e-01
-3.809009790420532227e-01
-3.835111260414123535e-01
-3.859813213348388672e-01
-3.882880210876464844e-01
-3.904097676277160645e-01
-3.923280835151672363e-01
-3.940250873565673828e-01
-3.954851031303405762e-01
-3.966927528381347656e-01
-3.976338505744934082e-01
-3.982948064804077148e-01
-3.986619412899017334e-01
-3.987222909927368164e-01
-3.984634280204772949e-01
-3.978727459907531738e-01
-3.969381153583526611e-01
-3.956476747989654541e-01
-3.939898610115051270e-01
-3.919535875320434570e-01
-3.895281255245208740e-01
-3.867032229900360107e-01
-3.834694027900695801e-01
-3.798175752162933350e-01
-3.757397532463073730e-01
-3.712285757064819336e-01
-3.662776648998260498e-01
-3.608816862106323242e-01
-3.550363183021545410e-01
-3.487385213375091553e-01
-3.419864773750305176e-01
-3.347795903682708740e-01
-3.271187245845794678e-01
-3.190060257911682129e-01
-3.104452192783355713e-01
-3.014414310455322266e-01
-2.920011878013610840e-01
-2.821327745914459229e-01
-2.718457281589508057e-01
-2.611512541770935059e-01
-2.500618696212768555e-01
-2.385917603969573975e-01
-2.267563343048095703e-01
-2.145724892616271973e-01
-2.020583748817443848e-01
-1.892335116863250732e-01
-1.761184781789779663e-01
-1.627349406480789185e-01
-1.491058319807052612e-01
-1.352548748254776001e-01
-1.212065219879150391e-01
-1.069862097501754761e-01
-9.261990338563919067e-02
-7.813432812690734863e-02
-6.355635076761245728e-02
-4.891335219144821167e-02
-3.423298895359039307e-02
-1.954303681850433350e-02
-4.871182143688201904e-03
9.754769504070281982e-03
2.430738508701324463e-02
3.875936940312385559e-02
5.308395624160766602e-02
6.725469231605529785e-02
8.124588429927825928e-02
9.503228217363357544e-02
1.085896193981170654e-01
1.218941956758499146e-01
1.349234730005264282e-01
1.476556062698364258e-01
1.600699722766876221e-01
1.721470355987548828e-01
1.838681995868682861e-01
1.952163279056549072e-01
2.061752378940582275e-01
2.167300432920455933e-01
2.268673330545425415e-01
2.365748882293701172e-01
2.458417117595672607e-01
2.546581923961639404e-01
2.630160152912139893e-01
2.709082067012786865e-01
2.783291935920715332e-01
2.852745652198791504e-01
2.917412221431732178e-01
2.977275252342224121e-01
3.032328486442565918e-01
3.082577288150787354e-01
3.128039836883544922e-01
3.168747127056121826e-01
3.204738199710845947e-01
3.236063718795776367e-01
3.262785375118255615e-01
3.284973204135894775e-01
3.302707076072692871e-01
3.316073715686798096e-01
3.325169086456298828e-01
3.330098092555999756e-01
3.330969214439392090e-01
3.327900171279907227e-01
3.321011066436767578e-01
3.310431540012359619e-01
3.296291530132293701e-01
3.278727829456329346e-01
3.257879614830017090e-01
3.233889639377593994e-01
3.206901848316192627e-01
3.177063465118408203e-01
3.144522607326507568e-01
3.109427392482757568e-01
3.071928322315216064e-01
3.032174110412597656e-01
2.990314066410064697e-01
2.946495413780212402e-01
2.900866270065307617e-01
2.853570878505706787e-01
2.804752886295318604e-01
2.754552662372589111e-01
2.703109085559844971e-01
2.650557458400726318e-01
2.597030401229858398e-01
2.542656064033508301e-01
2.487560361623764038e-01
2.431864887475967407e-01
2.375687360763549805e-01
2.319141328334808350e-01
2.262335568666458130e-01
2.205375283956527710e-01
2.148361802101135254e-01
2.091390490531921387e-01
2.034553140401840210e-01
1.977937221527099609e-01
1.921624690294265747e-01
1.865693628787994385e-01
1.810217648744583130e-01
1.755265146493911743e-01
1.700900793075561523e-01
1.647184491157531738e-01
1.594171673059463501e-01
1.541913598775863647e-01
1.490457803010940552e-01
1.439846456050872803e-01
1.390119493007659912e-01
1.341311186552047729e-01
1.293453425168991089e-01
1.246573552489280701e-01
1.200695782899856567e-01
1.155841201543807983e-01
1.112027093768119812e-01
1.069267690181732178e-01
1.027574613690376282e-01
9.869562089443206787e-02
9.474185854196548462e-02
9.089648723602294922e-02
8.715958148241043091e-02
8.353102207183837891e-02
8.001043647527694702e-02
7.659726589918136597e-02
7.329075783491134644e-02
7.009000331163406372e-02
6.699389964342117310e-02
6.400122493505477905e-02
6.111061573028564453e-02
5.832055583596229553e-02
5.562945082783699036e-02
5.303557217121124268e-02
5.053713545203208923e-02
4.813222587108612061e-02
4.581890627741813660e-02
4.359514638781547546e-02
4.145887494087219238e-02
3.940796107053756714e-02
3.744026646018028259e-02
3.555358573794364929e-02
3.374572843313217163e-02
3.201446309685707092e-02
3.035756945610046387e-02
2.877280302345752716e-02
2.725794725120067596e-02
2.581077814102172852e-02
2.442908845841884613e-02
2.311069518327713013e-02
2.185342833399772644e-02
2.065515331923961639e-02
1.951375789940357208e-02
1.842716336250305176e-02
1.739333383738994598e-02
1.641026325523853302e-02
1.547599304467439651e-02
1.458859629929065704e-02
1.374620385468006134e-02
1.294698193669319153e-02
1.218914426863193512e-02
1.147095952183008194e-02
1.079074107110500336e-02
1.014684978872537613e-02
9.537695907056331635e-03
8.961745537817478180e-03
8.417510427534580231e-03
7.903551682829856873e-03
7.418487221002578735e-03
6.960978731513023376e-03
6.529737729579210281e-03
6.123528815805912018e-03
5.741164088249206543e-03
5.381502676755189896e-03
5.043453536927700043e-03
4.725970327854156494e-03
4.428055603057146072e-03
4.148754756897687912e-03
3.887160215526819229e-03
3.642406081780791283e-03
3.413671161979436874e-03
3.200176404789090157e-03
3.001183737069368362e-03
2.815994899719953537e-03
2.643952611833810806e-03
2.484437078237533569e-03
2.336867619305849075e-03
2.200700109824538231e-03
2.075426746159791946e-03
1.960575580596923828e-03
1.855710172094404697e-03
1.760426908731460571e-03
1.674357103183865547e-03
1.597163965925574303e-03
1.528544467873871326e-03
1.468226430006325245e-03
1.415969338268041611e-03
1.371563412249088287e-03
1.334830303676426411e-03
1.305621583014726639e-03
1.283818273805081844e-03
1.269331667572259903e-03
1.262103323824703693e-03
1.262103323824703693e-03
1.269331667572259903e-03
1.283818273805081844e-03
1.305621583014726639e-03
1.334830303676426411e-03
1.371563412249088287e-03
1.415969338268041611e-03
1.468226430006325245e-03
1.528544467873871326e-03
1.597163965925574303e-03
1.674357103183865547e-03
1.760426908731460571e-03
1.855710172094404697e-03
1.960575580596923828e-03
2.075426746159791946e-03
2.200700109824538231e-03
2.336867619305849075e-03
2.484437078237533569e-03
2.643952611833810806e-03
2.815994899719953537e-03
3.001183737069368362e-03
3.200176404789090157e-03
3.413671161979436874e-03
3.642406081780791283e-03
3.887160215526819229e-03
4.148754756897687912e-03
4.428055603057146072e-03
4.725970327854156494e-03
5.043453536927700043e-03
5.381502676755189896e-03
5.741164088249206543e-03
6.123528815805912018e-03
6.529737729579210281e-03
6.960978731513023376e-03
7.418487221002578735e-03
7.903551682829856873e-03
8.417510427534580231e-03
8.961745537817478180e-03
9.537695907056331635e-03
1.014684978872537613e-02
1.079074107110500336e-02
1.147095952183008194e-02
1.218914426863193512e-02
1.294698193669319153e-02
1.374620385468006134e-02
1.458859629929065704e-02
1.547599304467439651e-02
1.641026325523853302e-02
1.739333383738994598e-02
1.842716336250305176e-02
1.951375789940357208e-02
2.065515331923961639e-02
2.185342833399772644e-02
2.311069518327713013e-02
2.442908845841884613e-02
2.581077814102172852e-02
2.725794725120067596e-02
2.877280302345752716e-02
3.035756945610046387e-02
3.201446309685707092e-02
3.374572843313217163e-02
3.555358573794364929e-02
3.744026646018028259e-02
3.940796107053756714e-02
4.145887494087219238e-02
4.359514638781547546e-02
4.581890627741813660e-02
4.813222587108612061e-02
5.053713545203208923e-02
5.303557217121124268e-02
5.562945082783699036e-02
5.832055583596229553e-02
6.111061573028564453e-02
6.400122493505477905e-02
6.699389964342117310e-02
7.009000331163406372e-02
7.329075783491134644e-02
7.659726589918136597e-02
8.001043647527694702e-02
8.353102207183837891e-02
8.715958148241043091e-02
9.089648723602294922e-02
9.474185854196548462e-02
9.869562089443206787e-02
1.027574613690376282e-01
1.069267690181732178e-01
1.112027093768119812e-01
1.155841201543807983e-01
1.200695782899856567e-01
1.246573552489280701e-01
1.293453425168991089e-01
1.341311186552047729e-01
1.390119493007659912e-01
1.439846456050872803e-01
1.490457803010940552e-01
1.541913598775863647e-01
1.594171673059463501e-01
1.647184491157531738e-01
1.700900793075561523e-01
1.755265146493911743e-01
1.810217648744583130e-01
1.865693628787994385e-01
1.921624690294265747e-01
1.977937221527099609e-01
2.034553140401840210e-01
2.091390490531921387e-01
2.148361802101135254e-01
2.205375283956527710e-01
2.262335568666458130e-01
2.319141328334808350e-01
2.375687360763549805e-01
2.431864887475967407e-01
2.487560361623764038e-01
2.542656064033508301e-01
2.597030401229858398e-01
2.650557458400726318e-01
2.703109085559844971e-01
2.754552662372589111e-01
2.804752886295318604e-01
2.853570878505706787e-01
2.900866270065307617e-01
2.946495413780212402e-01
2.990314066410064697e-01
3.032174110412597656e-01
3.071928322315216064e-01
3.109427392482757568e-01
3.144522607326507568e-01
3.177063465118408203e-01
3.206901848316192627e-01
3.233889639377593994e-01
3.257879614830017090e-01
3.278727829456329346e-01
3.296291530132293701e-01
3.310431540012359619e-01
3.321011066436767578e-01
3.327900171279907227e-01
3.330969214439392090e-01
3.330098092555999756e-01
3.325169086456298828e-01
3.316073715686798096e-01
3.302707076072692871e-01
3.284973204135894775e-01
3.262785375118255615e-01
3.236063718795776367e-01
3.204738199710845947e-01
3.168747127056121826e-01
3.128039836883544922e-01
3.082577288150787354e-01
3.032328486442565918e-01
2.977275252342224121e-01
2.917412221431732178e-01
2.852745652198791504e-01
2.783291935920715332e-01
2.709082067012786865e-01
2.630160152912139893e-01
2.546581923961639404e-01
2.458417117595672607e-01
2.365748882293701172e-01
2.268673330545425415e-01
2.167300432920455933e-01
2.061752378940582275e-01
1.952163279056549072e-01
1.838681995868682861e-01
1.721470355987548828e-01
1.600699722766876221e-01
1.476556062698364258e-01
1.349234730005264282e-01
1.218941956758499146e-01
1.085896193981170654e-01
9.503228217363357544e-02
8.124588429927825928e-02
6.725469231605529785e-02
5.308395624160766602e-02
3.875936940312385559e-02
2.430738508701324463e-02
9.754769504070281982e-03
-4.871182143688201904e-03
-1.954303681850433350e-02
-3.423298895359039307e-02
-4.891335219144821167e-02
-6.355635076761245728e-02
-7.813432812690734863e-02
-9.261990338563919067e-02
-1.069862097501754761e-01
-1.212065219879150391e-01
-1.352548748254776001e-01
-1.491058319807052612e-01
-1.627349406480789185e-01
-1.761184781789779663e-01
-1.892335116863250732e-01
-2.020583748817443848e-01
-2.145724892616271973e-01
-2.267563343048095703e-01
-2.385917603969573975e-01
-2.500618696212768555e-01
-2.611512541770935059e-01
-2.718457281589508057e-01
-2.821327745914459229e-01
-2.920011878013610840e-01
-3.014414310455322266e-01
-3.104452192783355713e-01
-3.190060257911682129e-01
-3.271187245845794678e-01
-3.347795903682708740e-01
-3.419864773750305176e-01
-3.487385213375091553e-01
-3.550363183021545410e-01
-3.608816862106323242e-01
-3.662776648998260498e-01
-3.712285757064819336e-01
-3.757397532463073730e-01
-3.798175752162933350e-01
-3.834694027900695801e-01
-3.867032229900360107e-01
-3.895281255245208740e-01
-3.919535875320434570e-01
-3.939898610115051270e-01
-3.956476747989654541e-01
-3.969381153583526611e-01
-3.978727459907531738e-01
-3.984634280204772949e-01
-3.987222909927368164e-01
-3.986619412899017334e-01
-3.982948064804077148e-01
-3.976338505744934082e-01
-3.966927528381347656e-01
-3.954851031303405762e-01
-3.940250873565673828e-01
-3.923280835151672363e-01
-3.904097676277160645e-01
-3.882880210876464844e-01
-3.859813213348388672e-01
-3.835111260414123535e-01
-3.809009790420532227e-01
-3.781780004501342773e-01
-3.753724098205566406e-01
-3.725189566612243652e-01
-3.696560263633728027e-01
-3.668265342712402344e-01
-3.640742301940917969e-01
-3.614460229873657227e-01
-3.589861392974853516e-01
-3.567356467247009277e-01
-3.547275066375732422e-01
-3.529865741729736328e-01
-3.515267372131347656e-01
-3.503509163856506348e-01
-3.494547605514526367e-01
-3.488268256187438965e-01
-3.484561443328857422e-01
