5.539815872907638550e-02
5.514041706919670105e-02
5.438036471605300903e-02
5.315653234720230103e-02
5.152782797813415527e-02
4.956709593534469604e-02
4.735382646322250366e-02
4.496692121028900146e-02
4.247855022549629211e-02
3.995081037282943726e-02
3.743297606706619263e-02
3.496236354112625122e-02
3.256446868181228638e-02
3.025542758405208588e-02
2.804415859282016754e-02
2.593397535383701324e-02
2.392513118684291840e-02
2.201524190604686737e-02
2.020110934972763062e-02
1.847870647907257080e-02
1.684394292533397675e-02
1.529276371002197266e-02
1.382122747600078583e-02
1.242561638355255127e-02
1.110243052244186401e-02
9.848343208432197571e-03
8.660240098834037781e-03
7.535167038440704346e-03
6.470352411270141602e-03
5.463125184178352356e-03
4.511006176471710205e-03
3.611622378230094910e-03
2.762686461210250854e-03
1.962035894393920898e-03
1.207662746310234070e-03
4.975143820047378540e-04
-1.702103763818740845e-04
-7.973462343215942383e-04
-1.385644078254699707e-03
-1.936696469783782959e-03
-2.452155575156211853e-03
-2.933524549007415771e-03
-3.382254391908645630e-03
-3.799788653850555420e-03
-4.187441896647214890e-03
-4.546533804386854172e-03
-4.878309089690446854e-03
-5.184018518775701523e-03
-5.464775953441858292e-03
-5.721725523471832275e-03
-5.955943837761878967e-03
-6.168477702885866165e-03
-6.360331084579229355e-03
-6.532480940222740173e-03
-6.685854401439428329e-03
-6.821325048804283142e-03
-6.939808372408151627e-03
-7.042140234261751175e-03
-7.129094097763299942e-03
-7.201482541859149933e-03
-7.260048761963844299e-03
-7.305517792701721191e-03
-7.338598370552062988e-03
-7.359951734542846680e-03
-7.370237261056900024e-03
-7.370082195848226547e-03
-7.360087707638740540e-03
-7.340839132666587830e-03
-7.312899455428123474e-03
-7.276804186403751373e-03
-7.233078591525554657e-03
-7.182215340435504913e-03
-7.124692201614379883e-03
-7.060988806188106537e-03
-6.991529837250709534e-03
-6.916753016412258148e-03
-6.837058346718549728e-03
-6.752848625183105469e-03
-6.664493121206760406e-03
-6.572354119271039963e-03
-6.476779002696275711e-03
-6.378091406077146530e-03
-6.276613101363182068e-03
-6.172641180455684662e-03
-6.066472269594669342e-03
-5.958372727036476135e-03
-5.848607048392295837e-03
-5.737423896789550781e-03
-5.625062156468629837e-03
-5.511743482202291489e-03
-5.397688597440719604e-03
-5.283092614263296127e-03
-5.168152041733264923e-03
-5.053047556430101395e-03
-4.937950521707534790e-03
-4.823022522032260895e-03
-4.708416294306516647e-03
-4.594273865222930908e-03
-4.480731207877397537e-03
-4.367911722511053085e-03
-4.255937412381172180e-03
-4.144910722970962524e-03
-4.034939222037792206e-03
-3.926116041839122772e-03
-3.818527795374393463e-03
-3.712256439030170441e-03
-3.607373917475342751e-03
-3.503948682919144630e-03
-3.402042668312788010e-03
-3.301712218672037125e-03
-3.203005529940128326e-03
-3.105970099568367004e-03
-3.010642947629094124e-03
-2.917060628533363342e-03
-2.825252944603562355e-03
-2.735246205702424049e-03
-2.647060900926589966e-03
-2.560715423896908760e-03
-2.476223511621356010e-03
-2.393594477325677872e-03
-2.312835771590471268e-03
-2.233951352536678314e-03
-2.156940288841724396e-03
-2.081800717860460281e-03
-2.008528448641300201e-03
-1.937114051543176174e-03
-1.867548329755663872e-03
-1.799818594008684158e-03
-1.733911223709583282e-03
-1.669808989390730858e-03
-1.607493963092565536e-03
-1.546946470625698566e-03
-1.488145207986235619e-03
-1.431067241355776787e-03
-1.375688472762703896e-03
-1.321983872912824154e-03
-1.269926782697439194e-03
-1.219490193761885166e-03
-1.170645700767636299e-03
-1.123365364037454128e-03
-1.077618449926376343e-03
-1.033375505357980728e-03
-9.906059131026268005e-04
-9.492782410234212875e-04
-9.093617554754018784e-04
-8.708244422450661659e-04
-8.336346945725381374e-04
-7.977603236213326454e-04
-7.631696644239127636e-04
-7.298305281437933445e-04
-6.977109005674719810e-04
-6.667789421044290066e-04
-6.370026967488229275e-04
-6.083511980250477791e-04
-5.807925481349229813e-04
-5.542961298488080502e-04
-5.288308602757751942e-04
-5.043665878474712372e-04
-4.808730736840516329e-04
-4.583207773976027966e-04
-4.366805660538375378e-04
-4.159235686529427767e-04
-3.960213507525622845e-04
-3.769463510252535343e-04
-3.586710081435739994e-04
-3.411686338949948549e-04
-3.244128893129527569e-04
-3.083780466113239527e-04
-2.930389891844242811e-04
-2.783710078801959753e-04
-2.643499756231904030e-04
-2.509525220375508070e-04
-2.381555823376402259e-04
-2.259369066450744867e-04
-2.142746525350958109e-04
-2.031476760748773813e-04
-1.925352989928796887e-04
-1.824174687499180436e-04
-1.727746857795864344e-04
-1.635880471440032125e-04
-1.548392174299806356e-04
-1.465103268856182694e-04
-1.385841460432857275e-04
-1.310439547523856163e-04
-1.238735712831839919e-04
-1.170573523268103600e-04
-1.105801275116391480e-04
-1.044272939907386899e-04
-9.858474368229508400e-05
-9.303879051003605127e-05
-8.777632319834083319e-05
-8.278463792521506548e-05
-7.805151835782453418e-05
-7.356518472079187632e-05
-6.931431562406942248e-05
-6.528801895910874009e-05
-6.147579551907256246e-05
-5.786757537862285972e-05
-5.445368515211157501e-05
-5.122483344166539609e-05
-4.817208900931291282e-05
-4.528692807070910931e-05
-4.256114698364399374e-05
-3.998688043793663383e-05
-3.755660873139277101e-05
-3.526315049384720623e-05
-3.309960084152407944e-05
-3.105939322267659009e-05
-2.913622665801085532e-05
-2.732410212047398090e-05
-2.561727160355076194e-05
-2.401027086307294667e-05
-2.249787939945235848e-05
-2.107512591464910656e-05
-1.973727376025635749e-05
-1.847981002356391400e-05
-1.729845098452642560e-05
-1.618910755496472120e-05
-1.514791256340686232e-05
-1.417118346580537036e-05
-1.325543053098954260e-05
-1.239734137925552204e-05
-1.159377643489278853e-05
-1.084176892618415877e-05
-1.013850305753294379e-05
-9.481331289862282574e-06
-8.867740689311176538e-06
-8.295370207633823156e-06
-7.761992492305580527e-06
-7.265512067533563823e-06
-6.803957148804329336e-06
-6.375484190357383341e-06
-5.978362878522602841e-06
-5.610972948488779366e-06
-5.271811460261233151e-06
-4.959470970788970590e-06
-4.672652721637859941e-06
-4.410151177580701187e-06
-4.170856755081331357e-06
-3.953752639063168317e-06
-3.757908416446298361e-06
-3.582482577257906087e-06
-3.426715238674660213e-06
-3.289930418759468012e-06
-3.171530352119589224e-06
-3.070997308896039613e-06
-2.987888592542731203e-06
-2.921838813563226722e-06
-2.872555569410906173e-06
-2.839820808731019497e-06
-2.823489467118633911e-06
-2.823489467118633911e-06
-2.839820808731019497e-06
-2.872555569410906173e-06
-2.921838813563226722e-06
-2.987888592542731203e-06
-3.070997308896039613e-06
-3.171530352119589224e-06
-3.289930418759468012e-06
-3.426715238674660213e-06
-3.582482577257906087e-06
-3.757908416446298361e-06
-3.953752639063168317e-06
-4.170856755081331357e-06
-4.410151177580701187e-06
-4.672652721637859941e-06
-4.959470970788970590e-06
-5.271811460261233151e-06
-5.610972948488779366e-06
-5.978362878522602841e-06
-6.375484190357383341e-06
-6.803957148804329336e-06
-7.265512067533563823e-06
-7.761992492305580527e-06
-8.295370207633823156e-06
-8.867740689311176538e-06
-9.481331289862282574e-06
-1.013850305753294379e-05
-1.084176892618415877e-05
-1.159377643489278853e-05
-1.239734137925552204e-05
-1.325543053098954260e-05
-1.417118346580537036e-05
-1.514791256340686232e-05
-1.618910755496472120e-05
-1.729845098452642560e-05
-1.847981002356391400e-05
-1.973727376025635749e-05
-2.107512591464910656e-05
-2.249787939945235848e-05
-2.401027086307294667e-05
-2.561727160355076194e-05
-2.732410212047398090e-05
-2.913622665801085532e-05
-3.105939322267659009e-05
-3.309960084152407944e-05
-3.526315049384720623e-05
-3.755660873139277101e-05
-3.998688043793663383e-05
-4.256114698364399374e-05
-4.528692807070910931e-05
-4.817208900931291282e-05
-5.122483344166539609e-05
-5.445368515211157501e-05
-5.786757537862285972e-05
-6.147579551907256246e-05
-6.528801895910874009e-05
-6.931431562406942248e-05
-7.356518472079187632e-05
-7.805151835782453418e-05
-8.278463792521506548e-05
-8.777632319834083319e-05
-9.303879051003605127e-05
-9.858474368229508400e-05
-1.044272939907386899e-04
-1.105801275116391480e-04
-1.170573523268103600e-04
-1.238735712831839919e-04
-1.310439547523856163e-04
-1.385841460432857275e-04
-1.465103268856182694e-04
-1.548392174299806356e-04
-1.635880471440032125e-04
-1.727746857795864344e-04
-1.824174687499180436e-04
-1.925352989928796887e-04
-2.031476760748773813e-04
-2.142746525350958109e-04
-2.259369066450744867e-04
-2.381555823376402259e-04
-2.509525220375508070e-04
-2.643499756231904030e-04
-2.783710078801959753e-04
-2.930389891844242811e-04
-3.083780466113239527e-04
-3.244128893129527569e-04
-3.411686338949948549e-04
-3.586710081435739994e-04
-3.769463510252535343e-04
-3.960213507525622845e-04
-4.159235686529427767e-04
-4.366805660538375378e-04
-4.583207773976027966e-04
-4.808730736840516329e-04
-5.043665878474712372e-04
-5.288308602757751942e-04
-5.542961298488080502e-04
-5.807925481349229813e-04
-6.083511980250477791e-04
-6.370026967488229275e-04
-6.667789421044290066e-04
-6.977109005674719810e-04
-7.298305281437933445e-04
-7.631696644239127636e-04
-7.977603236213326454e-04
-8.336346945725381374e-04
-8.708244422450661659e-04
-9.093617554754018784e-04
-9.492782410234212875e-04
-9.906059131026268005e-04
-1.033375505357980728e-03
-1.077618449926376343e-03
-1.123365364037454128e-03
-1.170645700767636299e-03
-1.219490193761885166e-03
-1.269926782697439194e-03
-1.321983872912824154e-03
-1.375688472762703896e-03
-1.431067241355776787e-03
-1.488145207986235619e-03
-1.546946470625698566e-03
-1.607493963092565536e-03
-1.669808989390730858e-03
-1.733911223709583282e-03
-1.799818594008684158e-03
-1.867548329755663872e-03
-1.937114051543176174e-03
-2.008528448641300201e-03
-2.081800717860460281e-03
-2.156940288841724396e-03
-2.233951352536678314e-03
-2.312835771590471268e-03
-2.393594477325677872e-03
-2.476223511621356010e-03
-2.560715423896908760e-03
-2.647060900926589966e-03
-2.735246205702424049e-03
-2.825252944603562355e-03
-2.917060628533363342e-03
-3.010642947629094124e-03
-3.105970099568367004e-03
-3.203005529940128326e-03
-3.301712218672037125e-03
-3.402042668312788010e-03
-3.503948682919144630e-03
-3.607373917475342751e-03
-3.712256439030170441e-03
-3.818527795374393463e-03
-3.926116041839122772e-03
-4.034939222037792206e-03
-4.144910722970962524e-03
-4.255937412381172180e-03
-4.367911722511053085e-03
-4.480731207877397537e-03
-4.594273865222930908e-03
-4.708416294306516647e-03
-4.823022522032260895e-03
-4.937950521707534790e-03
-5.053047556430101395e-03
-5.168152041733264923e-03
-5.283092614263296127e-03
-5.397688597440719604e-03
-5.511743482202291489e-03
-5.625062156468629837e-03
-5.737423896789550781e-03
-5.848607048392295837e-03
-5.958372727036476135e-03
-6.066472269594669342e-03
-6.172641180455684662e-03
-6.276613101363182068e-03
-6.378091406077146530e-03
-6.476779002696275711e-03
-6.572354119271039963e-03
-6.664493121206760406e-03
-6.752848625183105469e-03
-6.837058346718549728e-03
-6.916753016412258148e-03
-6.991529837250709534e-03
-7.060988806188106537e-03
-7.124692201614379883e-03
-7.182215340435504913e-03
-7.233078591525554657e-03
-7.276804186403751373e-03
-7.312899455428123474e-03
-7.340839132666587830e-03
-7.360087707638740540e-03
-7.370082195848226547e-03
-7.370237261056900024e-03
-7.359951734542846680e-03
-7.338598370552062988e-03
-7.305517792701721191e-03
-7.260048761963844299e-03
-7.201482541859149933e-03
-7.129094097763299942e-03
-7.042140234261751175e-03
-6.939808372408151627e-03
-6.821325048804283142e-03
-6.685854401439428329e-03
-6.532480940222740173e-03
-6.360331084579229355e-03
-6.168477702885866165e-03
-5.955943837761878967e-03
-5.721725523471832275e-03
-5.464775953441858292e-03
-5.184018518775701523e-03
-4.878309089690446854e-03
-4.546533804386854172e-03
-4.187441896647214890e-03
-3.799788653850555420e-03
-3.382254391908645630e-03
-2.933524549007415771e-03
-2.452155575156211853e-03
-1.936696469783782959e-03
-1.385644078254699707e-03
-7.973462343215942383e-04
-1.702103763818740845e-04
4.975143820047378540e-04
1.207662746310234070e-03
1.962035894393920898e-03
2.762686461210250854e-03
3.611622378230094910e-03
4.511006176471710205e-03
5.463125184178352356e-03
6.470352411270141602e-03
7.535167038440704346e-03
8.660240098834037781e-03
9.848343208432197571e-03
1.110243052244186401e-02
1.242561638355255127e-02
1.382122747600078583e-02
1.529276371002197266e-02
1.684394292533397675e-02
1.847870647907257080e-02
2.020110934972763062e-02
2.201524190604686737e-02
2.392513118684291840e-02
2.593397535383701324e-02
2.804415859282016754e-02
3.025542758405208588e-02
3.256446868181228638e-02
3.496236354112625122e-02
3.743297606706619263e-02
3.995081037282943726e-02
4.247855022549629211e-02
4.496692121028900146e-02
4.735382646322250366e-02
4.956709593534469604e-02
5.152782797813415527e-02
5.315653234720230103e-02
5.438036471605300903e-02
5.514041706919670105e-02
5.539815872907638550e-02
5.514041706919670105e-02
5.438036471605300903e-02
5.315653234720230103e-02
5.152782797813415527e-02
4.956709593534469604e-02
4.735382646322250366e-02
4.496692121028900146e-02
4.247855022549629211e-02
3.995081037282943726e-02
3.743297606706619263e-02
3.496236354112625122e-02
3.256446868181228638e-02
3.025542758405208588e-02
2.804415859282016754e-02
2.593397535383701324e-02
2.392513118684291840e-02
2.201524190604686737e-02
2.020110934972763062e-02
1.847870647907257080e-02
1.684394292533397675e-02
1.529276371002197266e-02
1.382122747600078583e-02
1.242561638355255127e-02
1.110243052244186401e-02
9.848343208432197571e-03
8.660240098834037781e-03
7.535167038440704346e-03
6.470352411270141602e-03
5.463125184178352356e-03
4.511006176471710205e-03
3.611622378230094910e-03
2.762686461210250854e-03
1.962035894393920898e-03
1.207662746310234070e-03
4.975143820047378540e-04
-1.702103763818740845e-04
-7.973462343215942383e-04
-1.385644078254699707e-03
-1.936696469783782959e-03
-2.452155575156211853e-03
-2.933524549007415771e-03
-3.382254391908645630e-03
-3.799788653850555420e-03
-4.187441896647214890e-03
-4.546533804386854172e-03
-4.878309089690446854e-03
-5.184018518775701523e-03
-5.464775953441858292e-03
-5.721725523471832275e-03
-5.955943837761878967e-03
-6.168477702885866165e-03
-6.360331084579229355e-03
-6.532480940222740173e-03
-6.685854401439428329e-03
-6.821325048804283142e-03
-6.939808372408151627e-03
-7.042140234261751175e-03
-7.129094097763299942e-03
-7.201482541859149933e-03
-7.260048761963844299e-03
-7.305517792701721191e-03
-7.338598370552062988e-03
-7.359951734542846680e-03
-7.370237261056900024e-03
-7.370082195848226547e-03
-7.360087707638740540e-03
-7.340839132666587830e-03
-7.312899455428123474e-03
-7.276804186403751373e-03
-7.233078591525554657e-03
-7.182215340435504913e-03
-7.124692201614379883e-03
-7.060988806188106537e-03
-6.991529837250709534e-03
-6.916753016412258148e-03
-6.837058346718549728e-03
-6.752848625183105469e-03
-6.664493121206760406e-03
-6.572354119271039963e-03
-6.476779002696275711e-03
-6.378091406077146530e-03
-6.276613101363182068e-03
-6.172641180455684662e-03
-6.066472269594669342e-03
-5.958372727036476135e-03
-5.848607048392295837e-03
-5.737423896789550781e-03
-5.625062156468629837e-03
-5.511743482202291489e-03
-5.397688597440719604e-03
-5.283092614263296127e-03
-5.168152041733264923e-03
-5.053047556430101395e-03
-4.937950521707534790e-03
-4.823022522032260895e-03
-4.708416294306516647e-03
-4.594273865222930908e-03
-4.480731207877397537e-03
-4.367911722511053085e-03
-4.255937412381172180e-03
-4.144910722970962524e-03
-4.034939222037792206e-03
-3.926116041839122772e-03
-3.818527795374393463e-03
-3.712256439030170441e-03
-3.607373917475342751e-03
-3.503948682919144630e-03
-3.402042668312788010e-03
-3.301712218672037125e-03
-3.203005529940128326e-03
-3.105970099568367004e-03
-3.010642947629094124e-03
-2.917060628533363342e-03
-2.825252944603562355e-03
-2.735246205702424049e-03
-2.647060900926589966e-03
-2.560715423896908760e-03
-2.476223511621356010e-03
-2.393594477325677872e-03
-2.312835771590471268e-03
-2.233951352536678314e-03
-2.156940288841724396e-03
-2.081800717860460281e-03
-2.008528448641300201e-03
-1.937114051543176174e-03
-1.867548329755663872e-03
-1.799818594008684158e-03
-1.733911223709583282e-03
-1.669808989390730858e-03
-1.607493963092565536e-03
-1.546946470625698566e-03
-1.488145207986235619e-03
-1.431067241355776787e-03
-1.375688472762703896e-03
-1.321983872912824154e-03
-1.269926782697439194e-03
-1.219490193761885166e-03
-1.170645700767636299e-03
-1.123365364037454128e-03
-1.077618449926376343e-03
-1.033375505357980728e-03
-9.906059131026268005e-04
-9.492782410234212875e-04
-9.093617554754018784e-04
-8.708244422450661659e-04
-8.336346945725381374e-04
-7.977603236213326454e-04
-7.631696644239127636e-04
-7.298305281437933445e-04
-6.977109005674719810e-04
-6.667789421044290066e-04
-6.370026967488229275e-04
-6.083511980250477791e-04
-5.807925481349229813e-04
-5.542961298488080502e-04
-5.288308602757751942e-04
-5.043665878474712372e-04
-4.808730736840516329e-04
-4.583207773976027966e-04
-4.366805660538375378e-04
-4.159235686529427767e-04
-3.960213507525622845e-04
-3.769463510252535343e-04
-3.586710081435739994e-04
-3.411686338949948549e-04
-3.244128893129527569e-04
-3.083780466113239527e-04
-2.930389891844242811e-04
-2.783710078801959753e-04
-2.643499756231904030e-04
-2.509525220375508070e-04
-2.381555823376402259e-04
-2.259369066450744867e-04
-2.142746525350958109e-04
-2.031476760748773813e-04
-1.925352989928796887e-04
-1.824174687499180436e-04
-1.727746857795864344e-04
-1.635880471440032125e-04
-1.548392174299806356e-04
-1.465103268856182694e-04
-1.385841460432857275e-04
-1.310439547523856163e-04
-1.238735712831839919e-04
-1.170573523268103600e-04
-1.105801275116391480e-04
-1.044272939907386899e-04
-9.858474368229508400e-05
-9.303879051003605127e-05
-8.777632319834083319e-05
-8.278463792521506548e-05
-7.805151835782453418e-05
-7.356518472079187632e-05
-6.931431562406942248e-05
-6.528801895910874009e-05
-6.147579551907256246e-05
-5.786757537862285972e-05
-5.445368515211157501e-05
-5.122483344166539609e-05
-4.817208900931291282e-05
-4.528692807070910931e-05
-4.256114698364399374e-05
-3.998688043793663383e-05
-3.755660873139277101e-05
-3.526315049384720623e-05
-3.309960084152407944e-05
-3.105939322267659009e-05
-2.913622665801085532e-05
-2.732410212047398090e-05
-2.561727160355076194e-05
-2.401027086307294667e-05
-2.249787939945235848e-05
-2.107512591464910656e-05
-1.973727376025635749e-05
-1.847981002356391400e-05
-1.729845098452642560e-05
-1.618910755496472120e-05
-1.514791256340686232e-05
-1.417118346580537036e-05
-1.325543053098954260e-05
-1.239734137925552204e-05
-1.159377643489278853e-05
-1.084176892618415877e-05
-1.013850305753294379e-05
-9.481331289862282574e-06
-8.867740689311176538e-06
-8.295370207633823156e-06
-7.761992492305580527e-06
-7.265512067533563823e-06
-6.803957148804329336e-06
-6.375484190357383341e-06
-5.978362878522602841e-06
-5.610972948488779366e-06
-5.271811460261233151e-06
-4.959470970788970590e-06
-4.672652721637859941e-06
-4.410151177580701187e-06
-4.170856755081331357e-06
-3.953752639063168317e-06
-3.757908416446298361e-06
-3.582482577257906087e-06
-3.426715238674660213e-06
-3.289930418759468012e-06
-3.171530352119589224e-06
-3.070997308896039613e-06
-2.987888592542731203e-06
-2.921838813563226722e-06
-2.872555569410906173e-06
-2.839820808731019497e-06
-2.823489467118633911e-06
-2.823489467118633911e-06
-2.839820808731019497e-06
-2.872555569410906173e-06
-2.921838813563226722e-06
-2.987888592542731203e-06
-3.070997308896039613e-06
-3.171530352119589224e-06
-3.289930418759468012e-06
-3.426715238674660213e-06
-3.582482577257906087e-06
-3.757908416446298361e-06
-3.953752639063168317e-06
-4.170856755081331357e-06
-4.410151177580701187e-06
-4.672652721637859941e-06
-4.959470970788970590e-06
-5.271811460261233151e-06
-5.610972948488779366e-06
-5.978362878522602841e-06
-6.375484190357383341e-06
-6.803957148804329336e-06
-7.265512067533563823e-06
-7.761992492305580527e-06
-8.295370207633823156e-06
-8.867740689311176538e-06
-9.481331289862282574e-06
-1.013850305753294379e-05
-1.084176892618415877e-05
-1.159377643489278853e-05
-1.239734137925552204e-05
-1.325543053098954260e-05
-1.417118346580537036e-05
-1.514791256340686232e-05
-1.618910755496472120e-05
-1.729845098452642560e-05
-1.847981002356391400e-05
-1.973727376025635749e-05
-2.107512591464910656e-05
-2.249787939945235848e-05
-2.401027086307294667e-05
-2.561727160355076194e-05
-2.732410212047398090e-05
-2.913622665801085532e-05
-3.105939322267659009e-05
-3.309960084152407944e-05
-3.526315049384720623e-05
-3.755660873139277101e-05
-3.998688043793663383e-05
-4.256114698364399374e-05
-4.528692807070910931e-05
-4.817208900931291282e-05
-5.122483344166539609e-05
-5.445368515211157501e-05
-5.786757537862285972e-05
-6.147579551907256246e-05
-6.528801895910874009e-05
-6.931431562406942248e-05
-7.356518472079187632e-05
-7.805151835782453418e-05
-8.278463792521506548e-05
-8.777632319834083319e-05
-9.303879051003605127e-05
-9.858474368229508400e-05
-1.044272939907386899e-04
-1.105801275116391480e-04
-1.170573523268103600e-04
-1.238735712831839919e-04
-1.310439547523856163e-04
-1.385841460432857275e-04
-1.465103268856182694e-04
-1.548392174299806356e-04
-1.635880471440032125e-04
-1.727746857795864344e-04
-1.824174687499180436e-04
-1.925352989928796887e-04
-2.031476760748773813e-04
-2.142746525350958109e-04
-2.259369066450744867e-04
-2.381555823376402259e-04
-2.509525220375508070e-04
-2.643499756231904030e-04
-2.783710078801959753e-04
-2.930389891844242811e-04
-3.083780466113239527e-04
-3.244128893129527569e-04
-3.411686338949948549e-04
-3.586710081435739994e-04
-3.769463510252535343e-04
-3.960213507525622845e-04
-4.159235686529427767e-04
-4.366805660538375378e-04
-4.583207773976027966e-04
-4.808730736840516329e-04
-5.043665878474712372e-04
-5.288308602757751942e-04
-5.542961298488080502e-04
-5.807925481349229813e-04
-6.083511980250477791e-04
-6.370026967488229275e-04
-6.667789421044290066e-04
-6.977109005674719810e-04
-7.298305281437933445e-04
-7.631696644239127636e-04
-7.977603236213326454e-04
-8.336346945725381374e-04
-8.708244422450661659e-04
-9.093617554754018784e-04
-9.492782410234212875e-04
-9.906059131026268005e-04
-1.033375505357980728e-03
-1.077618449926376343e-03
-1.123365364037454128e-03
-1.170645700767636299e-03
-1.219490193761885166e-03
-1.269926782697439194e-03
-1.321983872912824154e-03
-1.375688472762703896e-03
-1.431067241355776787e-03
-1.488145207986235619e-03
-1.546946470625698566e-03
-1.607493963092565536e-03
-1.669808989390730858e-03
-1.733911223709583282e-03
-1.799818594008684158e-03
-1.867548329755663872e-03
-1.937114051543176174e-03
-2.008528448641300201e-03
-2.081800717860460281e-03
-2.156940288841724396e-03
-2.233951352536678314e-03
-2.312835771590471268e-03
-2.393594477325677872e-03
-2.476223511621356010e-03
-2.560715423896908760e-03
-2.647060900926589966e-03
-2.735246205702424049e-03
-2.825252944603562355e-03
-2.917060628533363342e-03
-3.010642947629094124e-03
-3.105970099568367004e-03
-3.203005529940128326e-03
-3.301712218672037125e-03
-3.402042668312788010e-03
-3.503948682919144630e-03
-3.607373917475342751e-03
-3.712256439030170441e-03
-3.818527795374393463e-03
-3.926116041839122772e-03
-4.034939222037792206e-03
-4.144910722970962524e-03
-4.255937412381172180e-03
-4.367911722511053085e-03
-4.480731207877397537e-03
-4.594273865222930908e-03
-4.708416294306516647e-03
-4.823022522032260895e-03
-4.937950521707534790e-03
-5.053047556430101395e-03
-5.168152041733264923e-03
-5.283092614263296127e-03
-5.397688597440719604e-03
-5.511743482202291489e-03
-5.625062156468629837e-03
-5.737423896789550781e-03
-5.848607048392295837e-03
-5.958372727036476135e-03
-6.066472269594669342e-03
-6.172641180455684662e-03
-6.276613101363182068e-03
-6.378091406077146530e-03
-6.476779002696275711e-03
-6.572354119271039963e-03
-6.664493121206760406e-03
-6.752848625183105469e-03
-6.837058346718549728e-03
-6.916753016412258148e-03
-6.991529837250709534e-03
-7.060988806188106537e-03
-7.124692201614379883e-03
-7.182215340435504913e-03
-7.233078591525554657e-03
-7.276804186403751373e-03
-7.312899455428123474e-03
-7.340839132666587830e-03
-7.360087707638740540e-03
-7.370082195848226547e-03
-7.370237261056900024e-03
-7.359951734542846680e-03
-7.338598370552062988e-03
-7.305517792701721191e-03
-7.260048761963844299e-03
-7.201482541859149933e-03
-7.129094097763299942e-03
-7.042140234261751175e-03
-6.939808372408151627e-03
-6.821325048804283142e-03
-6.685854401439428329e-03
-6.532480940222740173e-03
-6.360331084579229355e-03
-6.168477702885866165e-03
-5.955943837761878967e-03
-5.721725523471832275e-03
-5.464775953441858292e-03
-5.184018518775701523e-03
-4.878309089690446854e-03
-4.546533804386854172e-03
-4.187441896647214890e-03
-3.799788653850555420e-03
-3.382254391908645630e-03
-2.933524549007415771e-03
-2.452155575156211853e-03
-1.936696469783782959e-03
-1.385644078254699707e-03
-7.973462343215942383e-04
-1.702103763818740845e-04
4.975143820047378540e-04
1.207662746310234070e-03
1.962035894393920898e-03
2.762686461210250854e-03
3.611622378230094910e-03
4.511006176471710205e-03
5.463125184178352356e-03
6.470352411270141602e-03
7.535167038440704346e-03
8.660240098834037781e-03
9.848343208432197571e-03
1.110243052244186401e-02
1.242561638355255127e-02
1.382122747600078583e-02
1.529276371002197266e-02
1.684394292533397675e-02
1.847870647907257080e-02
2.020110934972763062e-02
2.201524190604686737e-02
2.392513118684291840e-02
2.593397535383701324e-02
2.804415859282016754e-02
3.025542758405208588e-02
3.256446868181228638e-02
3.496236354112625122e-02
3.743297606706619263e-02
3.995081037282943726e-02
4.247855022549629211e-02
4.496692121028900146e-02
4.735382646322250366e-02
4.956709593534469604e-02
5.152782797813415527e-02
5.315653234720230103e-02
5.438036471605300903e-02
5.514041706919670105e-02
