4.351986646652221680e-01
4.376691579818725586e-01
4.448986053466796875e-01
4.563721418380737305e-01
4.713098704814910889e-01
4.887708127498626709e-01
5.077667236328125000e-01
5.273602008819580078e-01
5.467407703399658203e-01
5.652679204940795898e-01
5.824780464172363281e-01
5.980724096298217773e-01
6.118872165679931641e-01
6.238578557968139648e-01
6.339856982231140137e-01
6.423110961914062500e-01
6.488949060440063477e-01
6.538034677505493164e-01
6.571031808853149414e-01
6.588577032089233398e-01
6.591259241104125977e-01
6.579624414443969727e-01
6.554182171821594238e-01
6.515420675277709961e-01
6.463811397552490234e-01
6.399819850921630859e-01
6.323890089988708496e-01
6.236482262611389160e-01
6.138043999671936035e-01
6.029026508331298828e-01
5.909890532493591309e-01
5.781092643737792969e-01
5.643098354339599609e-01
5.496373176574707031e-01
5.341389179229736328e-01
5.178619027137756348e-01
5.008544325828552246e-01
4.831640124320983887e-01
4.648391902446746826e-01
4.459280669689178467e-01
4.264789223670959473e-01
4.065402150154113770e-01
3.861600160598754883e-01
3.653863668441772461e-01
3.442668914794921875e-01
3.228488266468048096e-01
3.011791110038757324e-01
2.793041169643402100e-01
2.572694122791290283e-01
2.351200580596923828e-01
2.129001319408416748e-01
1.906531453132629395e-01
1.684213280677795410e-01
1.462462842464447021e-01
1.241680234670639038e-01
1.022258847951889038e-01
8.045763522386550903e-02
5.890013277530670166e-02
3.758861124515533447e-02
1.655701547861099243e-02
-4.162073135375976562e-03
-2.453738451004028320e-02
-4.453989863395690918e-02
-6.414093822240829468e-02
-8.331457525491714478e-02
-1.020356789231300354e-01
-1.202808320522308350e-01
-1.380286216735839844e-01
-1.552590131759643555e-01
-1.719534993171691895e-01
-1.880954205989837646e-01
-2.036697119474411011e-01
-2.186628282070159912e-01
-2.330630123615264893e-01
-2.468598634004592896e-01
-2.600448429584503174e-01
-2.726106941699981689e-01
-2.845520675182342529e-01
-2.958644926548004150e-01
-3.065455257892608643e-01
-3.165940046310424805e-01
-3.260099887847900391e-01
-3.347949385643005371e-01
-3.429518640041351318e-01
-3.504846990108489990e-01
-3.573986291885375977e-01
-3.637000322341918945e-01
-3.693965077400207520e-01
-3.744965195655822754e-01
-3.790095150470733643e-01
-3.829460144042968750e-01
-3.863173127174377441e-01
-3.891354501247406006e-01
-3.914133310317993164e-01
-3.931643068790435791e-01
-3.944028317928314209e-01
-3.951435685157775879e-01
-3.954018056392669678e-01
-3.951932489871978760e-01
-3.945341706275939941e-01
-3.934408128261566162e-01
-3.919303119182586670e-01
-3.900194764137268066e-01
-3.877256214618682861e-01
-3.850661814212799072e-01
-3.820585012435913086e-01
-3.787202835083007812e-01
-3.750688731670379639e-01
-3.711219131946563721e-01
-3.668967485427856445e-01
-3.624106049537658691e-01
-3.576807081699371338e-01
-3.527239263057708740e-01
-3.475570678710937500e-01
-3.421964943408966064e-01
-3.366584181785583496e-01
-3.309586048126220703e-01
-3.251126110553741455e-01
-3.191356360912322998e-01
-3.130424320697784424e-01
-3.068472445011138916e-01
-3.005641698837280273e-01
-2.942067086696624756e-01
-2.877878546714782715e-01
-2.813201546669006348e-01
-2.748158276081085205e-01
-2.682865858078002930e-01
-2.617434561252593994e-01
-2.551972866058349609e-01
-2.486582100391387939e-01
-2.421359121799468994e-01
-2.356396913528442383e-01
-2.291783094406127930e-01
-2.227599620819091797e-01
-2.163923978805541992e-01
-2.100830227136611938e-01
-2.038386017084121704e-01
-1.976654827594757080e-01
-1.915696859359741211e-01
-1.855565756559371948e-01
-1.796312630176544189e-01
-1.737983077764511108e-01
-1.680619567632675171e-01
-1.624260097742080688e-01
-1.568938642740249634e-01
-1.514685451984405518e-01
-1.461527645587921143e-01
-1.409488171339035034e-01
-1.358586847782135010e-01
-1.308840364217758179e-01
-1.260261982679367065e-01
-1.212862730026245117e-01
-1.166649982333183289e-01
-1.121629029512405396e-01
-1.077802106738090515e-01
-1.035169437527656555e-01
-9.937289357185363770e-02
-9.534763544797897339e-02
-9.144051373004913330e-02
-8.765071630477905273e-02
-8.397726714611053467e-02
-8.041900396347045898e-02
-7.697459310293197632e-02
-7.364262640476226807e-02
-7.042153179645538330e-02
-6.730959564447402954e-02
-6.430504471063613892e-02
-6.140599399805068970e-02
-5.861046910285949707e-02
-5.591641739010810852e-02
-5.332174152135848999e-02
-5.082426965236663818e-02
-4.842177405953407288e-02
-4.611201584339141846e-02
-4.389269277453422546e-02
-4.176149144768714905e-02
-3.971607610583305359e-02
-3.775410726666450500e-02
-3.587323054671287537e-02
-3.407108783721923828e-02
-3.234533593058586121e-02
-3.069362789392471313e-02
-2.911365404725074768e-02
-2.760309353470802307e-02
-2.615967392921447754e-02
-2.478112839162349701e-02
-2.346524223685264587e-02
-2.220980636775493622e-02
-2.101266942918300629e-02
-1.987170800566673279e-02
-1.878483407199382782e-02
-1.775001175701618195e-02
-1.676524057984352112e-02
-1.582857035100460052e-02
-1.493808813393115997e-02
-1.409194245934486389e-02
-1.328831352293491364e-02
-1.252544205635786057e-02
-1.180161442607641220e-02
-1.111516170203685760e-02
-1.046447362750768661e-02
-9.847979061305522919e-03
-9.264167398214340210e-03
-8.711569942533969879e-03
-8.188768289983272552e-03
-7.694395259022712708e-03
-7.227128371596336365e-03
-6.785694509744644165e-03
-6.368868052959442139e-03
-5.975469481199979782e-03
-5.604363512247800827e-03
-5.254460498690605164e-03
-4.924714099615812302e-03
-4.614119883626699448e-03
-4.321718122810125351e-03
-4.046587273478507996e-03
-3.787846304476261139e-03
-3.544654231518507004e-03
-3.316206624731421471e-03
-3.101736772805452347e-03
-2.900513121858239174e-03
-2.711839275434613228e-03
-2.535053761675953865e-03
-2.369526075199246407e-03
-2.214658539742231369e-03
-2.069883979856967926e-03
-1.934665720909833908e-03
-1.808494562283158302e-03
-1.690891454927623272e-03
-1.581402029842138290e-03
-1.479600556194782257e-03
-1.385084819048643112e-03
-1.297478331252932549e-03
-1.216427539475262165e-03
-1.141602755524218082e-03
-1.072696526534855366e-03
-1.009422470815479755e-03
-9.515160345472395420e-04
-8.987324545159935951e-04
-8.508471073582768440e-04
-8.076546946540474892e-04
-7.689688936807215214e-04
-7.346216007135808468e-04
-7.044625235721468925e-04
-6.783595308661460876e-04
-6.561971968039870262e-04
-6.378775578923523426e-04
-6.233190069906413555e-04
-6.124565843492746353e-04
-6.052418029867112637e-04
-6.016426486894488335e-04
-6.016426486894488335e-04
-6.052418029867112637e-04
-6.124565843492746353e-04
-6.233190069906413555e-04
-6.378775578923523426e-04
-6.561971968039870262e-04
-6.783595308661460876e-04
-7.044625235721468925e-04
-7.346216007135808468e-04
-7.689688936807215214e-04
-8.076546946540474892e-04
-8.508471073582768440e-04
-8.987324545159935951e-04
-9.515160345472395420e-04
-1.009422470815479755e-03
-1.072696526534855366e-03
-1.141602755524218082e-03
-1.216427539475262165e-03
-1.297478331252932549e-03
-1.385084819048643112e-03
-1.479600556194782257e-03
-1.581402029842138290e-03
-1.690891454927623272e-03
-1.808494562283158302e-03
-1.934665720909833908e-03
-2.069883979856967926e-03
-2.214658539742231369e-03
-2.369526075199246407e-03
-2.535053761675953865e-03
-2.711839275434613228e-03
-2.900513121858239174e-03
-3.101736772805452347e-03
-3.316206624731421471e-03
-3.544654231518507004e-03
-3.787846304476261139e-03
-4.046587273478507996e-03
-4.321718122810125351e-03
-4.614119883626699448e-03
-4.924714099615812302e-03
-5.254460498690605164e-03
-5.604363512247800827e-03
-5.975469481199979782e-03
-6.368868052959442139e-03
-6.785694509744644165e-03
-7.227128371596336365e-03
-7.694395259022712708e-03
-8.188768289983272552e-03
-8.711569942533969879e-03
-9.264167398214340210e-03
-9.847979061305522919e-03
-1.046447362750768661e-02
-1.111516170203685760e-02
-1.180161442607641220e-02
-1.252544205635786057e-02
-1.328831352293491364e-02
-1.409194245934486389e-02
-1.493808813393115997e-02
-1.582857035100460052e-02
-1.676524057984352112e-02
-1.775001175701618195e-02
-1.878483407199382782e-02
-1.987170800566673279e-02
-2.101266942918300629e-02
-2.220980636775493622e-02
-2.346524223685264587e-02
-2.478112839162349701e-02
-2.615967392921447754e-02
-2.760309353470802307e-02
-2.911365404725074768e-02
-3.069362789392471313e-02
-3.234533593058586121e-02
-3.407108783721923828e-02
-3.587323054671287537e-02
-3.775410726666450500e-02
-3.971607610583305359e-02
-4.176149144768714905e-02
-4.389269277453422546e-02
-4.611201584339141846e-02
-4.842177405953407288e-02
-5.082426965236663818e-02
-5.332174152135848999e-02
-5.591641739010810852e-02
-5.861046910285949707e-02
-6.140599399805068970e-02
-6.430504471063613892e-02
-6.730959564447402954e-02
-7.042153179645538330e-02
-7.364262640476226807e-02
-7.697459310293197632e-02
-8.041900396347045898e-02
-8.397726714611053467e-02
-8.765071630477905273e-02
-9.144051373004913330e-02
-9.534763544797897339e-02
-9.937289357185363770e-02
-1.035169437527656555e-01
-1.077802106738090515e-01
-1.121629029512405396e-01
-1.166649982333183289e-01
-1.212862730026245117e-01
-1.260261982679367065e-01
-1.308840364217758179e-01
-1.358586847782135010e-01
-1.409488171339035034e-01
-1.461527645587921143e-01
-1.514685451984405518e-01
-1.568938642740249634e-01
-1.624260097742080688e-01
-1.680619567632675171e-01
-1.737983077764511108e-01
-1.796312630176544189e-01
-1.855565756559371948e-01
-1.915696859359741211e-01
-1.976654827594757080e-01
-2.038386017084121704e-01
-2.100830227136611938e-01
-2.163923978805541992e-01
-2.227599620819091797e-01
-2.291783094406127930e-01
-2.356396913528442383e-01
-2.421359121799468994e-01
-2.486582100391387939e-01
-2.551972866058349609e-01
-2.617434561252593994e-01
-2.682865858078002930e-01
-2.748158276081085205e-01
-2.813201546669006348e-01
-2.877878546714782715e-01
-2.942067086696624756e-01
-3.005641698837280273e-01
-3.068472445011138916e-01
-3.130424320697784424e-01
-3.191356360912322998e-01
-3.251126110553741455e-01
-3.309586048126220703e-01
-3.366584181785583496e-01
-3.421964943408966064e-01
-3.475570678710937500e-01
-3.527239263057708740e-01
-3.576807081699371338e-01
-3.624106049537658691e-01
-3.668967485427856445e-01
-3.711219131946563721e-01
-3.750688731670379639e-01
-3.787202835083007812e-01
-3.820585012435913086e-01
-3.850661814212799072e-01
-3.877256214618682861e-01
-3.900194764137268066e-01
-3.919303119182586670e-01
-3.934408128261566162e-01
-3.945341706275939941e-01
-3.951932489871978760e-01
-3.954018056392669678e-01
-3.951435685157775879e-01
-3.944028317928314209e-01
-3.931643068790435791e-01
-3.914133310317993164e-01
-3.891354501247406006e-01
-3.863173127174377441e-01
-3.829460144042968750e-01
-3.790095150470733643e-01
-3.744965195655822754e-01
-3.693965077400207520e-01
-3.637000322341918945e-01
-3.573986291885375977e-01
-3.504846990108489990e-01
-3.429518640041351318e-01
-3.347949385643005371e-01
-3.260099887847900391e-01
-3.165940046310424805e-01
-3.065455257892608643e-01
-2.958644926548004150e-01
-2.845520675182342529e-01
-2.726106941699981689e-01
-2.600448429584503174e-01
-2.468598634004592896e-01
-2.330630123615264893e-01
-2.186628282070159912e-01
-2.036697119474411011e-01
-1.880954205989837646e-01
-1.719534993171691895e-01
-1.552590131759643555e-01
-1.380286216735839844e-01
-1.202808320522308350e-01
-1.020356789231300354e-01
-8.331457525491714478e-02
-6.414093822240829468e-02
-4.453989863395690918e-02
-2.453738451004028320e-02
-4.162073135375976562e-03
1.655701547861099243e-02
3.758861124515533447e-02
5.890013277530670166e-02
8.045763522386550903e-02
1.022258847951889038e-01
1.241680234670639038e-01
1.462462842464447021e-01
1.684213280677795410e-01
1.906531453132629395e-01
2.129001319408416748e-01
2.351200580596923828e-01
2.572694122791290283e-01
2.793041169643402100e-01
3.011791110038757324e-01
3.228488266468048096e-01
3.442668914794921875e-01
3.653863668441772461e-01
3.861600160598754883e-01
4.065402150154113770e-01
4.264789223670959473e-01
4.459280669689178467e-01
4.648391902446746826e-01
4.831640124320983887e-01
5.008544325828552246e-01
5.178619027137756348e-01
5.341389179229736328e-01
5.496373176574707031e-01
5.643098354339599609e-01
5.781092643737792969e-01
5.909890532493591309e-01
6.029026508331298828e-01
6.138043999671936035e-01
6.236482262611389160e-01
6.323890089988708496e-01
6.399819850921630859e-01
6.463811397552490234e-01
6.515420675277709961e-01
6.554182171821594238e-01
6.579624414443969727e-01
6.591259241104125977e-01
6.588577032089233398e-01
6.571031808853149414e-01
6.538034677505493164e-01
6.488949060440063477e-01
6.423110961914062500e-01
6.339856982231140137e-01
6.238578557968139648e-01
6.118872165679931641e-01
5.980724096298217773e-01
5.824780464172363281e-01
5.652679204940795898e-01
5.467407703399658203e-01
5.273602008819580078e-01
5.077667236328125000e-01
4.887708127498626709e-01
4.713098704814910889e-01
4.563721418380737305e-01
4.448986053466796875e-01
4.376691579818725586e-01
4.351986646652221680e-01
4.376691579818725586e-01
4.448986053466796875e-01
4.563721418380737305e-01
4.713098704814910889e-01
4.887708127498626709e-01
5.077667236328125000e-01
5.273602008819580078e-01
5.467407703399658203e-01
5.652679204940795898e-01
5.824780464172363281e-01
5.980724096298217773e-01
6.118872165679931641e-01
6.238578557968139648e-01
6.339856982231140137e-01
6.423110961914062500e-01
6.488949060440063477e-01
6.538034677505493164e-01
6.571031808853149414e-01
6.588577032089233398e-01
6.591259241104125977e-01
6.579624414443969727e-01
6.554182171821594238e-01
6.515420675277709961e-01
6.463811397552490234e-01
6.399819850921630859e-01
6.323890089988708496e-01
6.236482262611389160e-01
6.138043999671936035e-01
6.029026508331298828e-01
5.909890532493591309e-01
5.781092643737792969e-01
5.643098354339599609e-01
5.496373176574707031e-01
5.341389179229736328e-01
5.178619027137756348e-01
5.008544325828552246e-01
4.831640124320983887e-01
4.648391902446746826e-01
4.459280669689178467e-01
4.264789223670959473e-01
4.065402150154113770e-01
3.861600160598754883e-01
3.653863668441772461e-01
3.442668914794921875e-01
3.228488266468048096e-01
3.011791110038757324e-01
2.793041169643402100e-01
2.572694122791290283e-01
2.351200580596923828e-01
2.129001319408416748e-01
1.906531453132629395e-01
1.684213280677795410e-01
1.462462842464447021e-01
1.241680234670639038e-01
1.022258847951889038e-01
8.045763522386550903e-02
5.890013277530670166e-02
3.758861124515533447e-02
1.655701547861099243e-02
-4.162073135375976562e-03
-2.453738451004028320e-02
-4.453989863395690918e-02
-6.414093822240829468e-02
-8.331457525491714478e-02
-1.020356789231300354e-01
-1.202808320522308350e-01
-1.380286216735839844e-01
-1.552590131759643555e-01
-1.719534993171691895e-01
-1.880954205989837646e-01
-2.036697119474411011e-01
-2.186628282070159912e-01
-2.330630123615264893e-01
-2.468598634004592896e-01
-2.600448429584503174e-01
-2.726106941699981689e-01
-2.845520675182342529e-01
-2.958644926548004150e-01
-3.065455257892608643e-01
-3.165940046310424805e-01
-3.260099887847900391e-01
-3.347949385643005371e-01
-3.429518640041351318e-01
-3.504846990108489990e-01
-3.573986291885375977e-01
-3.637000322341918945e-01
-3.693965077400207520e-01
-3.744965195655822754e-01
-3.790095150470733643e-01
-3.829460144042968750e-01
-3.863173127174377441e-01
-3.891354501247406006e-01
-3.914133310317993164e-01
-3.931643068790435791e-01
-3.944028317928314209e-01
-3.951435685157775879e-01
-3.954018056392669678e-01
-3.951932489871978760e-01
-3.945341706275939941e-01
-3.934408128261566162e-01
-3.919303119182586670e-01
-3.900194764137268066e-01
-3.877256214618682861e-01
-3.850661814212799072e-01
-3.820585012435913086e-01
-3.787202835083007812e-01
-3.750688731670379639e-01
-3.711219131946563721e-01
-3.668967485427856445e-01
-3.624106049537658691e-01
-3.576807081699371338e-01
-3.527239263057708740e-01
-3.475570678710937500e-01
-3.421964943408966064e-01
-3.366584181785583496e-01
-3.309586048126220703e-01
-3.251126110553741455e-01
-3.191356360912322998e-01
-3.130424320697784424e-01
-3.068472445011138916e-01
-3.005641698837280273e-01
-2.942067086696624756e-01
-2.877878546714782715e-01
-2.813201546669006348e-01
-2.748158276081085205e-01
-2.682865858078002930e-01
-2.617434561252593994e-01
-2.551972866058349609e-01
-2.486582100391387939e-01
-2.421359121799468994e-01
-2.356396913528442383e-01
-2.291783094406127930e-01
-2.227599620819091797e-01
-2.163923978805541992e-01
-2.100830227136611938e-01
-2.038386017084121704e-01
-1.976654827594757080e-01
-1.915696859359741211e-01
-1.855565756559371948e-01
-1.796312630176544189e-01
-1.737983077764511108e-01
-1.680619567632675171e-01
-1.624260097742080688e-01
-1.568938642740249634e-01
-1.514685451984405518e-01
-1.461527645587921143e-01
-1.409488171339035034e-01
-1.358586847782135010e-01
-1.308840364217758179e-01
-1.260261982679367065e-01
-1.212862730026245117e-01
-1.166649982333183289e-01
-1.121629029512405396e-01
-1.077802106738090515e-01
-1.035169437527656555e-01
-9.937289357185363770e-02
-9.534763544797897339e-02
-9.144051373004913330e-02
-8.765071630477905273e-02
-8.397726714611053467e-02
-8.041900396347045898e-02
-7.697459310293197632e-02
-7.364262640476226807e-02
-7.042153179645538330e-02
-6.730959564447402954e-02
-6.430504471063613892e-02
-6.140599399805068970e-02
-5.861046910285949707e-02
-5.591641739010810852e-02
-5.332174152135848999e-02
-5.082426965236663818e-02
-4.842177405953407288e-02
-4.611201584339141846e-02
-4.389269277453422546e-02
-4.176149144768714905e-02
-3.971607610583305359e-02
-3.775410726666450500e-02
-3.587323054671287537e-02
-3.407108783721923828e-02
-3.234533593058586121e-02
-3.069362789392471313e-02
-2.911365404725074768e-02
-2.760309353470802307e-02
-2.615967392921447754e-02
-2.478112839162349701e-02
-2.346524223685264587e-02
-2.220980636775493622e-02
-2.101266942918300629e-02
-1.987170800566673279e-02
-1.878483407199382782e-02
-1.775001175701618195e-02
-1.676524057984352112e-02
-1.582857035100460052e-02
-1.493808813393115997e-02
-1.409194245934486389e-02
-1.328831352293491364e-02
-1.252544205635786057e-02
-1.180161442607641220e-02
-1.111516170203685760e-02
-1.046447362750768661e-02
-9.847979061305522919e-03
-9.264167398214340210e-03
-8.711569942533969879e-03
-8.188768289983272552e-03
-7.694395259022712708e-03
-7.227128371596336365e-03
-6.785694509744644165e-03
-6.368868052959442139e-03
-5.975469481199979782e-03
-5.604363512247800827e-03
-5.254460498690605164e-03
-4.924714099615812302e-03
-4.614119883626699448e-03
-4.321718122810125351e-03
-4.046587273478507996e-03
-3.787846304476261139e-03
-3.544654231518507004e-03
-3.316206624731421471e-03
-3.101736772805452347e-03
-2.900513121858239174e-03
-2.711839275434613228e-03
-2.535053761675953865e-03
-2.369526075199246407e-03
-2.214658539742231369e-03
-2.069883979856967926e-03
-1.934665720909833908e-03
-1.808494562283158302e-03
-1.690891454927623272e-03
-1.581402029842138290e-03
-1.479600556194782257e-03
-1.385084819048643112e-03
-1.297478331252932549e-03
-1.216427539475262165e-03
-1.141602755524218082e-03
-1.072696526534855366e-03
-1.009422470815479755e-03
-9.515160345472395420e-04
-8.987324545159935951e-04
-8.508471073582768440e-04
-8.076546946540474892e-04
-7.689688936807215214e-04
-7.346216007135808468e-04
-7.044625235721468925e-04
-6.783595308661460876e-04
-6.561971968039870262e-04
-6.378775578923523426e-04
-6.233190069906413555e-04
-6.124565843492746353e-04
-6.052418029867112637e-04
-6.016426486894488335e-04
-6.016426486894488335e-04
-6.052418029867112637e-04
-6.124565843492746353e-04
-6.233190069906413555e-04
-6.378775578923523426e-04
-6.561971968039870262e-04
-6.783595308661460876e-04
-7.044625235721468925e-04
-7.346216007135808468e-04
-7.689688936807215214e-04
-8.076546946540474892e-04
-8.508471073582768440e-04
-8.987324545159935951e-04
-9.515160345472395420e-04
-1.009422470815479755e-03
-1.072696526534855366e-03
-1.141602755524218082e-03
-1.216427539475262165e-03
-1.297478331252932549e-03
-1.385084819048643112e-03
-1.479600556194782257e-03
-1.581402029842138290e-03
-1.690891454927623272e-03
-1.808494562283158302e-03
-1.934665720909833908e-03
-2.069883979856967926e-03
-2.214658539742231369e-03
-2.369526075199246407e-03
-2.535053761675953865e-03
-2.711839275434613228e-03
-2.900513121858239174e-03
-3.101736772805452347e-03
-3.316206624731421471e-03
-3.544654231518507004e-03
-3.787846304476261139e-03
-4.046587273478507996e-03
-4.321718122810125351e-03
-4.614119883626699448e-03
-4.924714099615812302e-03
-5.254460498690605164e-03
-5.604363512247800827e-03
-5.975469481199979782e-03
-6.368868052959442139e-03
-6.785694509744644165e-03
-7.227128371596336365e-03
-7.694395259022712708e-03
-8.188768289983272552e-03
-8.711569942533969879e-03
-9.264167398214340210e-03
-9.847979061305522919e-03
-1.046447362750768661e-02
-1.111516170203685760e-02
-1.180161442607641220e-02
-1.252544205635786057e-02
-1.328831352293491364e-02
-1.409194245934486389e-02
-1.493808813393115997e-02
-1.582857035100460052e-02
-1.676524057984352112e-02
-1.775001175701618195e-02
-1.878483407199382782e-02
-1.987170800566673279e-02
-2.101266942918300629e-02
-2.220980636775493622e-02
-2.346524223685264587e-02
-2.478112839162349701e-02
-2.615967392921447754e-02
-2.760309353470802307e-02
-2.911365404725074768e-02
-3.069362789392471313e-02
-3.234533593058586121e-02
-3.407108783721923828e-02
-3.587323054671287537e-02
-3.775410726666450500e-02
-3.971607610583305359e-02
-4.176149144768714905e-02
-4.389269277453422546e-02
-4.611201584339141846e-02
-4.842177405953407288e-02
-5.082426965236663818e-02
-5.332174152135848999e-02
-5.591641739010810852e-02
-5.861046910285949707e-02
-6.140599399805068970e-02
-6.430504471063613892e-02
-6.730959564447402954e-02
-7.042153179645538330e-02
-7.364262640476226807e-02
-7.697459310293197632e-02
-8.041900396347045898e-02
-8.397726714611053467e-02
-8.765071630477905273e-02
-9.144051373004913330e-02
-9.534763544797897339e-02
-9.937289357185363770e-02
-1.035169437527656555e-01
-1.077802106738090515e-01
-1.121629029512405396e-01
-1.166649982333183289e-01
-1.212862730026245117e-01
-1.260261982679367065e-01
-1.308840364217758179e-01
-1.358586847782135010e-01
-1.409488171339035034e-01
-1.461527645587921143e-01
-1.514685451984405518e-01
-1.568938642740249634e-01
-1.624260097742080688e-01
-1.680619567632675171e-01
-1.737983077764511108e-01
-1.796312630176544189e-01
-1.855565756559371948e-01
-1.915696859359741211e-01
-1.976654827594757080e-01
-2.038386017084121704e-01
-2.100830227136611938e-01
-2.163923978805541992e-01
-2.227599620819091797e-01
-2.291783094406127930e-01
-2.356396913528442383e-01
-2.421359121799468994e-01
-2.486582100391387939e-01
-2.551972866058349609e-01
-2.617434561252593994e-01
-2.682865858078002930e-01
-2.748158276081085205e-01
-2.813201546669006348e-01
-2.877878546714782715e-01
-2.942067086696624756e-01
-3.005641698837280273e-01
-3.068472445011138916e-01
-3.130424320697784424e-01
-3.191356360912322998e-01
-3.251126110553741455e-01
-3.309586048126220703e-01
-3.366584181785583496e-01
-3.421964943408966064e-01
-3.475570678710937500e-01
-3.527239263057708740e-01
-3.576807081699371338e-01
-3.624106049537658691e-01
-3.668967485427856445e-01
-3.711219131946563721e-01
-3.750688731670379639e-01
-3.787202835083007812e-01
-3.820585012435913086e-01
-3.850661814212799072e-01
-3.877256214618682861e-01
-3.900194764137268066e-01
-3.919303119182586670e-01
-3.934408128261566162e-01
-3.945341706275939941e-01
-3.951932489871978760e-01
-3.954018056392669678e-01
-3.951435685157775879e-01
-3.944028317928314209e-01
-3.931643068790435791e-01
-3.914133310317993164e-01
-3.891354501247406006e-01
-3.863173127174377441e-01
-3.829460144042968750e-01
-3.790095150470733643e-01
-3.744965195655822754e-01
-3.693965077400207520e-01
-3.637000322341918945e-01
-3.573986291885375977e-01
-3.504846990108489990e-01
-3.429518640041351318e-01
-3.347949385643005371e-01
-3.260099887847900391e-01
-3.165940046310424805e-01
-3.065455257892608643e-01
-2.958644926548004150e-01
-2.845520675182342529e-01
-2.726106941699981689e-01
-2.600448429584503174e-01
-2.468598634004592896e-01
-2.330630123615264893e-01
-2.186628282070159912e-01
-2.036697119474411011e-01
-1.880954205989837646e-01
-1.719534993171691895e-01
-1.552590131759643555e-01
-1.380286216735839844e-01
-1.202808320522308350e-01
-1.020356789231300354e-01
-8.331457525491714478e-02
-6.414093822240829468e-02
-4.453989863395690918e-02
-2.453738451004028320e-02
-4.162073135375976562e-03
1.655701547861099243e-02
3.758861124515533447e-02
5.890013277530670166e-02
8.045763522386550903e-02
1.022258847951889038e-01
1.241680234670639038e-01
1.462462842464447021e-01
1.684213280677795410e-01
1.906531453132629395e-01
2.129001319408416748e-01
2.351200580596923828e-01
2.572694122791290283e-01
2.793041169643402100e-01
3.011791110038757324e-01
3.228488266468048096e-01
3.442668914794921875e-01
3.653863668441772461e-01
3.861600160598754883e-01
4.065402150154113770e-01
4.264789223670959473e-01
4.459280669689178467e-01
4.648391902446746826e-01
4.831640124320983887e-01
5.008544325828552246e-01
5.178619027137756348e-01
5.341389179229736328e-01
5.496373176574707031e-01
5.643098354339599609e-01
5.781092643737792969e-01
5.909890532493591309e-01
6.029026508331298828e-01
6.138043999671936035e-01
6.236482262611389160e-01
6.323890089988708496e-01
6.399819850921630859e-01
6.463811397552490234e-01
6.515420675277709961e-01
6.554182171821594238e-01
6.579624414443969727e-01
6.591259241104125977e-01
6.588577032089233398e-01
6.571031808853149414e-01
6.538034677505493164e-01
6.488949060440063477e-01
6.423110961914062500e-01
6.339856982231140137e-01
6.238578557968139648e-01
6.118872165679931641e-01
5.980724096298217773e-01
5.824780464172363281e-01
5.652679204940795898e-01
5.467407703399658203e-01
5.273602008819580078e-01
5.077667236328125000e-01
4.887708127498626709e-01
4.713098704814910889e-01
4.563721418380737305e-01
4.448986053466796875e-01
4.376691579818725586e-01
