6.743155885487794876e-03
6.709365174174308777e-03
6.609376054257154465e-03
6.447355728596448898e-03
6.229826249182224274e-03
5.965031683444976807e-03
5.662340670824050903e-03
5.331513471901416779e-03
4.982091486454010010e-03
4.622829146683216095e-03
4.261457361280918121e-03
3.904368728399276733e-03
3.556686453521251678e-03
3.222214058041572571e-03
2.903637476265430450e-03
2.602701075375080109e-03
2.320353174582123756e-03
2.056918572634458542e-03
1.812306698411703110e-03
1.586074242368340492e-03
1.377563923597335815e-03
1.185984699986875057e-03
1.010454259812831879e-03
8.500542608089745045e-04
7.038479670882225037e-04
5.709156394004821777e-04
4.503676318563520908e-04
3.413431113585829735e-04
2.430183230899274349e-04
1.546229468658566475e-04
7.541809463873505592e-05
4.722154699265956879e-06
-5.811359733343124390e-05
-1.136893260991200805e-04
-1.625684089958667755e-04
-2.052737982012331486e-04
-2.422944089630618691e-04
-2.740861673373728991e-04
-3.010677173733711243e-04
-3.236349439248442650e-04
-3.421514120418578386e-04
-3.569579275790601969e-04
-3.683685790747404099e-04
-3.766780719161033630e-04
-3.821570717263966799e-04
-3.850583452731370926e-04
-3.856182738672941923e-04
-3.840542049147188663e-04
-3.805703017860651016e-04
-3.753544879145920277e-04
-3.685824340209364891e-04
-3.604167432058602571e-04
-3.510097740218043327e-04
-3.405015158932656050e-04
-3.290231397841125727e-04
-3.166960086673498154e-04
-3.036334819626063108e-04
-2.899399260058999062e-04
-2.757128095254302025e-04
-2.610424999147653580e-04
-2.460129617247730494e-04
-2.307012327946722507e-04
-2.151795342797413468e-04
-1.995143829844892025e-04
-1.837668969528749585e-04
-1.679940323811024427e-04
-1.522477687103673816e-04
-1.365763018839061260e-04
-1.210238769999705255e-04
-1.056309338309802115e-04
-9.043418685905635357e-05
-7.546767301391810179e-05
-6.076185673009604216e-05
-4.634437209460884333e-05
-3.224048123229295015e-05
-1.847240491770207882e-05
-5.060370313003659248e-06
7.978262146934866905e-06
2.062774728983640671e-05
3.287458821432664990e-05
4.470731073524802923e-05
5.611621600110083818e-05
6.709317676723003387e-05
7.763173925923183560e-05
8.772694854997098446e-05
9.737530490383505821e-05
1.065747637767344713e-04
1.153243647422641516e-04
1.236242824234068394e-04
1.314758555963635445e-04
1.388816745020449162e-04
1.458448532503098249e-04
1.523698447272181511e-04
1.584615965839475393e-04
1.641259586904197931e-04
1.693694503046572208e-04
1.741992309689521790e-04
1.786231296136975288e-04
1.826495572458952665e-04
1.862871285993605852e-04
1.895453024189919233e-04
1.924336247611790895e-04
1.949619909282773733e-04
1.971410674741491675e-04
1.989810843952000141e-04
2.004930574912577868e-04
2.016880025621503592e-04
2.025770663749426603e-04
2.031714830081909895e-04
2.034826902672648430e-04
2.035221259575337172e-04
2.033012278843671083e-04
2.028315211646258831e-04
2.021243562921881676e-04
2.011912874877452850e-04
2.000434906221926212e-04
1.986922870855778456e-04
1.971487363334745169e-04
1.954238687176257372e-04
1.935284817591309547e-04
1.914731692522764206e-04
1.892685395432636142e-04
1.869246916612610221e-04
1.844516955316066742e-04
1.818595774238929152e-04
1.791577524272724986e-04
1.763555483194068074e-04
1.734621473588049412e-04
1.704863389022648335e-04
1.674366649240255356e-04
1.643214782234281301e-04
1.611487241461873055e-04
1.579261443112045527e-04
1.546612184029072523e-04
1.513611059635877609e-04
1.480325881857424974e-04
1.446823880542069674e-04
1.413167046848684549e-04
1.379415771225467324e-04
1.345627388218417764e-04
1.311856321990489960e-04
1.278153795283287764e-04
1.244568993570283055e-04
1.211148482980206609e-04
1.177934755105525255e-04
1.144969355664215982e-04
1.112290192395448685e-04
1.079932990251109004e-04
1.047931291395798326e-04
1.016315509332343936e-04
9.851140930550172925e-05
9.543534542899578810e-05
9.240572398994117975e-05
8.942476415541023016e-05
8.649440133012831211e-05
8.361642539966851473e-05
8.079240069491788745e-05
7.802372419973835349e-05
7.531161099905148149e-05
7.265708700288087130e-05
7.006104715401306748e-05
6.752420449629426003e-05
6.504711927846074104e-05
6.263022805796936154e-05
6.027383278706111014e-05
5.797806807095184922e-05
5.574300303123891354e-05
5.356855035643093288e-05
5.145454633748158813e-05
4.940069629810750484e-05
4.740664371638558805e-05
4.547190837911330163e-05
4.359597733127884567e-05
4.177820665063336492e-05
4.001791239716112614e-05
3.831434514722786844e-05
3.666670090751722455e-05
3.507409928715787828e-05
3.353565261932089925e-05
3.205038228770717978e-05
3.061730603803880513e-05
2.923538340837694705e-05
2.790356666082516313e-05
2.662077349668834358e-05
2.538588705647271127e-05
2.419778502371627837e-05
2.305533598701003939e-05
2.195738852606154978e-05
2.090277666866313666e-05
1.989034535654354841e-05
1.891892679850570858e-05
1.798735502234194428e-05
1.709446951281279325e-05
1.623911521164700389e-05
1.542014069855213165e-05
1.463640728616155684e-05
1.388678629155037925e-05
1.317016176471952349e-05
1.248543321707984433e-05
1.183151471195742488e-05
1.120733850257238373e-05
1.061185321304947138e-05
1.004403202387038618e-05
9.502860848442651331e-06
8.987356522993650287e-06
8.496544069203082472e-06
8.029488526517525315e-06
7.585261300846468657e-06
7.162966539908666164e-06
6.761732493032468483e-06
6.380706054187612608e-06
6.019064585416344926e-06
5.676004548149649054e-06
5.350751507648965344e-06
5.042553311795927584e-06
4.750683729071170092e-06
4.474438810575520620e-06
4.213140528008807451e-06
3.966136318922508508e-06
3.732796358235646039e-06
3.512514467729488388e-06
3.304709480289602652e-06
3.108822284048073925e-06
2.924316959251882508e-06
2.750681005636579357e-06
2.587425115052610636e-06
2.434079533486510627e-06
2.290199063281761482e-06
2.155358060917933472e-06
2.029152710747439414e-06
1.911200342874508351e-06
1.801137159418431111e-06
1.698620508250314742e-06
1.603327291377354413e-06
1.514953396508644801e-06
1.433214265489368699e-06
1.357842393190367147e-06
1.288590169679082464e-06
1.225227606482803822e-06
1.167542109214991797e-06
1.115338932322629262e-06
1.068439473783655558e-06
1.026683889904234093e-06
9.899273436531075276e-07
9.580428468325408176e-07
9.309181905337027274e-07
9.084592420549597591e-07
8.905865342967445031e-07
8.772370279075403232e-07
8.683635428496927489e-07
8.639345878691528924e-07
8.639345878691528924e-07
8.683635428496927489e-07
8.772370279075403232e-07
8.905865342967445031e-07
9.084592420549597591e-07
9.309181905337027274e-07
9.580428468325408176e-07
9.899273436531075276e-07
1.026683889904234093e-06
1.068439473783655558e-06
1.115338932322629262e-06
1.167542109214991797e-06
1.225227606482803822e-06
1.288590169679082464e-06
1.357842393190367147e-06
1.433214265489368699e-06
1.514953396508644801e-06
1.603327291377354413e-06
1.698620508250314742e-06
1.801137159418431111e-06
1.911200342874508351e-06
2.029152710747439414e-06
2.155358060917933472e-06
2.290199063281761482e-06
2.434079533486510627e-06
2.587425115052610636e-06
2.750681005636579357e-06
2.924316959251882508e-06
3.108822284048073925e-06
3.304709480289602652e-06
3.512514467729488388e-06
3.732796358235646039e-06
3.966136318922508508e-06
4.213140528008807451e-06
4.474438810575520620e-06
4.750683729071170092e-06
5.042553311795927584e-06
5.350751507648965344e-06
5.676004548149649054e-06
6.019064585416344926e-06
6.380706054187612608e-06
6.761732493032468483e-06
7.162966539908666164e-06
7.585261300846468657e-06
8.029488526517525315e-06
8.496544069203082472e-06
8.987356522993650287e-06
9.502860848442651331e-06
1.004403202387038618e-05
1.061185321304947138e-05
1.120733850257238373e-05
1.183151471195742488e-05
1.248543321707984433e-05
1.317016176471952349e-05
1.388678629155037925e-05
1.463640728616155684e-05
1.542014069855213165e-05
1.623911521164700389e-05
1.709446951281279325e-05
1.798735502234194428e-05
1.891892679850570858e-05
1.989034535654354841e-05
2.090277666866313666e-05
2.195738852606154978e-05
2.305533598701003939e-05
2.419778502371627837e-05
2.538588705647271127e-05
2.662077349668834358e-05
2.790356666082516313e-05
2.923538340837694705e-05
3.061730603803880513e-05
3.205038228770717978e-05
3.353565261932089925e-05
3.507409928715787828e-05
3.666670090751722455e-05
3.831434514722786844e-05
4.001791239716112614e-05
4.177820665063336492e-05
4.359597733127884567e-05
4.547190837911330163e-05
4.740664371638558805e-05
4.940069629810750484e-05
5.145454633748158813e-05
5.356855035643093288e-05
5.574300303123891354e-05
5.797806807095184922e-05
6.027383278706111014e-05
6.263022805796936154e-05
6.504711927846074104e-05
6.752420449629426003e-05
7.006104715401306748e-05
7.265708700288087130e-05
7.531161099905148149e-05
7.802372419973835349e-05
8.079240069491788745e-05
8.361642539966851473e-05
8.649440133012831211e-05
8.942476415541023016e-05
9.240572398994117975e-05
9.543534542899578810e-05
9.851140930550172925e-05
1.016315509332343936e-04
1.047931291395798326e-04
1.079932990251109004e-04
1.112290192395448685e-04
1.144969355664215982e-04
1.177934755105525255e-04
1.211148482980206609e-04
1.244568993570283055e-04
1.278153795283287764e-04
1.311856321990489960e-04
1.345627388218417764e-04
1.379415771225467324e-04
1.413167046848684549e-04
1.446823880542069674e-04
1.480325881857424974e-04
1.513611059635877609e-04
1.546612184029072523e-04
1.579261443112045527e-04
1.611487241461873055e-04
1.643214782234281301e-04
1.674366649240255356e-04
1.704863389022648335e-04
1.734621473588049412e-04
1.763555483194068074e-04
1.791577524272724986e-04
1.818595774238929152e-04
1.844516955316066742e-04
1.869246916612610221e-04
1.892685395432636142e-04
1.914731692522764206e-04
1.935284817591309547e-04
1.954238687176257372e-04
1.971487363334745169e-04
1.986922870855778456e-04
2.000434906221926212e-04
2.011912874877452850e-04
2.021243562921881676e-04
2.028315211646258831e-04
2.033012278843671083e-04
2.035221259575337172e-04
2.034826902672648430e-04
2.031714830081909895e-04
2.025770663749426603e-04
2.016880025621503592e-04
2.004930574912577868e-04
1.989810843952000141e-04
1.971410674741491675e-04
1.949619909282773733e-04
1.924336247611790895e-04
1.895453024189919233e-04
1.862871285993605852e-04
1.826495572458952665e-04
1.786231296136975288e-04
1.741992309689521790e-04
1.693694503046572208e-04
1.641259586904197931e-04
1.584615965839475393e-04
1.523698447272181511e-04
1.458448532503098249e-04
1.388816745020449162e-04
1.314758555963635445e-04
1.236242824234068394e-04
1.153243647422641516e-04
1.065747637767344713e-04
9.737530490383505821e-05
8.772694854997098446e-05
7.763173925923183560e-05
6.709317676723003387e-05
5.611621600110083818e-05
4.470731073524802923e-05
3.287458821432664990e-05
2.062774728983640671e-05
7.978262146934866905e-06
-5.060370313003659248e-06
-1.847240491770207882e-05
-3.224048123229295015e-05
-4.634437209460884333e-05
-6.076185673009604216e-05
-7.546767301391810179e-05
-9.043418685905635357e-05
-1.056309338309802115e-04
-1.210238769999705255e-04
-1.365763018839061260e-04
-1.522477687103673816e-04
-1.679940323811024427e-04
-1.837668969528749585e-04
-1.995143829844892025e-04
-2.151795342797413468e-04
-2.307012327946722507e-04
-2.460129617247730494e-04
-2.610424999147653580e-04
-2.757128095254302025e-04
-2.899399260058999062e-04
-3.036334819626063108e-04
-3.166960086673498154e-04
-3.290231397841125727e-04
-3.405015158932656050e-04
-3.510097740218043327e-04
-3.604167432058602571e-04
-3.685824340209364891e-04
-3.753544879145920277e-04
-3.805703017860651016e-04
-3.840542049147188663e-04
-3.856182738672941923e-04
-3.850583452731370926e-04
-3.821570717263966799e-04
-3.766780719161033630e-04
-3.683685790747404099e-04
-3.569579275790601969e-04
-3.421514120418578386e-04
-3.236349439248442650e-04
-3.010677173733711243e-04
-2.740861673373728991e-04
-2.422944089630618691e-04
-2.052737982012331486e-04
-1.625684089958667755e-04
-1.136893260991200805e-04
-5.811359733343124390e-05
4.722154699265956879e-06
7.541809463873505592e-05
1.546229468658566475e-04
2.430183230899274349e-04
3.413431113585829735e-04
4.503676318563520908e-04
5.709156394004821777e-04
7.038479670882225037e-04
8.500542608089745045e-04
1.010454259812831879e-03
1.185984699986875057e-03
1.377563923597335815e-03
1.586074242368340492e-03
1.812306698411703110e-03
2.056918572634458542e-03
2.320353174582123756e-03
2.602701075375080109e-03
2.903637476265430450e-03
3.222214058041572571e-03
3.556686453521251678e-03
3.904368728399276733e-03
4.261457361280918121e-03
4.622829146683216095e-03
4.982091486454010010e-03
5.331513471901416779e-03
5.662340670824050903e-03
5.965031683444976807e-03
6.229826249182224274e-03
6.447355728596448898e-03
6.609376054257154465e-03
6.709365174174308777e-03
6.743155885487794876e-03
6.709365174174308777e-03
6.609376054257154465e-03
6.447355728596448898e-03
6.229826249182224274e-03
5.965031683444976807e-03
5.662340670824050903e-03
5.331513471901416779e-03
4.982091486454010010e-03
4.622829146683216095e-03
4.261457361280918121e-03
3.904368728399276733e-03
3.556686453521251678e-03
3.222214058041572571e-03
2.903637476265430450e-03
2.602701075375080109e-03
2.320353174582123756e-03
2.056918572634458542e-03
1.812306698411703110e-03
1.586074242368340492e-03
1.377563923597335815e-03
1.185984699986875057e-03
1.010454259812831879e-03
8.500542608089745045e-04
7.038479670882225037e-04
5.709156394004821777e-04
4.503676318563520908e-04
3.413431113585829735e-04
2.430183230899274349e-04
1.546229468658566475e-04
7.541809463873505592e-05
4.722154699265956879e-06
-5.811359733343124390e-05
-1.136893260991200805e-04
-1.625684089958667755e-04
-2.052737982012331486e-04
-2.422944089630618691e-04
-2.740861673373728991e-04
-3.010677173733711243e-04
-3.236349439248442650e-04
-3.421514120418578386e-04
-3.569579275790601969e-04
-3.683685790747404099e-04
-3.766780719161033630e-04
-3.821570717263966799e-04
-3.850583452731370926e-04
-3.856182738672941923e-04
-3.840542049147188663e-04
-3.805703017860651016e-04
-3.753544879145920277e-04
-3.685824340209364891e-04
-3.604167432058602571e-04
-3.510097740218043327e-04
-3.405015158932656050e-04
-3.290231397841125727e-04
-3.166960086673498154e-04
-3.036334819626063108e-04
-2.899399260058999062e-04
-2.757128095254302025e-04
-2.610424999147653580e-04
-2.460129617247730494e-04
-2.307012327946722507e-04
-2.151795342797413468e-04
-1.995143829844892025e-04
-1.837668969528749585e-04
-1.679940323811024427e-04
-1.522477687103673816e-04
-1.365763018839061260e-04
-1.210238769999705255e-04
-1.056309338309802115e-04
-9.043418685905635357e-05
-7.546767301391810179e-05
-6.076185673009604216e-05
-4.634437209460884333e-05
-3.224048123229295015e-05
-1.847240491770207882e-05
-5.060370313003659248e-06
7.978262146934866905e-06
2.062774728983640671e-05
3.287458821432664990e-05
4.470731073524802923e-05
5.611621600110083818e-05
6.709317676723003387e-05
7.763173925923183560e-05
8.772694854997098446e-05
9.737530490383505821e-05
1.065747637767344713e-04
1.153243647422641516e-04
1.236242824234068394e-04
1.314758555963635445e-04
1.388816745020449162e-04
1.458448532503098249e-04
1.523698447272181511e-04
1.584615965839475393e-04
1.641259586904197931e-04
1.693694503046572208e-04
1.741992309689521790e-04
1.786231296136975288e-04
1.826495572458952665e-04
1.862871285993605852e-04
1.895453024189919233e-04
1.924336247611790895e-04
1.949619909282773733e-04
1.971410674741491675e-04
1.989810843952000141e-04
2.004930574912577868e-04
2.016880025621503592e-04
2.025770663749426603e-04
2.031714830081909895e-04
2.034826902672648430e-04
2.035221259575337172e-04
2.033012278843671083e-04
2.028315211646258831e-04
2.021243562921881676e-04
2.011912874877452850e-04
2.000434906221926212e-04
1.986922870855778456e-04
1.971487363334745169e-04
1.954238687176257372e-04
1.935284817591309547e-04
1.914731692522764206e-04
1.892685395432636142e-04
1.869246916612610221e-04
1.844516955316066742e-04
1.818595774238929152e-04
1.791577524272724986e-04
1.763555483194068074e-04
1.734621473588049412e-04
1.704863389022648335e-04
1.674366649240255356e-04
1.643214782234281301e-04
1.611487241461873055e-04
1.579261443112045527e-04
1.546612184029072523e-04
1.513611059635877609e-04
1.480325881857424974e-04
1.446823880542069674e-04
1.413167046848684549e-04
1.379415771225467324e-04
1.345627388218417764e-04
1.311856321990489960e-04
1.278153795283287764e-04
1.244568993570283055e-04
1.211148482980206609e-04
1.177934755105525255e-04
1.144969355664215982e-04
1.112290192395448685e-04
1.079932990251109004e-04
1.047931291395798326e-04
1.016315509332343936e-04
9.851140930550172925e-05
9.543534542899578810e-05
9.240572398994117975e-05
8.942476415541023016e-05
8.649440133012831211e-05
8.361642539966851473e-05
8.079240069491788745e-05
7.802372419973835349e-05
7.531161099905148149e-05
7.265708700288087130e-05
7.006104715401306748e-05
6.752420449629426003e-05
6.504711927846074104e-05
6.263022805796936154e-05
6.027383278706111014e-05
5.797806807095184922e-05
5.574300303123891354e-05
5.356855035643093288e-05
5.145454633748158813e-05
4.940069629810750484e-05
4.740664371638558805e-05
4.547190837911330163e-05
4.359597733127884567e-05
4.177820665063336492e-05
4.001791239716112614e-05
3.831434514722786844e-05
3.666670090751722455e-05
3.507409928715787828e-05
3.353565261932089925e-05
3.205038228770717978e-05
3.061730603803880513e-05
2.923538340837694705e-05
2.790356666082516313e-05
2.662077349668834358e-05
2.538588705647271127e-05
2.419778502371627837e-05
2.305533598701003939e-05
2.195738852606154978e-05
2.090277666866313666e-05
1.989034535654354841e-05
1.891892679850570858e-05
1.798735502234194428e-05
1.709446951281279325e-05
1.623911521164700389e-05
1.542014069855213165e-05
1.463640728616155684e-05
1.388678629155037925e-05
1.317016176471952349e-05
1.248543321707984433e-05
1.183151471195742488e-05
1.120733850257238373e-05
1.061185321304947138e-05
1.004403202387038618e-05
9.502860848442651331e-06
8.987356522993650287e-06
8.496544069203082472e-06
8.029488526517525315e-06
7.585261300846468657e-06
7.162966539908666164e-06
6.761732493032468483e-06
6.380706054187612608e-06
6.019064585416344926e-06
5.676004548149649054e-06
5.350751507648965344e-06
5.042553311795927584e-06
4.750683729071170092e-06
4.474438810575520620e-06
4.213140528008807451e-06
3.966136318922508508e-06
3.732796358235646039e-06
3.512514467729488388e-06
3.304709480289602652e-06
3.108822284048073925e-06
2.924316959251882508e-06
2.750681005636579357e-06
2.587425115052610636e-06
2.434079533486510627e-06
2.290199063281761482e-06
2.155358060917933472e-06
2.029152710747439414e-06
1.911200342874508351e-06
1.801137159418431111e-06
1.698620508250314742e-06
1.603327291377354413e-06
1.514953396508644801e-06
1.433214265489368699e-06
1.357842393190367147e-06
1.288590169679082464e-06
1.225227606482803822e-06
1.167542109214991797e-06
1.115338932322629262e-06
1.068439473783655558e-06
1.026683889904234093e-06
9.899273436531075276e-07
9.580428468325408176e-07
9.309181905337027274e-07
9.084592420549597591e-07
8.905865342967445031e-07
8.772370279075403232e-07
8.683635428496927489e-07
8.639345878691528924e-07
8.639345878691528924e-07
8.683635428496927489e-07
8.772370279075403232e-07
8.905865342967445031e-07
9.084592420549597591e-07
9.309181905337027274e-07
9.580428468325408176e-07
9.899273436531075276e-07
1.026683889904234093e-06
1.068439473783655558e-06
1.115338932322629262e-06
1.167542109214991797e-06
1.225227606482803822e-06
1.288590169679082464e-06
1.357842393190367147e-06
1.433214265489368699e-06
1.514953396508644801e-06
1.603327291377354413e-06
1.698620508250314742e-06
1.801137159418431111e-06
1.911200342874508351e-06
2.029152710747439414e-06
2.155358060917933472e-06
2.290199063281761482e-06
2.434079533486510627e-06
2.587425115052610636e-06
2.750681005636579357e-06
2.924316959251882508e-06
3.108822284048073925e-06
3.304709480289602652e-06
3.512514467729488388e-06
3.732796358235646039e-06
3.966136318922508508e-06
4.213140528008807451e-06
4.474438810575520620e-06
4.750683729071170092e-06
5.042553311795927584e-06
5.350751507648965344e-06
5.676004548149649054e-06
6.019064585416344926e-06
6.380706054187612608e-06
6.761732493032468483e-06
7.162966539908666164e-06
7.585261300846468657e-06
8.029488526517525315e-06
8.496544069203082472e-06
8.987356522993650287e-06
9.502860848442651331e-06
1.004403202387038618e-05
1.061185321304947138e-05
1.120733850257238373e-05
1.183151471195742488e-05
1.248543321707984433e-05
1.317016176471952349e-05
1.388678629155037925e-05
1.463640728616155684e-05
1.542014069855213165e-05
1.623911521164700389e-05
1.709446951281279325e-05
1.798735502234194428e-05
1.891892679850570858e-05
1.989034535654354841e-05
2.090277666866313666e-05
2.195738852606154978e-05
2.305533598701003939e-05
2.419778502371627837e-05
2.538588705647271127e-05
2.662077349668834358e-05
2.790356666082516313e-05
2.923538340837694705e-05
3.061730603803880513e-05
3.205038228770717978e-05
3.353565261932089925e-05
3.507409928715787828e-05
3.666670090751722455e-05
3.831434514722786844e-05
4.001791239716112614e-05
4.177820665063336492e-05
4.359597733127884567e-05
4.547190837911330163e-05
4.740664371638558805e-05
4.940069629810750484e-05
5.145454633748158813e-05
5.356855035643093288e-05
5.574300303123891354e-05
5.797806807095184922e-05
6.027383278706111014e-05
6.263022805796936154e-05
6.504711927846074104e-05
6.752420449629426003e-05
7.006104715401306748e-05
7.265708700288087130e-05
7.531161099905148149e-05
7.802372419973835349e-05
8.079240069491788745e-05
8.361642539966851473e-05
8.649440133012831211e-05
8.942476415541023016e-05
9.240572398994117975e-05
9.543534542899578810e-05
9.851140930550172925e-05
1.016315509332343936e-04
1.047931291395798326e-04
1.079932990251109004e-04
1.112290192395448685e-04
1.144969355664215982e-04
1.177934755105525255e-04
1.211148482980206609e-04
1.244568993570283055e-04
1.278153795283287764e-04
1.311856321990489960e-04
1.345627388218417764e-04
1.379415771225467324e-04
1.413167046848684549e-04
1.446823880542069674e-04
1.480325881857424974e-04
1.513611059635877609e-04
1.546612184029072523e-04
1.579261443112045527e-04
1.611487241461873055e-04
1.643214782234281301e-04
1.674366649240255356e-04
1.704863389022648335e-04
1.734621473588049412e-04
1.763555483194068074e-04
1.791577524272724986e-04
1.818595774238929152e-04
1.844516955316066742e-04
1.869246916612610221e-04
1.892685395432636142e-04
1.914731692522764206e-04
1.935284817591309547e-04
1.954238687176257372e-04
1.971487363334745169e-04
1.986922870855778456e-04
2.000434906221926212e-04
2.011912874877452850e-04
2.021243562921881676e-04
2.028315211646258831e-04
2.033012278843671083e-04
2.035221259575337172e-04
2.034826902672648430e-04
2.031714830081909895e-04
2.025770663749426603e-04
2.016880025621503592e-04
2.004930574912577868e-04
1.989810843952000141e-04
1.971410674741491675e-04
1.949619909282773733e-04
1.924336247611790895e-04
1.895453024189919233e-04
1.862871285993605852e-04
1.826495572458952665e-04
1.786231296136975288e-04
1.741992309689521790e-04
1.693694503046572208e-04
1.641259586904197931e-04
1.584615965839475393e-04
1.523698447272181511e-04
1.458448532503098249e-04
1.388816745020449162e-04
1.314758555963635445e-04
1.236242824234068394e-04
1.153243647422641516e-04
1.065747637767344713e-04
9.737530490383505821e-05
8.772694854997098446e-05
7.763173925923183560e-05
6.709317676723003387e-05
5.611621600110083818e-05
4.470731073524802923e-05
3.287458821432664990e-05
2.062774728983640671e-05
7.978262146934866905e-06
-5.060370313003659248e-06
-1.847240491770207882e-05
-3.224048123229295015e-05
-4.634437209460884333e-05
-6.076185673009604216e-05
-7.546767301391810179e-05
-9.043418685905635357e-05
-1.056309338309802115e-04
-1.210238769999705255e-04
-1.365763018839061260e-04
-1.522477687103673816e-04
-1.679940323811024427e-04
-1.837668969528749585e-04
-1.995143829844892025e-04
-2.151795342797413468e-04
-2.307012327946722507e-04
-2.460129617247730494e-04
-2.610424999147653580e-04
-2.757128095254302025e-04
-2.899399260058999062e-04
-3.036334819626063108e-04
-3.166960086673498154e-04
-3.290231397841125727e-04
-3.405015158932656050e-04
-3.510097740218043327e-04
-3.604167432058602571e-04
-3.685824340209364891e-04
-3.753544879145920277e-04
-3.805703017860651016e-04
-3.840542049147188663e-04
-3.856182738672941923e-04
-3.850583452731370926e-04
-3.821570717263966799e-04
-3.766780719161033630e-04
-3.683685790747404099e-04
-3.569579275790601969e-04
-3.421514120418578386e-04
-3.236349439248442650e-04
-3.010677173733711243e-04
-2.740861673373728991e-04
-2.422944089630618691e-04
-2.052737982012331486e-04
-1.625684089958667755e-04
-1.136893260991200805e-04
-5.811359733343124390e-05
4.722154699265956879e-06
7.541809463873505592e-05
1.546229468658566475e-04
2.430183230899274349e-04
3.413431113585829735e-04
4.503676318563520908e-04
5.709156394004821777e-04
7.038479670882225037e-04
8.500542608089745045e-04
1.010454259812831879e-03
1.185984699986875057e-03
1.377563923597335815e-03
1.586074242368340492e-03
1.812306698411703110e-03
2.056918572634458542e-03
2.320353174582123756e-03
2.602701075375080109e-03
2.903637476265430450e-03
3.222214058041572571e-03
3.556686453521251678e-03
3.904368728399276733e-03
4.261457361280918121e-03
4.622829146683216095e-03
4.982091486454010010e-03
5.331513471901416779e-03
5.662340670824050903e-03
5.965031683444976807e-03
6.229826249182224274e-03
6.447355728596448898e-03
6.609376054257154465e-03
6.709365174174308777e-03
