9.712667018175125122e-02
9.724411368370056152e-02
9.758652001619338989e-02
9.812589734792709351e-02
9.881901741027832031e-02
9.961108863353729248e-02
1.004410907626152039e-01
1.012464016675949097e-01
1.019676327705383301e-01
1.025512889027595520e-01
1.029523089528083801e-01
1.031348854303359985e-01
1.030726954340934753e-01
1.027482897043228149e-01
1.021521985530853271e-01
1.012817770242691040e-01
1.001400649547576904e-01
9.873506426811218262e-02
9.707844257354736328e-02
9.518525004386901855e-02
9.307290613651275635e-02
9.076088666915893555e-02
8.827036619186401367e-02
8.562359213829040527e-02
8.284363895654678345e-02
7.995410263538360596e-02
7.697888463735580444e-02
7.394165545701980591e-02
7.086594402790069580e-02
6.777461618185043335e-02
6.468984484672546387e-02
6.163283437490463257e-02
5.862369760870933533e-02
5.568128824234008789e-02
5.282304435968399048e-02
5.006489530205726624e-02
4.742124676704406738e-02
4.490477591753005981e-02
4.252644255757331848e-02
4.029551148414611816e-02
3.821946680545806885e-02
3.630400449037551880e-02
3.455311805009841919e-02
3.296908736228942871e-02
3.155249357223510742e-02
3.030237928032875061e-02
2.921621128916740417e-02
2.829000726342201233e-02
2.751844935119152069e-02
2.689491957426071167e-02
2.641168422996997833e-02
2.605994418263435364e-02
2.582996524870395660e-02
2.571119554340839386e-02
2.569239772856235504e-02
2.576174959540367126e-02
2.590697072446346283e-02
2.611545100808143616e-02
2.637434564530849457e-02
2.667070552706718445e-02
2.699157781898975372e-02
2.732411772012710571e-02
2.765567600727081299e-02
2.797391265630722046e-02
2.826685830950737000e-02
2.852302044630050659e-02
2.873143739998340607e-02
2.888176590204238892e-02
2.896432206034660339e-02
2.897014096379280090e-02
2.889103256165981293e-02
2.871957421302795410e-02
2.844922430813312531e-02
2.807427197694778442e-02
2.758985944092273712e-02
2.699203416705131531e-02
2.627771720290184021e-02
2.544469758868217468e-02
2.449164167046546936e-02
2.341806329786777496e-02
2.222432196140289307e-02
2.091152966022491455e-02
1.948162168264389038e-02
1.793726906180381775e-02
1.628182455897331238e-02
1.451930962502956390e-02
1.265435479581356049e-02
1.069217175245285034e-02
8.638480678200721741e-03
6.499494891613721848e-03
4.281818866729736328e-03
1.992453821003437042e-03
-3.612926229834556580e-04
-2.771833911538124084e-03
-5.231395363807678223e-03
-7.732027675956487656e-03
-1.026561670005321503e-02
-1.282406784594058990e-02
-1.539919897913932800e-02
-1.798288524150848389e-02
-2.056701108813285828e-02
-2.314367890357971191e-02
-2.570501714944839478e-02
-2.824344113469123840e-02
-3.075146302580833435e-02
-3.322197496891021729e-02
-3.564805164933204651e-02
-3.802308440208435059e-02
-4.034085199236869812e-02
-4.259537160396575928e-02
-4.478111863136291504e-02
-4.689287021756172180e-02
-4.892583563923835754e-02
-5.087561905384063721e-02
-5.273821949958801270e-02
-5.451004207134246826e-02
-5.618789792060852051e-02
-5.776906013488769531e-02
-5.925112217664718628e-02
-6.063218414783477783e-02
-6.191064789891242981e-02
-6.308539956808090210e-02
-6.415562331676483154e-02
-6.512095034122467041e-02
-6.598129123449325562e-02
-6.673699617385864258e-02
-6.738867610692977905e-02
-6.793726980686187744e-02
-6.838406622409820557e-02
-6.873056292533874512e-02
-6.897857785224914551e-02
-6.913016736507415771e-02
-6.918758898973464966e-02
-6.915333867073059082e-02
-6.903013586997985840e-02
-6.882079690694808960e-02
-6.852836161851882935e-02
-6.815597414970397949e-02
-6.770692020654678345e-02
-6.718459725379943848e-02
-6.659242510795593262e-02
-6.593399494886398315e-02
-6.521283835172653198e-02
-6.443263590335845947e-02
-6.359700858592987061e-02
-6.270962953567504883e-02
-6.177413836121559143e-02
-6.079418212175369263e-02
-5.977338552474975586e-02
-5.871526896953582764e-02
-5.762339755892753601e-02
-5.650119855999946594e-02
-5.535208433866500854e-02
-5.417932569980621338e-02
-5.298618227243423462e-02
-5.177575349807739258e-02
-5.055109038949012756e-02
-4.931511357426643372e-02
-4.807064682245254517e-02
-4.682040587067604065e-02
-4.556696861982345581e-02
-4.431283473968505859e-02
-4.306034371256828308e-02
-4.181174561381340027e-02
-4.056914523243904114e-02
-3.933455422520637512e-02
-3.810984641313552856e-02
-3.689675778150558472e-02
-3.569693863391876221e-02
-3.451189771294593811e-02
-3.334304317831993103e-02
-3.219165652990341187e-02
-3.105890750885009766e-02
-2.994586899876594543e-02
-2.885350026190280914e-02
-2.778265811502933502e-02
-2.673410624265670776e-02
-2.570849470794200897e-02
-2.470640651881694794e-02
-2.372831851243972778e-02
-2.277463302016258240e-02
-2.184566296637058258e-02
-2.094165608286857605e-02
-2.006276883184909821e-02
-1.920911297202110291e-02
-1.838072016835212708e-02
-1.757756620645523071e-02
-1.679956354200839996e-02
-1.604658551514148712e-02
-1.531843841075897217e-02
-1.461490057408809662e-02
-1.393569540232419968e-02
-1.328051555901765823e-02
-1.264901459217071533e-02
-1.204081811010837555e-02
-1.145551726222038269e-02
-1.089268364012241364e-02
-1.035186368972063065e-02
-9.832585230469703674e-03
-9.334358386695384979e-03
-8.856677450239658356e-03
-8.399029262363910675e-03
-7.960884831845760345e-03
-7.541714701801538467e-03
-7.140977773815393448e-03
-6.758131552487611771e-03
-6.392633076757192612e-03
-6.043938454240560532e-03
-5.711504258215427399e-03
-5.394791718572378159e-03
-5.093267187476158142e-03
-4.806398879736661911e-03
-4.533665720373392105e-03
-4.274550825357437134e-03
-4.028549883514642715e-03
-3.795165568590164185e-03
-3.573910333216190338e-03
-3.364309202879667282e-03
-3.165898146107792854e-03
-2.978225704282522202e-03
-2.800852293148636818e-03
-2.633350901305675507e-03
-2.475309651345014572e-03
-2.326328773051500320e-03
-2.186022233217954636e-03
-2.054019132629036903e-03
-1.929962076246738434e-03
-1.813508453778922558e-03
-1.704328693449497223e-03
-1.602109754458069801e-03
-1.506551168859004974e-03
-1.417367835529148579e-03
-1.334288623183965683e-03
-1.257057301700115204e-03
-1.185431377962231636e-03
-1.119183027185499668e-03
-1.058097928762435913e-03
-1.001976197585463524e-03
-9.506320348009467125e-04
-9.038932621479034424e-04
-8.616013219580054283e-04
-8.236115099862217903e-04
-7.897923933342099190e-04
-7.600262761116027832e-04
-7.342085009440779686e-04
-7.122477982193231583e-04
-6.940662278793752193e-04
-6.795988883823156357e-04
-6.687936256639659405e-04
-6.616117316298186779e-04
-6.580273038707673550e-04
-6.580273038707673550e-04
-6.616117316298186779e-04
-6.687936256639659405e-04
-6.795988883823156357e-04
-6.940662278793752193e-04
-7.122477982193231583e-04
-7.342085009440779686e-04
-7.600262761116027832e-04
-7.897923933342099190e-04
-8.236115099862217903e-04
-8.616013219580054283e-04
-9.038932621479034424e-04
-9.506320348009467125e-04
-1.001976197585463524e-03
-1.058097928762435913e-03
-1.119183027185499668e-03
-1.185431377962231636e-03
-1.257057301700115204e-03
-1.334288623183965683e-03
-1.417367835529148579e-03
-1.506551168859004974e-03
-1.602109754458069801e-03
-1.704328693449497223e-03
-1.813508453778922558e-03
-1.929962076246738434e-03
-2.054019132629036903e-03
-2.186022233217954636e-03
-2.326328773051500320e-03
-2.475309651345014572e-03
-2.633350901305675507e-03
-2.800852293148636818e-03
-2.978225704282522202e-03
-3.165898146107792854e-03
-3.364309202879667282e-03
-3.573910333216190338e-03
-3.795165568590164185e-03
-4.028549883514642715e-03
-4.274550825357437134e-03
-4.533665720373392105e-03
-4.806398879736661911e-03
-5.093267187476158142e-03
-5.394791718572378159e-03
-5.711504258215427399e-03
-6.043938454240560532e-03
-6.392633076757192612e-03
-6.758131552487611771e-03
-7.140977773815393448e-03
-7.541714701801538467e-03
-7.960884831845760345e-03
-8.399029262363910675e-03
-8.856677450239658356e-03
-9.334358386695384979e-03
-9.832585230469703674e-03
-1.035186368972063065e-02
-1.089268364012241364e-02
-1.145551726222038269e-02
-1.204081811010837555e-02
-1.264901459217071533e-02
-1.328051555901765823e-02
-1.393569540232419968e-02
-1.461490057408809662e-02
-1.531843841075897217e-02
-1.604658551514148712e-02
-1.679956354200839996e-02
-1.757756620645523071e-02
-1.838072016835212708e-02
-1.920911297202110291e-02
-2.006276883184909821e-02
-2.094165608286857605e-02
-2.184566296637058258e-02
-2.277463302016258240e-02
-2.372831851243972778e-02
-2.470640651881694794e-02
-2.570849470794200897e-02
-2.673410624265670776e-02
-2.778265811502933502e-02
-2.885350026190280914e-02
-2.994586899876594543e-02
-3.105890750885009766e-02
-3.219165652990341187e-02
-3.334304317831993103e-02
-3.451189771294593811e-02
-3.569693863391876221e-02
-3.689675778150558472e-02
-3.810984641313552856e-02
-3.933455422520637512e-02
-4.056914523243904114e-02
-4.181174561381340027e-02
-4.306034371256828308e-02
-4.431283473968505859e-02
-4.556696861982345581e-02
-4.682040587067604065e-02
-4.807064682245254517e-02
-4.931511357426643372e-02
-5.055109038949012756e-02
-5.177575349807739258e-02
-5.298618227243423462e-02
-5.417932569980621338e-02
-5.535208433866500854e-02
-5.650119855999946594e-02
-5.762339755892753601e-02
-5.871526896953582764e-02
-5.977338552474975586e-02
-6.079418212175369263e-02
-6.177413836121559143e-02
-6.270962953567504883e-02
-6.359700858592987061e-02
-6.443263590335845947e-02
-6.521283835172653198e-02
-6.593399494886398315e-02
-6.659242510795593262e-02
-6.718459725379943848e-02
-6.770692020654678345e-02
-6.815597414970397949e-02
-6.852836161851882935e-02
-6.882079690694808960e-02
-6.903013586997985840e-02
-6.915333867073059082e-02
-6.918758898973464966e-02
-6.913016736507415771e-02
-6.897857785224914551e-02
-6.873056292533874512e-02
-6.838406622409820557e-02
-6.793726980686187744e-02
-6.738867610692977905e-02
-6.673699617385864258e-02
-6.598129123449325562e-02
-6.512095034122467041e-02
-6.415562331676483154e-02
-6.308539956808090210e-02
-6.191064789891242981e-02
-6.063218414783477783e-02
-5.925112217664718628e-02
-5.776906013488769531e-02
-5.618789792060852051e-02
-5.451004207134246826e-02
-5.273821949958801270e-02
-5.087561905384063721e-02
-4.892583563923835754e-02
-4.689287021756172180e-02
-4.478111863136291504e-02
-4.259537160396575928e-02
-4.034085199236869812e-02
-3.802308440208435059e-02
-3.564805164933204651e-02
-3.322197496891021729e-02
-3.075146302580833435e-02
-2.824344113469123840e-02
-2.570501714944839478e-02
-2.314367890357971191e-02
-2.056701108813285828e-02
-1.798288524150848389e-02
-1.539919897913932800e-02
-1.282406784594058990e-02
-1.026561670005321503e-02
-7.732027675956487656e-03
-5.231395363807678223e-03
-2.771833911538124084e-03
-3.612926229834556580e-04
1.992453821003437042e-03
4.281818866729736328e-03
6.499494891613721848e-03
8.638480678200721741e-03
1.069217175245285034e-02
1.265435479581356049e-02
1.451930962502956390e-02
1.628182455897331238e-02
1.793726906180381775e-02
1.948162168264389038e-02
2.091152966022491455e-02
2.222432196140289307e-02
2.341806329786777496e-02
2.449164167046546936e-02
2.544469758868217468e-02
2.627771720290184021e-02
2.699203416705131531e-02
2.758985944092273712e-02
2.807427197694778442e-02
2.844922430813312531e-02
2.871957421302795410e-02
2.889103256165981293e-02
2.897014096379280090e-02
2.896432206034660339e-02
2.888176590204238892e-02
2.873143739998340607e-02
2.852302044630050659e-02
2.826685830950737000e-02
2.797391265630722046e-02
2.765567600727081299e-02
2.732411772012710571e-02
2.699157781898975372e-02
2.667070552706718445e-02
2.637434564530849457e-02
2.611545100808143616e-02
2.590697072446346283e-02
2.576174959540367126e-02
2.569239772856235504e-02
2.571119554340839386e-02
2.582996524870395660e-02
2.605994418263435364e-02
2.641168422996997833e-02
2.689491957426071167e-02
2.751844935119152069e-02
2.829000726342201233e-02
2.921621128916740417e-02
3.030237928032875061e-02
3.155249357223510742e-02
3.296908736228942871e-02
3.455311805009841919e-02
3.630400449037551880e-02
3.821946680545806885e-02
4.029551148414611816e-02
4.252644255757331848e-02
4.490477591753005981e-02
4.742124676704406738e-02
5.006489530205726624e-02
5.282304435968399048e-02
5.568128824234008789e-02
5.862369760870933533e-02
6.163283437490463257e-02
6.468984484672546387e-02
6.777461618185043335e-02
7.086594402790069580e-02
7.394165545701980591e-02
7.697888463735580444e-02
7.995410263538360596e-02
8.284363895654678345e-02
8.562359213829040527e-02
8.827036619186401367e-02
9.076088666915893555e-02
9.307290613651275635e-02
9.518525004386901855e-02
9.707844257354736328e-02
9.873506426811218262e-02
1.001400649547576904e-01
1.012817770242691040e-01
1.021521985530853271e-01
1.027482897043228149e-01
1.030726954340934753e-01
1.031348854303359985e-01
1.029523089528083801e-01
1.025512889027595520e-01
1.019676327705383301e-01
1.012464016675949097e-01
1.004410907626152039e-01
9.961108863353729248e-02
9.881901741027832031e-02
9.812589734792709351e-02
9.758652001619338989e-02
9.724411368370056152e-02
9.712667018175125122e-02
9.724411368370056152e-02
9.758652001619338989e-02
9.812589734792709351e-02
9.881901741027832031e-02
9.961108863353729248e-02
1.004410907626152039e-01
1.012464016675949097e-01
1.019676327705383301e-01
1.025512889027595520e-01
1.029523089528083801e-01
1.031348854303359985e-01
1.030726954340934753e-01
1.027482897043228149e-01
1.021521985530853271e-01
1.012817770242691040e-01
1.001400649547576904e-01
9.873506426811218262e-02
9.707844257354736328e-02
9.518525004386901855e-02
9.307290613651275635e-02
9.076088666915893555e-02
8.827036619186401367e-02
8.562359213829040527e-02
8.284363895654678345e-02
7.995410263538360596e-02
7.697888463735580444e-02
7.394165545701980591e-02
7.086594402790069580e-02
6.777461618185043335e-02
6.468984484672546387e-02
6.163283437490463257e-02
5.862369760870933533e-02
5.568128824234008789e-02
5.282304435968399048e-02
5.006489530205726624e-02
4.742124676704406738e-02
4.490477591753005981e-02
4.252644255757331848e-02
4.029551148414611816e-02
3.821946680545806885e-02
3.630400449037551880e-02
3.455311805009841919e-02
3.296908736228942871e-02
3.155249357223510742e-02
3.030237928032875061e-02
2.921621128916740417e-02
2.829000726342201233e-02
2.751844935119152069e-02
2.689491957426071167e-02
2.641168422996997833e-02
2.605994418263435364e-02
2.582996524870395660e-02
2.571119554340839386e-02
2.569239772856235504e-02
2.576174959540367126e-02
2.590697072446346283e-02
2.611545100808143616e-02
2.637434564530849457e-02
2.667070552706718445e-02
2.699157781898975372e-02
2.732411772012710571e-02
2.765567600727081299e-02
2.797391265630722046e-02
2.826685830950737000e-02
2.852302044630050659e-02
2.873143739998340607e-02
2.888176590204238892e-02
2.896432206034660339e-02
2.897014096379280090e-02
2.889103256165981293e-02
2.871957421302795410e-02
2.844922430813312531e-02
2.807427197694778442e-02
2.758985944092273712e-02
2.699203416705131531e-02
2.627771720290184021e-02
2.544469758868217468e-02
2.449164167046546936e-02
2.341806329786777496e-02
2.222432196140289307e-02
2.091152966022491455e-02
1.948162168264389038e-02
1.793726906180381775e-02
1.628182455897331238e-02
1.451930962502956390e-02
1.265435479581356049e-02
1.069217175245285034e-02
8.638480678200721741e-03
6.499494891613721848e-03
4.281818866729736328e-03
1.992453821003437042e-03
-3.612926229834556580e-04
-2.771833911538124084e-03
-5.231395363807678223e-03
-7.732027675956487656e-03
-1.026561670005321503e-02
-1.282406784594058990e-02
-1.539919897913932800e-02
-1.798288524150848389e-02
-2.056701108813285828e-02
-2.314367890357971191e-02
-2.570501714944839478e-02
-2.824344113469123840e-02
-3.075146302580833435e-02
-3.322197496891021729e-02
-3.564805164933204651e-02
-3.802308440208435059e-02
-4.034085199236869812e-02
-4.259537160396575928e-02
-4.478111863136291504e-02
-4.689287021756172180e-02
-4.892583563923835754e-02
-5.087561905384063721e-02
-5.273821949958801270e-02
-5.451004207134246826e-02
-5.618789792060852051e-02
-5.776906013488769531e-02
-5.925112217664718628e-02
-6.063218414783477783e-02
-6.191064789891242981e-02
-6.308539956808090210e-02
-6.415562331676483154e-02
-6.512095034122467041e-02
-6.598129123449325562e-02
-6.673699617385864258e-02
-6.738867610692977905e-02
-6.793726980686187744e-02
-6.838406622409820557e-02
-6.873056292533874512e-02
-6.897857785224914551e-02
-6.913016736507415771e-02
-6.918758898973464966e-02
-6.915333867073059082e-02
-6.903013586997985840e-02
-6.882079690694808960e-02
-6.852836161851882935e-02
-6.815597414970397949e-02
-6.770692020654678345e-02
-6.718459725379943848e-02
-6.659242510795593262e-02
-6.593399494886398315e-02
-6.521283835172653198e-02
-6.443263590335845947e-02
-6.359700858592987061e-02
-6.270962953567504883e-02
-6.177413836121559143e-02
-6.079418212175369263e-02
-5.977338552474975586e-02
-5.871526896953582764e-02
-5.762339755892753601e-02
-5.650119855999946594e-02
-5.535208433866500854e-02
-5.417932569980621338e-02
-5.298618227243423462e-02
-5.177575349807739258e-02
-5.055109038949012756e-02
-4.931511357426643372e-02
-4.807064682245254517e-02
-4.682040587067604065e-02
-4.556696861982345581e-02
-4.431283473968505859e-02
-4.306034371256828308e-02
-4.181174561381340027e-02
-4.056914523243904114e-02
-3.933455422520637512e-02
-3.810984641313552856e-02
-3.689675778150558472e-02
-3.569693863391876221e-02
-3.451189771294593811e-02
-3.334304317831993103e-02
-3.219165652990341187e-02
-3.105890750885009766e-02
-2.994586899876594543e-02
-2.885350026190280914e-02
-2.778265811502933502e-02
-2.673410624265670776e-02
-2.570849470794200897e-02
-2.470640651881694794e-02
-2.372831851243972778e-02
-2.277463302016258240e-02
-2.184566296637058258e-02
-2.094165608286857605e-02
-2.006276883184909821e-02
-1.920911297202110291e-02
-1.838072016835212708e-02
-1.757756620645523071e-02
-1.679956354200839996e-02
-1.604658551514148712e-02
-1.531843841075897217e-02
-1.461490057408809662e-02
-1.393569540232419968e-02
-1.328051555901765823e-02
-1.264901459217071533e-02
-1.204081811010837555e-02
-1.145551726222038269e-02
-1.089268364012241364e-02
-1.035186368972063065e-02
-9.832585230469703674e-03
-9.334358386695384979e-03
-8.856677450239658356e-03
-8.399029262363910675e-03
-7.960884831845760345e-03
-7.541714701801538467e-03
-7.140977773815393448e-03
-6.758131552487611771e-03
-6.392633076757192612e-03
-6.043938454240560532e-03
-5.711504258215427399e-03
-5.394791718572378159e-03
-5.093267187476158142e-03
-4.806398879736661911e-03
-4.533665720373392105e-03
-4.274550825357437134e-03
-4.028549883514642715e-03
-3.795165568590164185e-03
-3.573910333216190338e-03
-3.364309202879667282e-03
-3.165898146107792854e-03
-2.978225704282522202e-03
-2.800852293148636818e-03
-2.633350901305675507e-03
-2.475309651345014572e-03
-2.326328773051500320e-03
-2.186022233217954636e-03
-2.054019132629036903e-03
-1.929962076246738434e-03
-1.813508453778922558e-03
-1.704328693449497223e-03
-1.602109754458069801e-03
-1.506551168859004974e-03
-1.417367835529148579e-03
-1.334288623183965683e-03
-1.257057301700115204e-03
-1.185431377962231636e-03
-1.119183027185499668e-03
-1.058097928762435913e-03
-1.001976197585463524e-03
-9.506320348009467125e-04
-9.038932621479034424e-04
-8.616013219580054283e-04
-8.236115099862217903e-04
-7.897923933342099190e-04
-7.600262761116027832e-04
-7.342085009440779686e-04
-7.122477982193231583e-04
-6.940662278793752193e-04
-6.795988883823156357e-04
-6.687936256639659405e-04
-6.616117316298186779e-04
-6.580273038707673550e-04
-6.580273038707673550e-04
-6.616117316298186779e-04
-6.687936256639659405e-04
-6.795988883823156357e-04
-6.940662278793752193e-04
-7.122477982193231583e-04
-7.342085009440779686e-04
-7.600262761116027832e-04
-7.897923933342099190e-04
-8.236115099862217903e-04
-8.616013219580054283e-04
-9.038932621479034424e-04
-9.506320348009467125e-04
-1.001976197585463524e-03
-1.058097928762435913e-03
-1.119183027185499668e-03
-1.185431377962231636e-03
-1.257057301700115204e-03
-1.334288623183965683e-03
-1.417367835529148579e-03
-1.506551168859004974e-03
-1.602109754458069801e-03
-1.704328693449497223e-03
-1.813508453778922558e-03
-1.929962076246738434e-03
-2.054019132629036903e-03
-2.186022233217954636e-03
-2.326328773051500320e-03
-2.475309651345014572e-03
-2.633350901305675507e-03
-2.800852293148636818e-03
-2.978225704282522202e-03
-3.165898146107792854e-03
-3.364309202879667282e-03
-3.573910333216190338e-03
-3.795165568590164185e-03
-4.028549883514642715e-03
-4.274550825357437134e-03
-4.533665720373392105e-03
-4.806398879736661911e-03
-5.093267187476158142e-03
-5.394791718572378159e-03
-5.711504258215427399e-03
-6.043938454240560532e-03
-6.392633076757192612e-03
-6.758131552487611771e-03
-7.140977773815393448e-03
-7.541714701801538467e-03
-7.960884831845760345e-03
-8.399029262363910675e-03
-8.856677450239658356e-03
-9.334358386695384979e-03
-9.832585230469703674e-03
-1.035186368972063065e-02
-1.089268364012241364e-02
-1.145551726222038269e-02
-1.204081811010837555e-02
-1.264901459217071533e-02
-1.328051555901765823e-02
-1.393569540232419968e-02
-1.461490057408809662e-02
-1.531843841075897217e-02
-1.604658551514148712e-02
-1.679956354200839996e-02
-1.757756620645523071e-02
-1.838072016835212708e-02
-1.920911297202110291e-02
-2.006276883184909821e-02
-2.094165608286857605e-02
-2.184566296637058258e-02
-2.277463302016258240e-02
-2.372831851243972778e-02
-2.470640651881694794e-02
-2.570849470794200897e-02
-2.673410624265670776e-02
-2.778265811502933502e-02
-2.885350026190280914e-02
-2.994586899876594543e-02
-3.105890750885009766e-02
-3.219165652990341187e-02
-3.334304317831993103e-02
-3.451189771294593811e-02
-3.569693863391876221e-02
-3.689675778150558472e-02
-3.810984641313552856e-02
-3.933455422520637512e-02
-4.056914523243904114e-02
-4.181174561381340027e-02
-4.306034371256828308e-02
-4.431283473968505859e-02
-4.556696861982345581e-02
-4.682040587067604065e-02
-4.807064682245254517e-02
-4.931511357426643372e-02
-5.055109038949012756e-02
-5.177575349807739258e-02
-5.298618227243423462e-02
-5.417932569980621338e-02
-5.535208433866500854e-02
-5.650119855999946594e-02
-5.762339755892753601e-02
-5.871526896953582764e-02
-5.977338552474975586e-02
-6.079418212175369263e-02
-6.177413836121559143e-02
-6.270962953567504883e-02
-6.359700858592987061e-02
-6.443263590335845947e-02
-6.521283835172653198e-02
-6.593399494886398315e-02
-6.659242510795593262e-02
-6.718459725379943848e-02
-6.770692020654678345e-02
-6.815597414970397949e-02
-6.852836161851882935e-02
-6.882079690694808960e-02
-6.903013586997985840e-02
-6.915333867073059082e-02
-6.918758898973464966e-02
-6.913016736507415771e-02
-6.897857785224914551e-02
-6.873056292533874512e-02
-6.838406622409820557e-02
-6.793726980686187744e-02
-6.738867610692977905e-02
-6.673699617385864258e-02
-6.598129123449325562e-02
-6.512095034122467041e-02
-6.415562331676483154e-02
-6.308539956808090210e-02
-6.191064789891242981e-02
-6.063218414783477783e-02
-5.925112217664718628e-02
-5.776906013488769531e-02
-5.618789792060852051e-02
-5.451004207134246826e-02
-5.273821949958801270e-02
-5.087561905384063721e-02
-4.892583563923835754e-02
-4.689287021756172180e-02
-4.478111863136291504e-02
-4.259537160396575928e-02
-4.034085199236869812e-02
-3.802308440208435059e-02
-3.564805164933204651e-02
-3.322197496891021729e-02
-3.075146302580833435e-02
-2.824344113469123840e-02
-2.570501714944839478e-02
-2.314367890357971191e-02
-2.056701108813285828e-02
-1.798288524150848389e-02
-1.539919897913932800e-02
-1.282406784594058990e-02
-1.026561670005321503e-02
-7.732027675956487656e-03
-5.231395363807678223e-03
-2.771833911538124084e-03
-3.612926229834556580e-04
1.992453821003437042e-03
4.281818866729736328e-03
6.499494891613721848e-03
8.638480678200721741e-03
1.069217175245285034e-02
1.265435479581356049e-02
1.451930962502956390e-02
1.628182455897331238e-02
1.793726906180381775e-02
1.948162168264389038e-02
2.091152966022491455e-02
2.222432196140289307e-02
2.341806329786777496e-02
2.449164167046546936e-02
2.544469758868217468e-02
2.627771720290184021e-02
2.699203416705131531e-02
2.758985944092273712e-02
2.807427197694778442e-02
2.844922430813312531e-02
2.871957421302795410e-02
2.889103256165981293e-02
2.897014096379280090e-02
2.896432206034660339e-02
2.888176590204238892e-02
2.873143739998340607e-02
2.852302044630050659e-02
2.826685830950737000e-02
2.797391265630722046e-02
2.765567600727081299e-02
2.732411772012710571e-02
2.699157781898975372e-02
2.667070552706718445e-02
2.637434564530849457e-02
2.611545100808143616e-02
2.590697072446346283e-02
2.576174959540367126e-02
2.569239772856235504e-02
2.571119554340839386e-02
2.582996524870395660e-02
2.605994418263435364e-02
2.641168422996997833e-02
2.689491957426071167e-02
2.751844935119152069e-02
2.829000726342201233e-02
2.921621128916740417e-02
3.030237928032875061e-02
3.155249357223510742e-02
3.296908736228942871e-02
3.455311805009841919e-02
3.630400449037551880e-02
3.821946680545806885e-02
4.029551148414611816e-02
4.252644255757331848e-02
4.490477591753005981e-02
4.742124676704406738e-02
5.006489530205726624e-02
5.282304435968399048e-02
5.568128824234008789e-02
5.862369760870933533e-02
6.163283437490463257e-02
6.468984484672546387e-02
6.777461618185043335e-02
7.086594402790069580e-02
7.394165545701980591e-02
7.697888463735580444e-02
7.995410263538360596e-02
8.284363895654678345e-02
8.562359213829040527e-02
8.827036619186401367e-02
9.076088666915893555e-02
9.307290613651275635e-02
9.518525004386901855e-02
9.707844257354736328e-02
9.873506426811218262e-02
1.001400649547576904e-01
1.012817770242691040e-01
1.021521985530853271e-01
1.027482897043228149e-01
1.030726954340934753e-01
1.031348854303359985e-01
1.029523089528083801e-01
1.025512889027595520e-01
1.019676327705383301e-01
1.012464016675949097e-01
1.004410907626152039e-01
9.961108863353729248e-02
9.881901741027832031e-02
9.812589734792709351e-02
9.758652001619338989e-02
9.724411368370056152e-02
