-7.344969362020492554e-02
-7.348360121250152588e-02
-7.358577847480773926e-02
-7.375760376453399658e-02
-7.400032132863998413e-02
-7.431489229202270508e-02
-7.470065355300903320e-02
-7.515516877174377441e-02
-7.567343115806579590e-02
-7.624830305576324463e-02
-7.687100768089294434e-02
-7.753115892410278320e-02
-7.821784913539886475e-02
-7.892001420259475708e-02
-7.962729036808013916e-02
-8.032973110675811768e-02
-8.101865649223327637e-02
-8.168628811836242676e-02
-8.232588320970535278e-02
-8.293154835700988770e-02
-8.349803835153579712e-02
-8.402092754840850830e-02
-8.449607342481613159e-02
-8.491978049278259277e-02
-8.528861403465270996e-02
-8.559944480657577515e-02
-8.584912121295928955e-02
-8.603475242853164673e-02
-8.615344762802124023e-02
-8.620244264602661133e-02
-8.617894351482391357e-02
-8.608029782772064209e-02
-8.590377867221832275e-02
-8.564684540033340454e-02
-8.530693501234054565e-02
-8.488155901432037354e-02
-8.436837047338485718e-02
-8.376506716012954712e-02
-8.306953310966491699e-02
-8.227976411581039429e-02
-8.139391988515853882e-02
-8.041034638881683350e-02
-7.932761311531066895e-02
-7.814451307058334351e-02
-7.686004042625427246e-02
-7.547352463006973267e-02
-7.398450374603271484e-02
-7.239284366369247437e-02
-7.069870084524154663e-02
-6.890255212783813477e-02
-6.700521707534790039e-02
-6.500782072544097900e-02
-6.291183829307556152e-02
-6.071907281875610352e-02
-5.843169987201690674e-02
-5.605218932032585144e-02
-5.358340218663215637e-02
-5.102846026420593262e-02
-4.839085787534713745e-02
-4.567440599203109741e-02
-4.288315773010253906e-02
-4.002151638269424438e-02
-3.709411993622779846e-02
-3.410585969686508179e-02
-3.106190077960491180e-02
-2.796757407486438751e-02
-2.482843026518821716e-02
-2.165019139647483826e-02
-1.843871548771858215e-02
-1.520004495978355408e-02
-1.194022595882415771e-02
-8.665465749800205231e-03
-5.382044240832328796e-03
-2.096153795719146729e-03
1.185879111289978027e-03
4.457782953977584839e-03
7.713362574577331543e-03
1.094648148864507675e-02
1.415101811289787292e-02
1.732104644179344177e-02
2.045072615146636963e-02
2.353434264659881592e-02
2.656643092632293701e-02
2.954162843525409698e-02
3.245480731129646301e-02
3.530104085803031921e-02
3.807569295167922974e-02
4.077427834272384644e-02
4.339264333248138428e-02
4.592686891555786133e-02
4.837334156036376953e-02
5.072867870330810547e-02
5.298981815576553345e-02
5.515400320291519165e-02
5.721875280141830444e-02
5.918189138174057007e-02
6.104154884815216064e-02
6.279615312814712524e-02
6.444440782070159912e-02
6.598534435033798218e-02
6.741828471422195435e-02
6.874278187751770020e-02
6.995874643325805664e-02
7.106630504131317139e-02
7.206587493419647217e-02
7.295814901590347290e-02
7.374400645494461060e-02
7.442460209131240845e-02
7.500134408473968506e-02
7.547578960657119751e-02
7.584978640079498291e-02
7.612527161836624146e-02
7.630446553230285645e-02
7.638967782258987427e-02
7.638342678546905518e-02
7.628832757472991943e-02
7.610715180635452271e-02
7.584278285503387451e-02
7.549820840358734131e-02
7.507651299238204956e-02
7.458085566759109497e-02
7.401444017887115479e-02
7.338056713342666626e-02
7.268255203962326050e-02
7.192375510931015015e-02
7.110752910375595093e-02
7.023727148771286011e-02
6.931637227535247803e-02
6.834816932678222656e-02
6.733606010675430298e-02
6.628334522247314453e-02
6.519330292940139771e-02
6.406918913125991821e-02
6.291420012712478638e-02
6.173145398497581482e-02
6.052402406930923462e-02
5.929490178823471069e-02
5.804699659347534180e-02
5.678315833210945129e-02
5.550612881779670715e-02
5.421857163310050964e-02
5.292305722832679749e-02
5.162206664681434631e-02
5.031795054674148560e-02
4.901300370693206787e-02
4.770939424633979797e-02
4.640918597579002380e-02
4.511436074972152710e-02
4.382676258683204651e-02
4.254816472530364990e-02
4.128021746873855591e-02
4.002448171377182007e-02
3.878240287303924561e-02
3.755532950162887573e-02
3.634452819824218750e-02
3.515114262700080872e-02
3.397623822093009949e-02
3.282077983021736145e-02
3.168565034866333008e-02
3.057162649929523468e-02
2.947942540049552917e-02
2.840965986251831055e-02
2.736287564039230347e-02
2.633953094482421875e-02
2.534001693129539490e-02
2.436466142535209656e-02
2.341370098292827606e-02
2.248733863234519958e-02
2.158569172024726868e-02
2.070882543921470642e-02
1.985676400363445282e-02
1.902945525944232941e-02
1.822682097554206848e-02
1.744872890412807465e-02
1.669499836862087250e-02
1.596541143953800201e-02
1.525972597301006317e-02
1.457764953374862671e-02
1.391886919736862183e-02
1.328303758054971695e-02
1.266978494822978973e-02
1.207871921360492706e-02
1.150942314416170120e-02
1.096146740019321442e-02
1.043439749628305435e-02
9.927756153047084808e-03
9.441063739359378815e-03
8.973837830126285553e-03
8.525586687028408051e-03
8.095805533230304718e-03
7.683993782848119736e-03
7.289642468094825745e-03
6.912242621183395386e-03
6.551283411681652069e-03
6.206257268786430359e-03
5.876658018678426743e-03
5.561979953199625015e-03
5.261725746095180511e-03
4.975400399416685104e-03
4.702515900135040283e-03
4.442590754479169846e-03
4.195152316242456436e-03
3.959733992815017700e-03
3.735879436135292053e-03
3.523140912875533104e-03
3.321080701425671577e-03
3.129271557554602623e-03
2.947295084595680237e-03
2.774746157228946686e-03
2.611228032037615776e-03
2.456356305629014969e-03
2.309758448973298073e-03
2.171071944758296013e-03
2.039946615695953369e-03
1.916044158861041069e-03
1.799036166630685329e-03
1.688607502728700638e-03
1.584453857503831387e-03
1.486281515099108219e-03
1.393808983266353607e-03
1.306765479966998100e-03
1.224891282618045807e-03
1.147938077338039875e-03
1.075667329132556915e-03
1.007851678878068924e-03
9.442739537917077541e-04
8.847271092236042023e-04
8.290144614875316620e-04
7.769487565383315086e-04
7.283524028025567532e-04
6.830574129708111286e-04
6.409049383364617825e-04
6.017450941726565361e-04
5.654367851093411446e-04
5.318479379639029503e-04
5.008545122109353542e-04
4.723408783320337534e-04
4.461997305043041706e-04
4.223314172122627497e-04
4.006442613899707794e-04
3.810542111750692129e-04
3.634847234934568405e-04
3.478666185401380062e-04
3.341379633639007807e-04
3.222441009711474180e-04
3.121372719760984182e-04
3.037767310161143541e-04
2.971287758555263281e-04
2.921663399320095778e-04
2.888692251872271299e-04
2.872240147553384304e-04
2.872240147553384304e-04
2.888692251872271299e-04
2.921663399320095778e-04
2.971287758555263281e-04
3.037767310161143541e-04
3.121372719760984182e-04
3.222441009711474180e-04
3.341379633639007807e-04
3.478666185401380062e-04
3.634847234934568405e-04
3.810542111750692129e-04
4.006442613899707794e-04
4.223314172122627497e-04
4.461997305043041706e-04
4.723408783320337534e-04
5.008545122109353542e-04
5.318479379639029503e-04
5.654367851093411446e-04
6.017450941726565361e-04
6.409049383364617825e-04
6.830574129708111286e-04
7.283524028025567532e-04
7.769487565383315086e-04
8.290144614875316620e-04
8.847271092236042023e-04
9.442739537917077541e-04
1.007851678878068924e-03
1.075667329132556915e-03
1.147938077338039875e-03
1.224891282618045807e-03
1.306765479966998100e-03
1.393808983266353607e-03
1.486281515099108219e-03
1.584453857503831387e-03
1.688607502728700638e-03
1.799036166630685329e-03
1.916044158861041069e-03
2.039946615695953369e-03
2.171071944758296013e-03
2.309758448973298073e-03
2.456356305629014969e-03
2.611228032037615776e-03
2.774746157228946686e-03
2.947295084595680237e-03
3.129271557554602623e-03
3.321080701425671577e-03
3.523140912875533104e-03
3.735879436135292053e-03
3.959733992815017700e-03
4.195152316242456436e-03
4.442590754479169846e-03
4.702515900135040283e-03
4.975400399416685104e-03
5.261725746095180511e-03
5.561979953199625015e-03
5.876658018678426743e-03
6.206257268786430359e-03
6.551283411681652069e-03
6.912242621183395386e-03
7.289642468094825745e-03
7.683993782848119736e-03
8.095805533230304718e-03
8.525586687028408051e-03
8.973837830126285553e-03
9.441063739359378815e-03
9.927756153047084808e-03
1.043439749628305435e-02
1.096146740019321442e-02
1.150942314416170120e-02
1.207871921360492706e-02
1.266978494822978973e-02
1.328303758054971695e-02
1.391886919736862183e-02
1.457764953374862671e-02
1.525972597301006317e-02
1.596541143953800201e-02
1.669499836862087250e-02
1.744872890412807465e-02
1.822682097554206848e-02
1.902945525944232941e-02
1.985676400363445282e-02
2.070882543921470642e-02
2.158569172024726868e-02
2.248733863234519958e-02
2.341370098292827606e-02
2.436466142535209656e-02
2.534001693129539490e-02
2.633953094482421875e-02
2.736287564039230347e-02
2.840965986251831055e-02
2.947942540049552917e-02
3.057162649929523468e-02
3.168565034866333008e-02
3.282077983021736145e-02
3.397623822093009949e-02
3.515114262700080872e-02
3.634452819824218750e-02
3.755532950162887573e-02
3.878240287303924561e-02
4.002448171377182007e-02
4.128021746873855591e-02
4.254816472530364990e-02
4.382676258683204651e-02
4.511436074972152710e-02
4.640918597579002380e-02
4.770939424633979797e-02
4.901300370693206787e-02
5.031795054674148560e-02
5.162206664681434631e-02
5.292305722832679749e-02
5.421857163310050964e-02
5.550612881779670715e-02
5.678315833210945129e-02
5.804699659347534180e-02
5.929490178823471069e-02
6.052402406930923462e-02
6.173145398497581482e-02
6.291420012712478638e-02
6.406918913125991821e-02
6.519330292940139771e-02
6.628334522247314453e-02
6.733606010675430298e-02
6.834816932678222656e-02
6.931637227535247803e-02
7.023727148771286011e-02
7.110752910375595093e-02
7.192375510931015015e-02
7.268255203962326050e-02
7.338056713342666626e-02
7.401444017887115479e-02
7.458085566759109497e-02
7.507651299238204956e-02
7.549820840358734131e-02
7.584278285503387451e-02
7.610715180635452271e-02
7.628832757472991943e-02
7.638342678546905518e-02
7.638967782258987427e-02
7.630446553230285645e-02
7.612527161836624146e-02
7.584978640079498291e-02
7.547578960657119751e-02
7.500134408473968506e-02
7.442460209131240845e-02
7.374400645494461060e-02
7.295814901590347290e-02
7.206587493419647217e-02
7.106630504131317139e-02
6.995874643325805664e-02
6.874278187751770020e-02
6.741828471422195435e-02
6.598534435033798218e-02
6.444440782070159912e-02
6.279615312814712524e-02
6.104154884815216064e-02
5.918189138174057007e-02
5.721875280141830444e-02
5.515400320291519165e-02
5.298981815576553345e-02
5.072867870330810547e-02
4.837334156036376953e-02
4.592686891555786133e-02
4.339264333248138428e-02
4.077427834272384644e-02
3.807569295167922974e-02
3.530104085803031921e-02
3.245480731129646301e-02
2.954162843525409698e-02
2.656643092632293701e-02
2.353434264659881592e-02
2.045072615146636963e-02
1.732104644179344177e-02
1.415101811289787292e-02
1.094648148864507675e-02
7.713362574577331543e-03
4.457782953977584839e-03
1.185879111289978027e-03
-2.096153795719146729e-03
-5.382044240832328796e-03
-8.665465749800205231e-03
-1.194022595882415771e-02
-1.520004495978355408e-02
-1.843871548771858215e-02
-2.165019139647483826e-02
-2.482843026518821716e-02
-2.796757407486438751e-02
-3.106190077960491180e-02
-3.410585969686508179e-02
-3.709411993622779846e-02
-4.002151638269424438e-02
-4.288315773010253906e-02
-4.567440599203109741e-02
-4.839085787534713745e-02
-5.102846026420593262e-02
-5.358340218663215637e-02
-5.605218932032585144e-02
-5.843169987201690674e-02
-6.071907281875610352e-02
-6.291183829307556152e-02
-6.500782072544097900e-02
-6.700521707534790039e-02
-6.890255212783813477e-02
-7.069870084524154663e-02
-7.239284366369247437e-02
-7.398450374603271484e-02
-7.547352463006973267e-02
-7.686004042625427246e-02
-7.814451307058334351e-02
-7.932761311531066895e-02
-8.041034638881683350e-02
-8.139391988515853882e-02
-8.227976411581039429e-02
-8.306953310966491699e-02
-8.376506716012954712e-02
-8.436837047338485718e-02
-8.488155901432037354e-02
-8.530693501234054565e-02
-8.564684540033340454e-02
-8.590377867221832275e-02
-8.608029782772064209e-02
-8.617894351482391357e-02
-8.620244264602661133e-02
-8.615344762802124023e-02
-8.603475242853164673e-02
-8.584912121295928955e-02
-8.559944480657577515e-02
-8.528861403465270996e-02
-8.491978049278259277e-02
-8.449607342481613159e-02
-8.402092754840850830e-02
-8.349803835153579712e-02
-8.293154835700988770e-02
-8.232588320970535278e-02
-8.168628811836242676e-02
-8.101865649223327637e-02
-8.032973110675811768e-02
-7.962729036808013916e-02
-7.892001420259475708e-02
-7.821784913539886475e-02
-7.753115892410278320e-02
-7.687100768089294434e-02
-7.624830305576324463e-02
-7.567343115806579590e-02
-7.515516877174377441e-02
-7.470065355300903320e-02
-7.431489229202270508e-02
-7.400032132863998413e-02
-7.375760376453399658e-02
-7.358577847480773926e-02
-7.348360121250152588e-02
-7.344969362020492554e-02
-7.348360121250152588e-02
-7.358577847480773926e-02
-7.375760376453399658e-02
-7.400032132863998413e-02
-7.431489229202270508e-02
-7.470065355300903320e-02
-7.515516877174377441e-02
-7.567343115806579590e-02
-7.624830305576324463e-02
-7.687100768089294434e-02
-7.753115892410278320e-02
-7.821784913539886475e-02
-7.892001420259475708e-02
-7.962729036808013916e-02
-8.032973110675811768e-02
-8.101865649223327637e-02
-8.168628811836242676e-02
-8.232588320970535278e-02
-8.293154835700988770e-02
-8.349803835153579712e-02
-8.402092754840850830e-02
-8.449607342481613159e-02
-8.491978049278259277e-02
-8.528861403465270996e-02
-8.559944480657577515e-02
-8.584912121295928955e-02
-8.603475242853164673e-02
-8.615344762802124023e-02
-8.620244264602661133e-02
-8.617894351482391357e-02
-8.608029782772064209e-02
-8.590377867221832275e-02
-8.564684540033340454e-02
-8.530693501234054565e-02
-8.488155901432037354e-02
-8.436837047338485718e-02
-8.376506716012954712e-02
-8.306953310966491699e-02
-8.227976411581039429e-02
-8.139391988515853882e-02
-8.041034638881683350e-02
-7.932761311531066895e-02
-7.814451307058334351e-02
-7.686004042625427246e-02
-7.547352463006973267e-02
-7.398450374603271484e-02
-7.239284366369247437e-02
-7.069870084524154663e-02
-6.890255212783813477e-02
-6.700521707534790039e-02
-6.500782072544097900e-02
-6.291183829307556152e-02
-6.071907281875610352e-02
-5.843169987201690674e-02
-5.605218932032585144e-02
-5.358340218663215637e-02
-5.102846026420593262e-02
-4.839085787534713745e-02
-4.567440599203109741e-02
-4.288315773010253906e-02
-4.002151638269424438e-02
-3.709411993622779846e-02
-3.410585969686508179e-02
-3.106190077960491180e-02
-2.796757407486438751e-02
-2.482843026518821716e-02
-2.165019139647483826e-02
-1.843871548771858215e-02
-1.520004495978355408e-02
-1.194022595882415771e-02
-8.665465749800205231e-03
-5.382044240832328796e-03
-2.096153795719146729e-03
1.185879111289978027e-03
4.457782953977584839e-03
7.713362574577331543e-03
1.094648148864507675e-02
1.415101811289787292e-02
1.732104644179344177e-02
2.045072615146636963e-02
2.353434264659881592e-02
2.656643092632293701e-02
2.954162843525409698e-02
3.245480731129646301e-02
3.530104085803031921e-02
3.807569295167922974e-02
4.077427834272384644e-02
4.339264333248138428e-02
4.592686891555786133e-02
4.837334156036376953e-02
5.072867870330810547e-02
5.298981815576553345e-02
5.515400320291519165e-02
5.721875280141830444e-02
5.918189138174057007e-02
6.104154884815216064e-02
6.279615312814712524e-02
6.444440782070159912e-02
6.598534435033798218e-02
6.741828471422195435e-02
6.874278187751770020e-02
6.995874643325805664e-02
7.106630504131317139e-02
7.206587493419647217e-02
7.295814901590347290e-02
7.374400645494461060e-02
7.442460209131240845e-02
7.500134408473968506e-02
7.547578960657119751e-02
7.584978640079498291e-02
7.612527161836624146e-02
7.630446553230285645e-02
7.638967782258987427e-02
7.638342678546905518e-02
7.628832757472991943e-02
7.610715180635452271e-02
7.584278285503387451e-02
7.549820840358734131e-02
7.507651299238204956e-02
7.458085566759109497e-02
7.401444017887115479e-02
7.338056713342666626e-02
7.268255203962326050e-02
7.192375510931015015e-02
7.110752910375595093e-02
7.023727148771286011e-02
6.931637227535247803e-02
6.834816932678222656e-02
6.733606010675430298e-02
6.628334522247314453e-02
6.519330292940139771e-02
6.406918913125991821e-02
6.291420012712478638e-02
6.173145398497581482e-02
6.052402406930923462e-02
5.929490178823471069e-02
5.804699659347534180e-02
5.678315833210945129e-02
5.550612881779670715e-02
5.421857163310050964e-02
5.292305722832679749e-02
5.162206664681434631e-02
5.031795054674148560e-02
4.901300370693206787e-02
4.770939424633979797e-02
4.640918597579002380e-02
4.511436074972152710e-02
4.382676258683204651e-02
4.254816472530364990e-02
4.128021746873855591e-02
4.002448171377182007e-02
3.878240287303924561e-02
3.755532950162887573e-02
3.634452819824218750e-02
3.515114262700080872e-02
3.397623822093009949e-02
3.282077983021736145e-02
3.168565034866333008e-02
3.057162649929523468e-02
2.947942540049552917e-02
2.840965986251831055e-02
2.736287564039230347e-02
2.633953094482421875e-02
2.534001693129539490e-02
2.436466142535209656e-02
2.341370098292827606e-02
2.248733863234519958e-02
2.158569172024726868e-02
2.070882543921470642e-02
1.985676400363445282e-02
1.902945525944232941e-02
1.822682097554206848e-02
1.744872890412807465e-02
1.669499836862087250e-02
1.596541143953800201e-02
1.525972597301006317e-02
1.457764953374862671e-02
1.391886919736862183e-02
1.328303758054971695e-02
1.266978494822978973e-02
1.207871921360492706e-02
1.150942314416170120e-02
1.096146740019321442e-02
1.043439749628305435e-02
9.927756153047084808e-03
9.441063739359378815e-03
8.973837830126285553e-03
8.525586687028408051e-03
8.095805533230304718e-03
7.683993782848119736e-03
7.289642468094825745e-03
6.912242621183395386e-03
6.551283411681652069e-03
6.206257268786430359e-03
5.876658018678426743e-03
5.561979953199625015e-03
5.261725746095180511e-03
4.975400399416685104e-03
4.702515900135040283e-03
4.442590754479169846e-03
4.195152316242456436e-03
3.959733992815017700e-03
3.735879436135292053e-03
3.523140912875533104e-03
3.321080701425671577e-03
3.129271557554602623e-03
2.947295084595680237e-03
2.774746157228946686e-03
2.611228032037615776e-03
2.456356305629014969e-03
2.309758448973298073e-03
2.171071944758296013e-03
2.039946615695953369e-03
1.916044158861041069e-03
1.799036166630685329e-03
1.688607502728700638e-03
1.584453857503831387e-03
1.486281515099108219e-03
1.393808983266353607e-03
1.306765479966998100e-03
1.224891282618045807e-03
1.147938077338039875e-03
1.075667329132556915e-03
1.007851678878068924e-03
9.442739537917077541e-04
8.847271092236042023e-04
8.290144614875316620e-04
7.769487565383315086e-04
7.283524028025567532e-04
6.830574129708111286e-04
6.409049383364617825e-04
6.017450941726565361e-04
5.654367851093411446e-04
5.318479379639029503e-04
5.008545122109353542e-04
4.723408783320337534e-04
4.461997305043041706e-04
4.223314172122627497e-04
4.006442613899707794e-04
3.810542111750692129e-04
3.634847234934568405e-04
3.478666185401380062e-04
3.341379633639007807e-04
3.222441009711474180e-04
3.121372719760984182e-04
3.037767310161143541e-04
2.971287758555263281e-04
2.921663399320095778e-04
2.888692251872271299e-04
2.872240147553384304e-04
2.872240147553384304e-04
2.888692251872271299e-04
2.921663399320095778e-04
2.971287758555263281e-04
3.037767310161143541e-04
3.121372719760984182e-04
3.222441009711474180e-04
3.341379633639007807e-04
3.478666185401380062e-04
3.634847234934568405e-04
3.810542111750692129e-04
4.006442613899707794e-04
4.223314172122627497e-04
4.461997305043041706e-04
4.723408783320337534e-04
5.008545122109353542e-04
5.318479379639029503e-04
5.654367851093411446e-04
6.017450941726565361e-04
6.409049383364617825e-04
6.830574129708111286e-04
7.283524028025567532e-04
7.769487565383315086e-04
8.290144614875316620e-04
8.847271092236042023e-04
9.442739537917077541e-04
1.007851678878068924e-03
1.075667329132556915e-03
1.147938077338039875e-03
1.224891282618045807e-03
1.306765479966998100e-03
1.393808983266353607e-03
1.486281515099108219e-03
1.584453857503831387e-03
1.688607502728700638e-03
1.799036166630685329e-03
1.916044158861041069e-03
2.039946615695953369e-03
2.171071944758296013e-03
2.309758448973298073e-03
2.456356305629014969e-03
2.611228032037615776e-03
2.774746157228946686e-03
2.947295084595680237e-03
3.129271557554602623e-03
3.321080701425671577e-03
3.523140912875533104e-03
3.735879436135292053e-03
3.959733992815017700e-03
4.195152316242456436e-03
4.442590754479169846e-03
4.702515900135040283e-03
4.975400399416685104e-03
5.261725746095180511e-03
5.561979953199625015e-03
5.876658018678426743e-03
6.206257268786430359e-03
6.551283411681652069e-03
6.912242621183395386e-03
7.289642468094825745e-03
7.683993782848119736e-03
8.095805533230304718e-03
8.525586687028408051e-03
8.973837830126285553e-03
9.441063739359378815e-03
9.927756153047084808e-03
1.043439749628305435e-02
1.096146740019321442e-02
1.150942314416170120e-02
1.207871921360492706e-02
1.266978494822978973e-02
1.328303758054971695e-02
1.391886919736862183e-02
1.457764953374862671e-02
1.525972597301006317e-02
1.596541143953800201e-02
1.669499836862087250e-02
1.744872890412807465e-02
1.822682097554206848e-02
1.902945525944232941e-02
1.985676400363445282e-02
2.070882543921470642e-02
2.158569172024726868e-02
2.248733863234519958e-02
2.341370098292827606e-02
2.436466142535209656e-02
2.534001693129539490e-02
2.633953094482421875e-02
2.736287564039230347e-02
2.840965986251831055e-02
2.947942540049552917e-02
3.057162649929523468e-02
3.168565034866333008e-02
3.282077983021736145e-02
3.397623822093009949e-02
3.515114262700080872e-02
3.634452819824218750e-02
3.755532950162887573e-02
3.878240287303924561e-02
4.002448171377182007e-02
4.128021746873855591e-02
4.254816472530364990e-02
4.382676258683204651e-02
4.511436074972152710e-02
4.640918597579002380e-02
4.770939424633979797e-02
4.901300370693206787e-02
5.031795054674148560e-02
5.162206664681434631e-02
5.292305722832679749e-02
5.421857163310050964e-02
5.550612881779670715e-02
5.678315833210945129e-02
5.804699659347534180e-02
5.929490178823471069e-02
6.052402406930923462e-02
6.173145398497581482e-02
6.291420012712478638e-02
6.406918913125991821e-02
6.519330292940139771e-02
6.628334522247314453e-02
6.733606010675430298e-02
6.834816932678222656e-02
6.931637227535247803e-02
7.023727148771286011e-02
7.110752910375595093e-02
7.192375510931015015e-02
7.268255203962326050e-02
7.338056713342666626e-02
7.401444017887115479e-02
7.458085566759109497e-02
7.507651299238204956e-02
7.549820840358734131e-02
7.584278285503387451e-02
7.610715180635452271e-02
7.628832757472991943e-02
7.638342678546905518e-02
7.638967782258987427e-02
7.630446553230285645e-02
7.612527161836624146e-02
7.584978640079498291e-02
7.547578960657119751e-02
7.500134408473968506e-02
7.442460209131240845e-02
7.374400645494461060e-02
7.295814901590347290e-02
7.206587493419647217e-02
7.106630504131317139e-02
6.995874643325805664e-02
6.874278187751770020e-02
6.741828471422195435e-02
6.598534435033798218e-02
6.444440782070159912e-02
6.279615312814712524e-02
6.104154884815216064e-02
5.918189138174057007e-02
5.721875280141830444e-02
5.515400320291519165e-02
5.298981815576553345e-02
5.072867870330810547e-02
4.837334156036376953e-02
4.592686891555786133e-02
4.339264333248138428e-02
4.077427834272384644e-02
3.807569295167922974e-02
3.530104085803031921e-02
3.245480731129646301e-02
2.954162843525409698e-02
2.656643092632293701e-02
2.353434264659881592e-02
2.045072615146636963e-02
1.732104644179344177e-02
1.415101811289787292e-02
1.094648148864507675e-02
7.713362574577331543e-03
4.457782953977584839e-03
1.185879111289978027e-03
-2.096153795719146729e-03
-5.382044240832328796e-03
-8.665465749800205231e-03
-1.194022595882415771e-02
-1.520004495978355408e-02
-1.843871548771858215e-02
-2.165019139647483826e-02
-2.482843026518821716e-02
-2.796757407486438751e-02
-3.106190077960491180e-02
-3.410585969686508179e-02
-3.709411993622779846e-02
-4.002151638269424438e-02
-4.288315773010253906e-02
-4.567440599203109741e-02
-4.839085787534713745e-02
-5.102846026420593262e-02
-5.358340218663215637e-02
-5.605218932032585144e-02
-5.843169987201690674e-02
-6.071907281875610352e-02
-6.291183829307556152e-02
-6.500782072544097900e-02
-6.700521707534790039e-02
-6.890255212783813477e-02
-7.069870084524154663e-02
-7.239284366369247437e-02
-7.398450374603271484e-02
-7.547352463006973267e-02
-7.686004042625427246e-02
-7.814451307058334351e-02
-7.932761311531066895e-02
-8.041034638881683350e-02
-8.139391988515853882e-02
-8.227976411581039429e-02
-8.306953310966491699e-02
-8.376506716012954712e-02
-8.436837047338485718e-02
-8.488155901432037354e-02
-8.530693501234054565e-02
-8.564684540033340454e-02
-8.590377867221832275e-02
-8.608029782772064209e-02
-8.617894351482391357e-02
-8.620244264602661133e-02
-8.615344762802124023e-02
-8.603475242853164673e-02
-8.584912121295928955e-02
-8.559944480657577515e-02
-8.528861403465270996e-02
-8.491978049278259277e-02
-8.449607342481613159e-02
-8.402092754840850830e-02
-8.349803835153579712e-02
-8.293154835700988770e-02
-8.232588320970535278e-02
-8.168628811836242676e-02
-8.101865649223327637e-02
-8.032973110675811768e-02
-7.962729036808013916e-02
-7.892001420259475708e-02
-7.821784913539886475e-02
-7.753115892410278320e-02
-7.687100768089294434e-02
-7.624830305576324463e-02
-7.567343115806579590e-02
-7.515516877174377441e-02
-7.470065355300903320e-02
-7.431489229202270508e-02
-7.400032132863998413e-02
-7.375760376453399658e-02
-7.358577847480773926e-02
-7.348360121250152588e-02
