3.536593914031982422e-02
3.545930236577987671e-02
3.573368489742279053e-02
3.617274016141891479e-02
3.675111383199691772e-02
3.743717074394226074e-02
3.819609433412551880e-02
3.899259865283966064e-02
3.979372233152389526e-02
4.057035595178604126e-02
4.129850864410400391e-02
4.195941984653472900e-02
4.253949970006942749e-02
4.302965104579925537e-02
4.342460632324218750e-02
4.372210055589675903e-02
4.392220079898834229e-02
4.402682930231094360e-02
4.403913766145706177e-02
4.396326094865798950e-02
4.380410909652709961e-02
4.356709122657775879e-02
4.325798526406288147e-02
4.288291931152343750e-02
4.244812205433845520e-02
4.195999354124069214e-02
4.142494499683380127e-02
4.084935411810874939e-02
4.023953899741172791e-02
3.960160166025161743e-02
3.894159570336341858e-02
3.826521337032318115e-02
3.757794573903083801e-02
3.688494861125946045e-02
3.619107231497764587e-02
3.550078347325325012e-02
3.481818363070487976e-02
3.414696082472801208e-02
3.349041938781738281e-02
3.285144269466400146e-02
3.223251178860664368e-02
3.163564950227737427e-02
3.106250986456871033e-02
3.051431477069854736e-02
2.999191731214523315e-02
2.949574962258338928e-02
2.902592718601226807e-02
2.858217805624008179e-02
2.816394902765750885e-02
2.777034044265747070e-02
2.740020677447319031e-02
2.705212868750095367e-02
2.672446332871913910e-02
2.641538158059120178e-02
2.612286061048507690e-02
2.584473602473735809e-02
2.557873353362083435e-02
2.532249316573143005e-02
2.507355622947216034e-02
2.482946403324604034e-02
2.458771318197250366e-02
2.434583753347396851e-02
2.410136908292770386e-02
2.385192178189754486e-02
2.359515614807605743e-02
2.332885935902595520e-02
2.305089868605136871e-02
2.275928109884262085e-02
2.245213836431503296e-02
2.212776243686676025e-02
2.178460359573364258e-02
2.142128348350524902e-02
2.103659324347972870e-02
2.062951028347015381e-02
2.019920200109481812e-02
1.974500901997089386e-02
1.926647126674652100e-02
1.876331679522991180e-02
1.823544129729270935e-02
1.768295466899871826e-02
1.710611768066883087e-02
1.650536619126796722e-02
1.588130742311477661e-02
1.523470971733331680e-02
1.456647645682096481e-02
1.387766003608703613e-02
1.316944602876901627e-02
1.244312804192304611e-02
1.170011982321739197e-02
1.094192918390035629e-02
1.017014589160680771e-02
9.386447258293628693e-03
8.592555299401283264e-03
7.790269330143928528e-03
6.981404498219490051e-03
6.167822983115911484e-03
5.351399071514606476e-03
4.534019157290458679e-03
3.717561718076467514e-03
2.903898246586322784e-03
2.094873227179050446e-03
1.292308093979954720e-03
4.979758523404598236e-04
-2.863889094442129135e-04
-1.059109228663146496e-03
-1.818573684431612492e-03
-2.563229063525795937e-03
-3.291607601568102837e-03
-4.002310801297426224e-03
-4.694022238254547119e-03
-5.365512333810329437e-03
-6.015648134052753448e-03
-6.643379572778940201e-03
-7.247753906995058060e-03
-7.827913388609886169e-03
-8.383094333112239838e-03
-8.912635967135429382e-03
-9.415964595973491669e-03
-9.892603382468223572e-03
-1.034217234700918198e-02
-1.076439209282398224e-02
-1.115906145423650742e-02
-1.152607146650552750e-02
-1.186539977788925171e-02
-1.217710878700017929e-02
-1.246134005486965179e-02
-1.271830778568983078e-02
-1.294830068945884705e-02
-1.315168384462594986e-02
-1.332887448370456696e-02
-1.348036061972379684e-02
-1.360668335109949112e-02
-1.370843220502138138e-02
-1.378625538200139999e-02
-1.384083274751901627e-02
-1.387289632111787796e-02
-1.388319954276084900e-02
-1.387253869324922562e-02
-1.384172961115837097e-02
-1.379161607474088669e-02
-1.372306142002344131e-02
-1.363693457096815109e-02
-1.353412959724664688e-02
-1.341553684324026108e-02
-1.328205876052379608e-02
-1.313459314405918121e-02
-1.297403872013092041e-02
-1.280128955841064453e-02
-1.261723414063453674e-02
-1.242274139076471329e-02
-1.221868023276329041e-02
-1.200589258223772049e-02
-1.178521569818258286e-02
-1.155745424330234528e-02
-1.132340356707572937e-02
-1.108383107930421829e-02
-1.083947997540235519e-02
-1.059107389301061630e-02
-1.033930480480194092e-02
-1.008483953773975372e-02
-9.828323498368263245e-03
-9.570365771651268005e-03
-9.311551228165626526e-03
-9.052434936165809631e-03
-8.793545886874198914e-03
-8.535379543900489807e-03
-8.278408087790012360e-03
-8.023067377507686615e-03
-7.769774645566940308e-03
-7.518908940255641937e-03
-7.270830683410167694e-03
-7.025866769254207611e-03
-6.784322205930948257e-03
-6.546471733599901199e-03
-6.312567275017499924e-03
-6.082837004214525223e-03
-5.857484415173530579e-03
-5.636689718812704086e-03
-5.420613102614879608e-03
-5.209391005337238312e-03
-5.003141239285469055e-03
-4.801962990313768387e-03
-4.605933558195829391e-03
-4.415119066834449768e-03
-4.229562357068061829e-03
-4.049295559525489807e-03
-3.874333575367927551e-03
-3.704678732901811600e-03
-3.540320089086890221e-03
-3.381234360858798027e-03
-3.227387554943561554e-03
-3.078735200688242912e-03
-2.935224212706089020e-03
-2.796791959553956985e-03
-2.663367660716176033e-03
-2.534874016419053078e-03
-2.411227673292160034e-03
-2.292338525876402855e-03
-2.178111812099814415e-03
-2.068448811769485474e-03
-1.963246846571564674e-03
-1.862398930825293064e-03
-1.765796798281371593e-03
-1.673328923061490059e-03
-1.584882731549441814e-03
-1.500344136729836464e-03
-1.419598120264708996e-03
-1.342529430985450745e-03
-1.269022701308131218e-03
-1.198962680064141750e-03
-1.132235047407448292e-03
-1.068726065568625927e-03
-1.008323277346789837e-03
-9.509158553555607796e-04
-8.963943691924214363e-04
-8.446513093076646328e-04
-7.955812616273760796e-04
-7.490810821764171124e-04
-7.050499552860856056e-04
-6.633892771787941456e-04
-6.240037037059664726e-04
-5.867999861948192120e-04
-5.516880773939192295e-04
-5.185804329812526703e-04
-4.873929137829691172e-04
-4.580440872814506292e-04
-4.304556059651076794e-04
-4.045522073283791542e-04
-3.802617720793932676e-04
-3.575152368284761906e-04
-3.362467396073043346e-04
-3.163935325574129820e-04
-2.978959237225353718e-04
-2.806974516715854406e-04
-2.647446526680141687e-04
-2.499873517081141472e-04
-2.363782259635627270e-04
-2.238732849946245551e-04
-2.124314487446099520e-04
-2.020146639551967382e-04
-1.925879769260063767e-04
-1.841193443397060037e-04
-1.765798078849911690e-04
-1.699432905297726393e-04
-1.641866692807525396e-04
-1.592897897353395820e-04
-1.552353642182424664e-04
-1.520090445410460234e-04
-1.495993201388046145e-04
-1.479976053815335035e-04
-1.471981959184631705e-04
-1.471981959184631705e-04
-1.479976053815335035e-04
-1.495993201388046145e-04
-1.520090445410460234e-04
-1.552353642182424664e-04
-1.592897897353395820e-04
-1.641866692807525396e-04
-1.699432905297726393e-04
-1.765798078849911690e-04
-1.841193443397060037e-04
-1.925879769260063767e-04
-2.020146639551967382e-04
-2.124314487446099520e-04
-2.238732849946245551e-04
-2.363782259635627270e-04
-2.499873517081141472e-04
-2.647446526680141687e-04
-2.806974516715854406e-04
-2.978959237225353718e-04
-3.163935325574129820e-04
-3.362467396073043346e-04
-3.575152368284761906e-04
-3.802617720793932676e-04
-4.045522073283791542e-04
-4.304556059651076794e-04
-4.580440872814506292e-04
-4.873929137829691172e-04
-5.185804329812526703e-04
-5.516880773939192295e-04
-5.867999861948192120e-04
-6.240037037059664726e-04
-6.633892771787941456e-04
-7.050499552860856056e-04
-7.490810821764171124e-04
-7.955812616273760796e-04
-8.446513093076646328e-04
-8.963943691924214363e-04
-9.509158553555607796e-04
-1.008323277346789837e-03
-1.068726065568625927e-03
-1.132235047407448292e-03
-1.198962680064141750e-03
-1.269022701308131218e-03
-1.342529430985450745e-03
-1.419598120264708996e-03
-1.500344136729836464e-03
-1.584882731549441814e-03
-1.673328923061490059e-03
-1.765796798281371593e-03
-1.862398930825293064e-03
-1.963246846571564674e-03
-2.068448811769485474e-03
-2.178111812099814415e-03
-2.292338525876402855e-03
-2.411227673292160034e-03
-2.534874016419053078e-03
-2.663367660716176033e-03
-2.796791959553956985e-03
-2.935224212706089020e-03
-3.078735200688242912e-03
-3.227387554943561554e-03
-3.381234360858798027e-03
-3.540320089086890221e-03
-3.704678732901811600e-03
-3.874333575367927551e-03
-4.049295559525489807e-03
-4.229562357068061829e-03
-4.415119066834449768e-03
-4.605933558195829391e-03
-4.801962990313768387e-03
-5.003141239285469055e-03
-5.209391005337238312e-03
-5.420613102614879608e-03
-5.636689718812704086e-03
-5.857484415173530579e-03
-6.082837004214525223e-03
-6.312567275017499924e-03
-6.546471733599901199e-03
-6.784322205930948257e-03
-7.025866769254207611e-03
-7.270830683410167694e-03
-7.518908940255641937e-03
-7.769774645566940308e-03
-8.023067377507686615e-03
-8.278408087790012360e-03
-8.535379543900489807e-03
-8.793545886874198914e-03
-9.052434936165809631e-03
-9.311551228165626526e-03
-9.570365771651268005e-03
-9.828323498368263245e-03
-1.008483953773975372e-02
-1.033930480480194092e-02
-1.059107389301061630e-02
-1.083947997540235519e-02
-1.108383107930421829e-02
-1.132340356707572937e-02
-1.155745424330234528e-02
-1.178521569818258286e-02
-1.200589258223772049e-02
-1.221868023276329041e-02
-1.242274139076471329e-02
-1.261723414063453674e-02
-1.280128955841064453e-02
-1.297403872013092041e-02
-1.313459314405918121e-02
-1.328205876052379608e-02
-1.341553684324026108e-02
-1.353412959724664688e-02
-1.363693457096815109e-02
-1.372306142002344131e-02
-1.379161607474088669e-02
-1.384172961115837097e-02
-1.387253869324922562e-02
-1.388319954276084900e-02
-1.387289632111787796e-02
-1.384083274751901627e-02
-1.378625538200139999e-02
-1.370843220502138138e-02
-1.360668335109949112e-02
-1.348036061972379684e-02
-1.332887448370456696e-02
-1.315168384462594986e-02
-1.294830068945884705e-02
-1.271830778568983078e-02
-1.246134005486965179e-02
-1.217710878700017929e-02
-1.186539977788925171e-02
-1.152607146650552750e-02
-1.115906145423650742e-02
-1.076439209282398224e-02
-1.034217234700918198e-02
-9.892603382468223572e-03
-9.415964595973491669e-03
-8.912635967135429382e-03
-8.383094333112239838e-03
-7.827913388609886169e-03
-7.247753906995058060e-03
-6.643379572778940201e-03
-6.015648134052753448e-03
-5.365512333810329437e-03
-4.694022238254547119e-03
-4.002310801297426224e-03
-3.291607601568102837e-03
-2.563229063525795937e-03
-1.818573684431612492e-03
-1.059109228663146496e-03
-2.863889094442129135e-04
4.979758523404598236e-04
1.292308093979954720e-03
2.094873227179050446e-03
2.903898246586322784e-03
3.717561718076467514e-03
4.534019157290458679e-03
5.351399071514606476e-03
6.167822983115911484e-03
6.981404498219490051e-03
7.790269330143928528e-03
8.592555299401283264e-03
9.386447258293628693e-03
1.017014589160680771e-02
1.094192918390035629e-02
1.170011982321739197e-02
1.244312804192304611e-02
1.316944602876901627e-02
1.387766003608703613e-02
1.456647645682096481e-02
1.523470971733331680e-02
1.588130742311477661e-02
1.650536619126796722e-02
1.710611768066883087e-02
1.768295466899871826e-02
1.823544129729270935e-02
1.876331679522991180e-02
1.926647126674652100e-02
1.974500901997089386e-02
2.019920200109481812e-02
2.062951028347015381e-02
2.103659324347972870e-02
2.142128348350524902e-02
2.178460359573364258e-02
2.212776243686676025e-02
2.245213836431503296e-02
2.275928109884262085e-02
2.305089868605136871e-02
2.332885935902595520e-02
2.359515614807605743e-02
2.385192178189754486e-02
2.410136908292770386e-02
2.434583753347396851e-02
2.458771318197250366e-02
2.482946403324604034e-02
2.507355622947216034e-02
2.532249316573143005e-02
2.557873353362083435e-02
2.584473602473735809e-02
2.612286061048507690e-02
2.641538158059120178e-02
2.672446332871913910e-02
2.705212868750095367e-02
2.740020677447319031e-02
2.777034044265747070e-02
2.816394902765750885e-02
2.858217805624008179e-02
2.902592718601226807e-02
2.949574962258338928e-02
2.999191731214523315e-02
3.051431477069854736e-02
3.106250986456871033e-02
3.163564950227737427e-02
3.223251178860664368e-02
3.285144269466400146e-02
3.349041938781738281e-02
3.414696082472801208e-02
3.481818363070487976e-02
3.550078347325325012e-02
3.619107231497764587e-02
3.688494861125946045e-02
3.757794573903083801e-02
3.826521337032318115e-02
3.894159570336341858e-02
3.960160166025161743e-02
4.023953899741172791e-02
4.084935411810874939e-02
4.142494499683380127e-02
4.195999354124069214e-02
4.244812205433845520e-02
4.288291931152343750e-02
4.325798526406288147e-02
4.356709122657775879e-02
4.380410909652709961e-02
4.396326094865798950e-02
4.403913766145706177e-02
4.402682930231094360e-02
4.392220079898834229e-02
4.372210055589675903e-02
4.342460632324218750e-02
4.302965104579925537e-02
4.253949970006942749e-02
4.195941984653472900e-02
4.129850864410400391e-02
4.057035595178604126e-02
3.979372233152389526e-02
3.899259865283966064e-02
3.819609433412551880e-02
3.743717074394226074e-02
3.675111383199691772e-02
3.617274016141891479e-02
3.573368489742279053e-02
3.545930236577987671e-02
3.536593914031982422e-02
3.545930236577987671e-02
3.573368489742279053e-02
3.617274016141891479e-02
3.675111383199691772e-02
3.743717074394226074e-02
3.819609433412551880e-02
3.899259865283966064e-02
3.979372233152389526e-02
4.057035595178604126e-02
4.129850864410400391e-02
4.195941984653472900e-02
4.253949970006942749e-02
4.302965104579925537e-02
4.342460632324218750e-02
4.372210055589675903e-02
4.392220079898834229e-02
4.402682930231094360e-02
4.403913766145706177e-02
4.396326094865798950e-02
4.380410909652709961e-02
4.356709122657775879e-02
4.325798526406288147e-02
4.288291931152343750e-02
4.244812205433845520e-02
4.195999354124069214e-02
4.142494499683380127e-02
4.084935411810874939e-02
4.023953899741172791e-02
3.960160166025161743e-02
3.894159570336341858e-02
3.826521337032318115e-02
3.757794573903083801e-02
3.688494861125946045e-02
3.619107231497764587e-02
3.550078347325325012e-02
3.481818363070487976e-02
3.414696082472801208e-02
3.349041938781738281e-02
3.285144269466400146e-02
3.223251178860664368e-02
3.163564950227737427e-02
3.106250986456871033e-02
3.051431477069854736e-02
2.999191731214523315e-02
2.949574962258338928e-02
2.902592718601226807e-02
2.858217805624008179e-02
2.816394902765750885e-02
2.777034044265747070e-02
2.740020677447319031e-02
2.705212868750095367e-02
2.672446332871913910e-02
2.641538158059120178e-02
2.612286061048507690e-02
2.584473602473735809e-02
2.557873353362083435e-02
2.532249316573143005e-02
2.507355622947216034e-02
2.482946403324604034e-02
2.458771318197250366e-02
2.434583753347396851e-02
2.410136908292770386e-02
2.385192178189754486e-02
2.359515614807605743e-02
2.332885935902595520e-02
2.305089868605136871e-02
2.275928109884262085e-02
2.245213836431503296e-02
2.212776243686676025e-02
2.178460359573364258e-02
2.142128348350524902e-02
2.103659324347972870e-02
2.062951028347015381e-02
2.019920200109481812e-02
1.974500901997089386e-02
1.926647126674652100e-02
1.876331679522991180e-02
1.823544129729270935e-02
1.768295466899871826e-02
1.710611768066883087e-02
1.650536619126796722e-02
1.588130742311477661e-02
1.523470971733331680e-02
1.456647645682096481e-02
1.387766003608703613e-02
1.316944602876901627e-02
1.244312804192304611e-02
1.170011982321739197e-02
1.094192918390035629e-02
1.017014589160680771e-02
9.386447258293628693e-03
8.592555299401283264e-03
7.790269330143928528e-03
6.981404498219490051e-03
6.167822983115911484e-03
5.351399071514606476e-03
4.534019157290458679e-03
3.717561718076467514e-03
2.903898246586322784e-03
2.094873227179050446e-03
1.292308093979954720e-03
4.979758523404598236e-04
-2.863889094442129135e-04
-1.059109228663146496e-03
-1.818573684431612492e-03
-2.563229063525795937e-03
-3.291607601568102837e-03
-4.002310801297426224e-03
-4.694022238254547119e-03
-5.365512333810329437e-03
-6.015648134052753448e-03
-6.643379572778940201e-03
-7.247753906995058060e-03
-7.827913388609886169e-03
-8.383094333112239838e-03
-8.912635967135429382e-03
-9.415964595973491669e-03
-9.892603382468223572e-03
-1.034217234700918198e-02
-1.076439209282398224e-02
-1.115906145423650742e-02
-1.152607146650552750e-02
-1.186539977788925171e-02
-1.217710878700017929e-02
-1.246134005486965179e-02
-1.271830778568983078e-02
-1.294830068945884705e-02
-1.315168384462594986e-02
-1.332887448370456696e-02
-1.348036061972379684e-02
-1.360668335109949112e-02
-1.370843220502138138e-02
-1.378625538200139999e-02
-1.384083274751901627e-02
-1.387289632111787796e-02
-1.388319954276084900e-02
-1.387253869324922562e-02
-1.384172961115837097e-02
-1.379161607474088669e-02
-1.372306142002344131e-02
-1.363693457096815109e-02
-1.353412959724664688e-02
-1.341553684324026108e-02
-1.328205876052379608e-02
-1.313459314405918121e-02
-1.297403872013092041e-02
-1.280128955841064453e-02
-1.261723414063453674e-02
-1.242274139076471329e-02
-1.221868023276329041e-02
-1.200589258223772049e-02
-1.178521569818258286e-02
-1.155745424330234528e-02
-1.132340356707572937e-02
-1.108383107930421829e-02
-1.083947997540235519e-02
-1.059107389301061630e-02
-1.033930480480194092e-02
-1.008483953773975372e-02
-9.828323498368263245e-03
-9.570365771651268005e-03
-9.311551228165626526e-03
-9.052434936165809631e-03
-8.793545886874198914e-03
-8.535379543900489807e-03
-8.278408087790012360e-03
-8.023067377507686615e-03
-7.769774645566940308e-03
-7.518908940255641937e-03
-7.270830683410167694e-03
-7.025866769254207611e-03
-6.784322205930948257e-03
-6.546471733599901199e-03
-6.312567275017499924e-03
-6.082837004214525223e-03
-5.857484415173530579e-03
-5.636689718812704086e-03
-5.420613102614879608e-03
-5.209391005337238312e-03
-5.003141239285469055e-03
-4.801962990313768387e-03
-4.605933558195829391e-03
-4.415119066834449768e-03
-4.229562357068061829e-03
-4.049295559525489807e-03
-3.874333575367927551e-03
-3.704678732901811600e-03
-3.540320089086890221e-03
-3.381234360858798027e-03
-3.227387554943561554e-03
-3.078735200688242912e-03
-2.935224212706089020e-03
-2.796791959553956985e-03
-2.663367660716176033e-03
-2.534874016419053078e-03
-2.411227673292160034e-03
-2.292338525876402855e-03
-2.178111812099814415e-03
-2.068448811769485474e-03
-1.963246846571564674e-03
-1.862398930825293064e-03
-1.765796798281371593e-03
-1.673328923061490059e-03
-1.584882731549441814e-03
-1.500344136729836464e-03
-1.419598120264708996e-03
-1.342529430985450745e-03
-1.269022701308131218e-03
-1.198962680064141750e-03
-1.132235047407448292e-03
-1.068726065568625927e-03
-1.008323277346789837e-03
-9.509158553555607796e-04
-8.963943691924214363e-04
-8.446513093076646328e-04
-7.955812616273760796e-04
-7.490810821764171124e-04
-7.050499552860856056e-04
-6.633892771787941456e-04
-6.240037037059664726e-04
-5.867999861948192120e-04
-5.516880773939192295e-04
-5.185804329812526703e-04
-4.873929137829691172e-04
-4.580440872814506292e-04
-4.304556059651076794e-04
-4.045522073283791542e-04
-3.802617720793932676e-04
-3.575152368284761906e-04
-3.362467396073043346e-04
-3.163935325574129820e-04
-2.978959237225353718e-04
-2.806974516715854406e-04
-2.647446526680141687e-04
-2.499873517081141472e-04
-2.363782259635627270e-04
-2.238732849946245551e-04
-2.124314487446099520e-04
-2.020146639551967382e-04
-1.925879769260063767e-04
-1.841193443397060037e-04
-1.765798078849911690e-04
-1.699432905297726393e-04
-1.641866692807525396e-04
-1.592897897353395820e-04
-1.552353642182424664e-04
-1.520090445410460234e-04
-1.495993201388046145e-04
-1.479976053815335035e-04
-1.471981959184631705e-04
-1.471981959184631705e-04
-1.479976053815335035e-04
-1.495993201388046145e-04
-1.520090445410460234e-04
-1.552353642182424664e-04
-1.592897897353395820e-04
-1.641866692807525396e-04
-1.699432905297726393e-04
-1.765798078849911690e-04
-1.841193443397060037e-04
-1.925879769260063767e-04
-2.020146639551967382e-04
-2.124314487446099520e-04
-2.238732849946245551e-04
-2.363782259635627270e-04
-2.499873517081141472e-04
-2.647446526680141687e-04
-2.806974516715854406e-04
-2.978959237225353718e-04
-3.163935325574129820e-04
-3.362467396073043346e-04
-3.575152368284761906e-04
-3.802617720793932676e-04
-4.045522073283791542e-04
-4.304556059651076794e-04
-4.580440872814506292e-04
-4.873929137829691172e-04
-5.185804329812526703e-04
-5.516880773939192295e-04
-5.867999861948192120e-04
-6.240037037059664726e-04
-6.633892771787941456e-04
-7.050499552860856056e-04
-7.490810821764171124e-04
-7.955812616273760796e-04
-8.446513093076646328e-04
-8.963943691924214363e-04
-9.509158553555607796e-04
-1.008323277346789837e-03
-1.068726065568625927e-03
-1.132235047407448292e-03
-1.198962680064141750e-03
-1.269022701308131218e-03
-1.342529430985450745e-03
-1.419598120264708996e-03
-1.500344136729836464e-03
-1.584882731549441814e-03
-1.673328923061490059e-03
-1.765796798281371593e-03
-1.862398930825293064e-03
-1.963246846571564674e-03
-2.068448811769485474e-03
-2.178111812099814415e-03
-2.292338525876402855e-03
-2.411227673292160034e-03
-2.534874016419053078e-03
-2.663367660716176033e-03
-2.796791959553956985e-03
-2.935224212706089020e-03
-3.078735200688242912e-03
-3.227387554943561554e-03
-3.381234360858798027e-03
-3.540320089086890221e-03
-3.704678732901811600e-03
-3.874333575367927551e-03
-4.049295559525489807e-03
-4.229562357068061829e-03
-4.415119066834449768e-03
-4.605933558195829391e-03
-4.801962990313768387e-03
-5.003141239285469055e-03
-5.209391005337238312e-03
-5.420613102614879608e-03
-5.636689718812704086e-03
-5.857484415173530579e-03
-6.082837004214525223e-03
-6.312567275017499924e-03
-6.546471733599901199e-03
-6.784322205930948257e-03
-7.025866769254207611e-03
-7.270830683410167694e-03
-7.518908940255641937e-03
-7.769774645566940308e-03
-8.023067377507686615e-03
-8.278408087790012360e-03
-8.535379543900489807e-03
-8.793545886874198914e-03
-9.052434936165809631e-03
-9.311551228165626526e-03
-9.570365771651268005e-03
-9.828323498368263245e-03
-1.008483953773975372e-02
-1.033930480480194092e-02
-1.059107389301061630e-02
-1.083947997540235519e-02
-1.108383107930421829e-02
-1.132340356707572937e-02
-1.155745424330234528e-02
-1.178521569818258286e-02
-1.200589258223772049e-02
-1.221868023276329041e-02
-1.242274139076471329e-02
-1.261723414063453674e-02
-1.280128955841064453e-02
-1.297403872013092041e-02
-1.313459314405918121e-02
-1.328205876052379608e-02
-1.341553684324026108e-02
-1.353412959724664688e-02
-1.363693457096815109e-02
-1.372306142002344131e-02
-1.379161607474088669e-02
-1.384172961115837097e-02
-1.387253869324922562e-02
-1.388319954276084900e-02
-1.387289632111787796e-02
-1.384083274751901627e-02
-1.378625538200139999e-02
-1.370843220502138138e-02
-1.360668335109949112e-02
-1.348036061972379684e-02
-1.332887448370456696e-02
-1.315168384462594986e-02
-1.294830068945884705e-02
-1.271830778568983078e-02
-1.246134005486965179e-02
-1.217710878700017929e-02
-1.186539977788925171e-02
-1.152607146650552750e-02
-1.115906145423650742e-02
-1.076439209282398224e-02
-1.034217234700918198e-02
-9.892603382468223572e-03
-9.415964595973491669e-03
-8.912635967135429382e-03
-8.383094333112239838e-03
-7.827913388609886169e-03
-7.247753906995058060e-03
-6.643379572778940201e-03
-6.015648134052753448e-03
-5.365512333810329437e-03
-4.694022238254547119e-03
-4.002310801297426224e-03
-3.291607601568102837e-03
-2.563229063525795937e-03
-1.818573684431612492e-03
-1.059109228663146496e-03
-2.863889094442129135e-04
4.979758523404598236e-04
1.292308093979954720e-03
2.094873227179050446e-03
2.903898246586322784e-03
3.717561718076467514e-03
4.534019157290458679e-03
5.351399071514606476e-03
6.167822983115911484e-03
6.981404498219490051e-03
7.790269330143928528e-03
8.592555299401283264e-03
9.386447258293628693e-03
1.017014589160680771e-02
1.094192918390035629e-02
1.170011982321739197e-02
1.244312804192304611e-02
1.316944602876901627e-02
1.387766003608703613e-02
1.456647645682096481e-02
1.523470971733331680e-02
1.588130742311477661e-02
1.650536619126796722e-02
1.710611768066883087e-02
1.768295466899871826e-02
1.823544129729270935e-02
1.876331679522991180e-02
1.926647126674652100e-02
1.974500901997089386e-02
2.019920200109481812e-02
2.062951028347015381e-02
2.103659324347972870e-02
2.142128348350524902e-02
2.178460359573364258e-02
2.212776243686676025e-02
2.245213836431503296e-02
2.275928109884262085e-02
2.305089868605136871e-02
2.332885935902595520e-02
2.359515614807605743e-02
2.385192178189754486e-02
2.410136908292770386e-02
2.434583753347396851e-02
2.458771318197250366e-02
2.482946403324604034e-02
2.507355622947216034e-02
2.532249316573143005e-02
2.557873353362083435e-02
2.584473602473735809e-02
2.612286061048507690e-02
2.641538158059120178e-02
2.672446332871913910e-02
2.705212868750095367e-02
2.740020677447319031e-02
2.777034044265747070e-02
2.816394902765750885e-02
2.858217805624008179e-02
2.902592718601226807e-02
2.949574962258338928e-02
2.999191731214523315e-02
3.051431477069854736e-02
3.106250986456871033e-02
3.163564950227737427e-02
3.223251178860664368e-02
3.285144269466400146e-02
3.349041938781738281e-02
3.414696082472801208e-02
3.481818363070487976e-02
3.550078347325325012e-02
3.619107231497764587e-02
3.688494861125946045e-02
3.757794573903083801e-02
3.826521337032318115e-02
3.894159570336341858e-02
3.960160166025161743e-02
4.023953899741172791e-02
4.084935411810874939e-02
4.142494499683380127e-02
4.195999354124069214e-02
4.244812205433845520e-02
4.288291931152343750e-02
4.325798526406288147e-02
4.356709122657775879e-02
4.380410909652709961e-02
4.396326094865798950e-02
4.403913766145706177e-02
4.402682930231094360e-02
4.392220079898834229e-02
4.372210055589675903e-02
4.342460632324218750e-02
4.302965104579925537e-02
4.253949970006942749e-02
4.195941984653472900e-02
4.129850864410400391e-02
4.057035595178604126e-02
3.979372233152389526e-02
3.899259865283966064e-02
3.819609433412551880e-02
3.743717074394226074e-02
3.675111383199691772e-02
3.617274016141891479e-02
3.573368489742279053e-02
3.545930236577987671e-02
