-1.236421987414360046e-03
-1.181932166218757629e-03
-1.021413132548332214e-03
-7.633985951542854309e-04
-4.209904000163078308e-04
-1.039076596498489380e-05
4.506856203079223633e-04
9.446553885936737061e-04
1.455343328416347504e-03
1.968872733414173126e-03
2.474125474691390991e-03
2.962779253721237183e-03
3.429101780056953430e-03
3.869533771649003029e-03
4.282183945178985596e-03
4.666413180530071259e-03
5.022439174354076385e-03
5.350992083549499512e-03
5.653105676174163818e-03
5.929988808929920197e-03
6.182890385389328003e-03
6.413063965737819672e-03
6.621737033128738403e-03
6.810076534748077393e-03
6.979201920330524445e-03
7.130175828933715820e-03
7.263992913067340851e-03
7.381609641015529633e-03
7.483917754143476486e-03
7.571766618639230728e-03
7.645963225513696671e-03
7.707258686423301697e-03
7.756376639008522034e-03
7.793993223458528519e-03
7.820761762559413910e-03
7.837294600903987885e-03
7.844172418117523193e-03
7.841944694519042969e-03
7.831142283976078033e-03
7.812262512743473053e-03
7.785784080624580383e-03
7.752160076051950455e-03
7.711826357990503311e-03
7.665190845727920532e-03
7.612653076648712158e-03
7.554586976766586304e-03
7.491355296224355698e-03
7.423297036439180374e-03
7.350747473537921906e-03
7.274018600583076477e-03
7.193409837782382965e-03
7.109214086085557938e-03
7.021707016974687576e-03
6.931150332093238831e-03
6.837800145149230957e-03
6.741900462657213211e-03
6.643682718276977539e-03
6.543370429426431656e-03
6.441176868975162506e-03
6.337309256196022034e-03
6.231959443539381027e-03
6.125320680439472198e-03
6.017568986862897873e-03
5.908876657485961914e-03
5.799408536404371262e-03
5.689323414117097855e-03
5.578771233558654785e-03
5.467895884066820145e-03
5.356832407414913177e-03
5.245712120085954666e-03
5.134661681950092316e-03
5.023797973990440369e-03
4.913234151899814606e-03
4.803076852113008499e-03
4.693427588790655136e-03
4.584383219480514526e-03
4.476033616811037064e-03
4.368466790765523911e-03
4.261762369424104691e-03
4.155997186899185181e-03
4.051243420690298080e-03
3.947566729038953781e-03
3.845032304525375366e-03
3.743697423487901688e-03
3.643617033958435059e-03
3.544841893017292023e-03
3.447418333962559700e-03
3.351388964802026749e-03
3.256794298067688942e-03
3.163669724017381668e-03
3.072046907618641853e-03
2.981955418363213539e-03
2.893422031775116920e-03
2.806467935442924500e-03
2.721114316955208778e-03
2.637377241626381874e-03
2.555272076278924942e-03
2.474809763953089714e-03
2.395999617874622345e-03
2.318847924470901489e-03
2.243359107524156570e-03
2.169535728171467781e-03
2.097376855090260506e-03
2.026880858466029167e-03
1.958043547347187996e-03
1.890859217382967472e-03
1.825319835916161537e-03
1.761415740475058556e-03
1.699136919341981411e-03
1.638470217585563660e-03
1.579401432536542416e-03
1.521916245110332966e-03
1.465997309423983097e-03
1.411627628840506077e-03
1.358788227662444115e-03
1.307459664531052113e-03
1.257620984688401222e-03
1.209250651299953461e-03
1.162326778285205364e-03
1.116826082579791546e-03
1.072724931873381138e-03
1.029998878948390484e-03
9.886235930025577545e-04
9.485733462497591972e-04
9.098228183574974537e-04
8.723459905013442039e-04
8.361164364032447338e-04
8.011077297851443291e-04
7.672930951230227947e-04
7.346456986851990223e-04
7.031386485323309898e-04
6.727447034791111946e-04
6.434371462091803551e-04
6.151888519525527954e-04
5.879730451852083206e-04
5.617626011371612549e-04
5.365310353226959705e-04
5.122518050484359264e-04
4.888985422439873219e-04
4.664452571887522936e-04
4.448660474736243486e-04
4.241354763507843018e-04
4.042281943839043379e-04
3.851193469017744064e-04
3.667843702714890242e-04
3.491989045869559050e-04
3.323393466416746378e-04
3.161821514368057251e-04
3.007042978424578905e-04
2.858832303900271654e-04
2.716966846492141485e-04
2.581229782663285732e-04
2.451408945489674807e-04
2.327294787392020226e-04
2.208684745710343122e-04
2.095379022648558021e-04
1.987184077734127641e-04
1.883909862954169512e-04
1.785371714504435658e-04
1.691390352789312601e-04
1.601789408596232533e-04
1.516398770036175847e-04
1.435052545275539160e-04
1.357589790131896734e-04
1.283854362554848194e-04
1.213693831232376397e-04
1.146961585618555546e-04
1.083514725905843079e-04
1.023215081659145653e-04
9.659288480179384351e-05
9.115268767345696688e-05
8.598840213380753994e-05
8.108794281724840403e-05
7.643963908776640892e-05
7.203222776297479868e-05
6.785486766602844000e-05
6.389706686604768038e-05
6.014874816173687577e-05
5.660019451170228422e-05
5.324207086232490838e-05
5.006538776797242463e-05
4.706149775302037597e-05
4.422211350174620748e-05
4.153923873673193157e-05
3.900524461641907692e-05
3.661279697553254664e-05
3.435485268710181117e-05
3.222467785235494375e-05
3.021580960194114596e-05
2.832207610481418669e-05
2.653756382642313838e-05
2.485662662365939468e-05
2.327386209799442440e-05
2.178411523345857859e-05
2.038245656876824796e-05
1.906418401631526649e-05
1.782482286216691136e-05
1.666009484324604273e-05
1.556593088025692850e-05
1.453845379728591070e-05
1.357397923129610717e-05
1.266898561880225316e-05
1.182014875666936859e-05
1.102428632293595001e-05
1.027838789013912901e-05
9.579592187947127968e-06
8.925185284169856459e-06
8.312591489811893553e-06
7.739369721093680710e-06
7.203205313999205828e-06
6.701907295791897923e-06
6.233404747035820037e-06
5.795733159175142646e-06
5.387037617765599862e-06
5.005567800253629684e-06
4.649664333555847406e-06
4.317765615269308910e-06
4.008397354482440278e-06
3.720167342180502601e-06
3.451766588113969192e-06
3.201960680598858744e-06
2.969587512779980898e-06
2.753556373136234470e-06
2.552839077907265164e-06
2.366472017456544563e-06
2.193552063545212150e-06
2.033229520748136565e-06
1.884711195998534095e-06
1.747254486872407142e-06
1.620164312043925747e-06
1.502792656538076699e-06
1.394535843246558215e-06
1.294831008635810576e-06
1.203156443807529286e-06
1.119027729146182537e-06
1.041996483763796277e-06
9.716492286315769888e-07
9.076057381207647268e-07
8.495169367961352691e-07
7.970642741383926477e-07
7.499584171455353498e-07
7.079379429342225194e-07
6.707680881845590193e-07
6.382406354532577097e-07
6.101718668105604593e-07
5.864033596481021959e-07
5.667999403158319183e-07
5.512499683391069993e-07
5.396647679845045786e-07
5.319780029822140932e-07
5.281455628391995560e-07
5.281455628391995560e-07
5.319780029822140932e-07
5.396647679845045786e-07
5.512499683391069993e-07
5.667999403158319183e-07
5.864033596481021959e-07
6.101718668105604593e-07
6.382406354532577097e-07
6.707680881845590193e-07
7.079379429342225194e-07
7.499584171455353498e-07
7.970642741383926477e-07
8.495169367961352691e-07
9.076057381207647268e-07
9.716492286315769888e-07
1.041996483763796277e-06
1.119027729146182537e-06
1.203156443807529286e-06
1.294831008635810576e-06
1.394535843246558215e-06
1.502792656538076699e-06
1.620164312043925747e-06
1.747254486872407142e-06
1.884711195998534095e-06
2.033229520748136565e-06
2.193552063545212150e-06
2.366472017456544563e-06
2.552839077907265164e-06
2.753556373136234470e-06
2.969587512779980898e-06
3.201960680598858744e-06
3.451766588113969192e-06
3.720167342180502601e-06
4.008397354482440278e-06
4.317765615269308910e-06
4.649664333555847406e-06
5.005567800253629684e-06
5.387037617765599862e-06
5.795733159175142646e-06
6.233404747035820037e-06
6.701907295791897923e-06
7.203205313999205828e-06
7.739369721093680710e-06
8.312591489811893553e-06
8.925185284169856459e-06
9.579592187947127968e-06
1.027838789013912901e-05
1.102428632293595001e-05
1.182014875666936859e-05
1.266898561880225316e-05
1.357397923129610717e-05
1.453845379728591070e-05
1.556593088025692850e-05
1.666009484324604273e-05
1.782482286216691136e-05
1.906418401631526649e-05
2.038245656876824796e-05
2.178411523345857859e-05
2.327386209799442440e-05
2.485662662365939468e-05
2.653756382642313838e-05
2.832207610481418669e-05
3.021580960194114596e-05
3.222467785235494375e-05
3.435485268710181117e-05
3.661279697553254664e-05
3.900524461641907692e-05
4.153923873673193157e-05
4.422211350174620748e-05
4.706149775302037597e-05
5.006538776797242463e-05
5.324207086232490838e-05
5.660019451170228422e-05
6.014874816173687577e-05
6.389706686604768038e-05
6.785486766602844000e-05
7.203222776297479868e-05
7.643963908776640892e-05
8.108794281724840403e-05
8.598840213380753994e-05
9.115268767345696688e-05
9.659288480179384351e-05
1.023215081659145653e-04
1.083514725905843079e-04
1.146961585618555546e-04
1.213693831232376397e-04
1.283854362554848194e-04
1.357589790131896734e-04
1.435052545275539160e-04
1.516398770036175847e-04
1.601789408596232533e-04
1.691390352789312601e-04
1.785371714504435658e-04
1.883909862954169512e-04
1.987184077734127641e-04
2.095379022648558021e-04
2.208684745710343122e-04
2.327294787392020226e-04
2.451408945489674807e-04
2.581229782663285732e-04
2.716966846492141485e-04
2.858832303900271654e-04
3.007042978424578905e-04
3.161821514368057251e-04
3.323393466416746378e-04
3.491989045869559050e-04
3.667843702714890242e-04
3.851193469017744064e-04
4.042281943839043379e-04
4.241354763507843018e-04
4.448660474736243486e-04
4.664452571887522936e-04
4.888985422439873219e-04
5.122518050484359264e-04
5.365310353226959705e-04
5.617626011371612549e-04
5.879730451852083206e-04
6.151888519525527954e-04
6.434371462091803551e-04
6.727447034791111946e-04
7.031386485323309898e-04
7.346456986851990223e-04
7.672930951230227947e-04
8.011077297851443291e-04
8.361164364032447338e-04
8.723459905013442039e-04
9.098228183574974537e-04
9.485733462497591972e-04
9.886235930025577545e-04
1.029998878948390484e-03
1.072724931873381138e-03
1.116826082579791546e-03
1.162326778285205364e-03
1.209250651299953461e-03
1.257620984688401222e-03
1.307459664531052113e-03
1.358788227662444115e-03
1.411627628840506077e-03
1.465997309423983097e-03
1.521916245110332966e-03
1.579401432536542416e-03
1.638470217585563660e-03
1.699136919341981411e-03
1.761415740475058556e-03
1.825319835916161537e-03
1.890859217382967472e-03
1.958043547347187996e-03
2.026880858466029167e-03
2.097376855090260506e-03
2.169535728171467781e-03
2.243359107524156570e-03
2.318847924470901489e-03
2.395999617874622345e-03
2.474809763953089714e-03
2.555272076278924942e-03
2.637377241626381874e-03
2.721114316955208778e-03
2.806467935442924500e-03
2.893422031775116920e-03
2.981955418363213539e-03
3.072046907618641853e-03
3.163669724017381668e-03
3.256794298067688942e-03
3.351388964802026749e-03
3.447418333962559700e-03
3.544841893017292023e-03
3.643617033958435059e-03
3.743697423487901688e-03
3.845032304525375366e-03
3.947566729038953781e-03
4.051243420690298080e-03
4.155997186899185181e-03
4.261762369424104691e-03
4.368466790765523911e-03
4.476033616811037064e-03
4.584383219480514526e-03
4.693427588790655136e-03
4.803076852113008499e-03
4.913234151899814606e-03
5.023797973990440369e-03
5.134661681950092316e-03
5.245712120085954666e-03
5.356832407414913177e-03
5.467895884066820145e-03
5.578771233558654785e-03
5.689323414117097855e-03
5.799408536404371262e-03
5.908876657485961914e-03
6.017568986862897873e-03
6.125320680439472198e-03
6.231959443539381027e-03
6.337309256196022034e-03
6.441176868975162506e-03
6.543370429426431656e-03
6.643682718276977539e-03
6.741900462657213211e-03
6.837800145149230957e-03
6.931150332093238831e-03
7.021707016974687576e-03
7.109214086085557938e-03
7.193409837782382965e-03
7.274018600583076477e-03
7.350747473537921906e-03
7.423297036439180374e-03
7.491355296224355698e-03
7.554586976766586304e-03
7.612653076648712158e-03
7.665190845727920532e-03
7.711826357990503311e-03
7.752160076051950455e-03
7.785784080624580383e-03
7.812262512743473053e-03
7.831142283976078033e-03
7.841944694519042969e-03
7.844172418117523193e-03
7.837294600903987885e-03
7.820761762559413910e-03
7.793993223458528519e-03
7.756376639008522034e-03
7.707258686423301697e-03
7.645963225513696671e-03
7.571766618639230728e-03
7.483917754143476486e-03
7.381609641015529633e-03
7.263992913067340851e-03
7.130175828933715820e-03
6.979201920330524445e-03
6.810076534748077393e-03
6.621737033128738403e-03
6.413063965737819672e-03
6.182890385389328003e-03
5.929988808929920197e-03
5.653105676174163818e-03
5.350992083549499512e-03
5.022439174354076385e-03
4.666413180530071259e-03
4.282183945178985596e-03
3.869533771649003029e-03
3.429101780056953430e-03
2.962779253721237183e-03
2.474125474691390991e-03
1.968872733414173126e-03
1.455343328416347504e-03
9.446553885936737061e-04
4.506856203079223633e-04
-1.039076596498489380e-05
-4.209904000163078308e-04
-7.633985951542854309e-04
-1.021413132548332214e-03
-1.181932166218757629e-03
-1.236421987414360046e-03
-1.181932166218757629e-03
-1.021413132548332214e-03
-7.633985951542854309e-04
-4.209904000163078308e-04
-1.039076596498489380e-05
4.506856203079223633e-04
9.446553885936737061e-04
1.455343328416347504e-03
1.968872733414173126e-03
2.474125474691390991e-03
2.962779253721237183e-03
3.429101780056953430e-03
3.869533771649003029e-03
4.282183945178985596e-03
4.666413180530071259e-03
5.022439174354076385e-03
5.350992083549499512e-03
5.653105676174163818e-03
5.929988808929920197e-03
6.182890385389328003e-03
6.413063965737819672e-03
6.621737033128738403e-03
6.810076534748077393e-03
6.979201920330524445e-03
7.130175828933715820e-03
7.263992913067340851e-03
7.381609641015529633e-03
7.483917754143476486e-03
7.571766618639230728e-03
7.645963225513696671e-03
7.707258686423301697e-03
7.756376639008522034e-03
7.793993223458528519e-03
7.820761762559413910e-03
7.837294600903987885e-03
7.844172418117523193e-03
7.841944694519042969e-03
7.831142283976078033e-03
7.812262512743473053e-03
7.785784080624580383e-03
7.752160076051950455e-03
7.711826357990503311e-03
7.665190845727920532e-03
7.612653076648712158e-03
7.554586976766586304e-03
7.491355296224355698e-03
7.423297036439180374e-03
7.350747473537921906e-03
7.274018600583076477e-03
7.193409837782382965e-03
7.109214086085557938e-03
7.021707016974687576e-03
6.931150332093238831e-03
6.837800145149230957e-03
6.741900462657213211e-03
6.643682718276977539e-03
6.543370429426431656e-03
6.441176868975162506e-03
6.337309256196022034e-03
6.231959443539381027e-03
6.125320680439472198e-03
6.017568986862897873e-03
5.908876657485961914e-03
5.799408536404371262e-03
5.689323414117097855e-03
5.578771233558654785e-03
5.467895884066820145e-03
5.356832407414913177e-03
5.245712120085954666e-03
5.134661681950092316e-03
5.023797973990440369e-03
4.913234151899814606e-03
4.803076852113008499e-03
4.693427588790655136e-03
4.584383219480514526e-03
4.476033616811037064e-03
4.368466790765523911e-03
4.261762369424104691e-03
4.155997186899185181e-03
4.051243420690298080e-03
3.947566729038953781e-03
3.845032304525375366e-03
3.743697423487901688e-03
3.643617033958435059e-03
3.544841893017292023e-03
3.447418333962559700e-03
3.351388964802026749e-03
3.256794298067688942e-03
3.163669724017381668e-03
3.072046907618641853e-03
2.981955418363213539e-03
2.893422031775116920e-03
2.806467935442924500e-03
2.721114316955208778e-03
2.637377241626381874e-03
2.555272076278924942e-03
2.474809763953089714e-03
2.395999617874622345e-03
2.318847924470901489e-03
2.243359107524156570e-03
2.169535728171467781e-03
2.097376855090260506e-03
2.026880858466029167e-03
1.958043547347187996e-03
1.890859217382967472e-03
1.825319835916161537e-03
1.761415740475058556e-03
1.699136919341981411e-03
1.638470217585563660e-03
1.579401432536542416e-03
1.521916245110332966e-03
1.465997309423983097e-03
1.411627628840506077e-03
1.358788227662444115e-03
1.307459664531052113e-03
1.257620984688401222e-03
1.209250651299953461e-03
1.162326778285205364e-03
1.116826082579791546e-03
1.072724931873381138e-03
1.029998878948390484e-03
9.886235930025577545e-04
9.485733462497591972e-04
9.098228183574974537e-04
8.723459905013442039e-04
8.361164364032447338e-04
8.011077297851443291e-04
7.672930951230227947e-04
7.346456986851990223e-04
7.031386485323309898e-04
6.727447034791111946e-04
6.434371462091803551e-04
6.151888519525527954e-04
5.879730451852083206e-04
5.617626011371612549e-04
5.365310353226959705e-04
5.122518050484359264e-04
4.888985422439873219e-04
4.664452571887522936e-04
4.448660474736243486e-04
4.241354763507843018e-04
4.042281943839043379e-04
3.851193469017744064e-04
3.667843702714890242e-04
3.491989045869559050e-04
3.323393466416746378e-04
3.161821514368057251e-04
3.007042978424578905e-04
2.858832303900271654e-04
2.716966846492141485e-04
2.581229782663285732e-04
2.451408945489674807e-04
2.327294787392020226e-04
2.208684745710343122e-04
2.095379022648558021e-04
1.987184077734127641e-04
1.883909862954169512e-04
1.785371714504435658e-04
1.691390352789312601e-04
1.601789408596232533e-04
1.516398770036175847e-04
1.435052545275539160e-04
1.357589790131896734e-04
1.283854362554848194e-04
1.213693831232376397e-04
1.146961585618555546e-04
1.083514725905843079e-04
1.023215081659145653e-04
9.659288480179384351e-05
9.115268767345696688e-05
8.598840213380753994e-05
8.108794281724840403e-05
7.643963908776640892e-05
7.203222776297479868e-05
6.785486766602844000e-05
6.389706686604768038e-05
6.014874816173687577e-05
5.660019451170228422e-05
5.324207086232490838e-05
5.006538776797242463e-05
4.706149775302037597e-05
4.422211350174620748e-05
4.153923873673193157e-05
3.900524461641907692e-05
3.661279697553254664e-05
3.435485268710181117e-05
3.222467785235494375e-05
3.021580960194114596e-05
2.832207610481418669e-05
2.653756382642313838e-05
2.485662662365939468e-05
2.327386209799442440e-05
2.178411523345857859e-05
2.038245656876824796e-05
1.906418401631526649e-05
1.782482286216691136e-05
1.666009484324604273e-05
1.556593088025692850e-05
1.453845379728591070e-05
1.357397923129610717e-05
1.266898561880225316e-05
1.182014875666936859e-05
1.102428632293595001e-05
1.027838789013912901e-05
9.579592187947127968e-06
8.925185284169856459e-06
8.312591489811893553e-06
7.739369721093680710e-06
7.203205313999205828e-06
6.701907295791897923e-06
6.233404747035820037e-06
5.795733159175142646e-06
5.387037617765599862e-06
5.005567800253629684e-06
4.649664333555847406e-06
4.317765615269308910e-06
4.008397354482440278e-06
3.720167342180502601e-06
3.451766588113969192e-06
3.201960680598858744e-06
2.969587512779980898e-06
2.753556373136234470e-06
2.552839077907265164e-06
2.366472017456544563e-06
2.193552063545212150e-06
2.033229520748136565e-06
1.884711195998534095e-06
1.747254486872407142e-06
1.620164312043925747e-06
1.502792656538076699e-06
1.394535843246558215e-06
1.294831008635810576e-06
1.203156443807529286e-06
1.119027729146182537e-06
1.041996483763796277e-06
9.716492286315769888e-07
9.076057381207647268e-07
8.495169367961352691e-07
7.970642741383926477e-07
7.499584171455353498e-07
7.079379429342225194e-07
6.707680881845590193e-07
6.382406354532577097e-07
6.101718668105604593e-07
5.864033596481021959e-07
5.667999403158319183e-07
5.512499683391069993e-07
5.396647679845045786e-07
5.319780029822140932e-07
5.281455628391995560e-07
5.281455628391995560e-07
5.319780029822140932e-07
5.396647679845045786e-07
5.512499683391069993e-07
5.667999403158319183e-07
5.864033596481021959e-07
6.101718668105604593e-07
6.382406354532577097e-07
6.707680881845590193e-07
7.079379429342225194e-07
7.499584171455353498e-07
7.970642741383926477e-07
8.495169367961352691e-07
9.076057381207647268e-07
9.716492286315769888e-07
1.041996483763796277e-06
1.119027729146182537e-06
1.203156443807529286e-06
1.294831008635810576e-06
1.394535843246558215e-06
1.502792656538076699e-06
1.620164312043925747e-06
1.747254486872407142e-06
1.884711195998534095e-06
2.033229520748136565e-06
2.193552063545212150e-06
2.366472017456544563e-06
2.552839077907265164e-06
2.753556373136234470e-06
2.969587512779980898e-06
3.201960680598858744e-06
3.451766588113969192e-06
3.720167342180502601e-06
4.008397354482440278e-06
4.317765615269308910e-06
4.649664333555847406e-06
5.005567800253629684e-06
5.387037617765599862e-06
5.795733159175142646e-06
6.233404747035820037e-06
6.701907295791897923e-06
7.203205313999205828e-06
7.739369721093680710e-06
8.312591489811893553e-06
8.925185284169856459e-06
9.579592187947127968e-06
1.027838789013912901e-05
1.102428632293595001e-05
1.182014875666936859e-05
1.266898561880225316e-05
1.357397923129610717e-05
1.453845379728591070e-05
1.556593088025692850e-05
1.666009484324604273e-05
1.782482286216691136e-05
1.906418401631526649e-05
2.038245656876824796e-05
2.178411523345857859e-05
2.327386209799442440e-05
2.485662662365939468e-05
2.653756382642313838e-05
2.832207610481418669e-05
3.021580960194114596e-05
3.222467785235494375e-05
3.435485268710181117e-05
3.661279697553254664e-05
3.900524461641907692e-05
4.153923873673193157e-05
4.422211350174620748e-05
4.706149775302037597e-05
5.006538776797242463e-05
5.324207086232490838e-05
5.660019451170228422e-05
6.014874816173687577e-05
6.389706686604768038e-05
6.785486766602844000e-05
7.203222776297479868e-05
7.643963908776640892e-05
8.108794281724840403e-05
8.598840213380753994e-05
9.115268767345696688e-05
9.659288480179384351e-05
1.023215081659145653e-04
1.083514725905843079e-04
1.146961585618555546e-04
1.213693831232376397e-04
1.283854362554848194e-04
1.357589790131896734e-04
1.435052545275539160e-04
1.516398770036175847e-04
1.601789408596232533e-04
1.691390352789312601e-04
1.785371714504435658e-04
1.883909862954169512e-04
1.987184077734127641e-04
2.095379022648558021e-04
2.208684745710343122e-04
2.327294787392020226e-04
2.451408945489674807e-04
2.581229782663285732e-04
2.716966846492141485e-04
2.858832303900271654e-04
3.007042978424578905e-04
3.161821514368057251e-04
3.323393466416746378e-04
3.491989045869559050e-04
3.667843702714890242e-04
3.851193469017744064e-04
4.042281943839043379e-04
4.241354763507843018e-04
4.448660474736243486e-04
4.664452571887522936e-04
4.888985422439873219e-04
5.122518050484359264e-04
5.365310353226959705e-04
5.617626011371612549e-04
5.879730451852083206e-04
6.151888519525527954e-04
6.434371462091803551e-04
6.727447034791111946e-04
7.031386485323309898e-04
7.346456986851990223e-04
7.672930951230227947e-04
8.011077297851443291e-04
8.361164364032447338e-04
8.723459905013442039e-04
9.098228183574974537e-04
9.485733462497591972e-04
9.886235930025577545e-04
1.029998878948390484e-03
1.072724931873381138e-03
1.116826082579791546e-03
1.162326778285205364e-03
1.209250651299953461e-03
1.257620984688401222e-03
1.307459664531052113e-03
1.358788227662444115e-03
1.411627628840506077e-03
1.465997309423983097e-03
1.521916245110332966e-03
1.579401432536542416e-03
1.638470217585563660e-03
1.699136919341981411e-03
1.761415740475058556e-03
1.825319835916161537e-03
1.890859217382967472e-03
1.958043547347187996e-03
2.026880858466029167e-03
2.097376855090260506e-03
2.169535728171467781e-03
2.243359107524156570e-03
2.318847924470901489e-03
2.395999617874622345e-03
2.474809763953089714e-03
2.555272076278924942e-03
2.637377241626381874e-03
2.721114316955208778e-03
2.806467935442924500e-03
2.893422031775116920e-03
2.981955418363213539e-03
3.072046907618641853e-03
3.163669724017381668e-03
3.256794298067688942e-03
3.351388964802026749e-03
3.447418333962559700e-03
3.544841893017292023e-03
3.643617033958435059e-03
3.743697423487901688e-03
3.845032304525375366e-03
3.947566729038953781e-03
4.051243420690298080e-03
4.155997186899185181e-03
4.261762369424104691e-03
4.368466790765523911e-03
4.476033616811037064e-03
4.584383219480514526e-03
4.693427588790655136e-03
4.803076852113008499e-03
4.913234151899814606e-03
5.023797973990440369e-03
5.134661681950092316e-03
5.245712120085954666e-03
5.356832407414913177e-03
5.467895884066820145e-03
5.578771233558654785e-03
5.689323414117097855e-03
5.799408536404371262e-03
5.908876657485961914e-03
6.017568986862897873e-03
6.125320680439472198e-03
6.231959443539381027e-03
6.337309256196022034e-03
6.441176868975162506e-03
6.543370429426431656e-03
6.643682718276977539e-03
6.741900462657213211e-03
6.837800145149230957e-03
6.931150332093238831e-03
7.021707016974687576e-03
7.109214086085557938e-03
7.193409837782382965e-03
7.274018600583076477e-03
7.350747473537921906e-03
7.423297036439180374e-03
7.491355296224355698e-03
7.554586976766586304e-03
7.612653076648712158e-03
7.665190845727920532e-03
7.711826357990503311e-03
7.752160076051950455e-03
7.785784080624580383e-03
7.812262512743473053e-03
7.831142283976078033e-03
7.841944694519042969e-03
7.844172418117523193e-03
7.837294600903987885e-03
7.820761762559413910e-03
7.793993223458528519e-03
7.756376639008522034e-03
7.707258686423301697e-03
7.645963225513696671e-03
7.571766618639230728e-03
7.483917754143476486e-03
7.381609641015529633e-03
7.263992913067340851e-03
7.130175828933715820e-03
6.979201920330524445e-03
6.810076534748077393e-03
6.621737033128738403e-03
6.413063965737819672e-03
6.182890385389328003e-03
5.929988808929920197e-03
5.653105676174163818e-03
5.350992083549499512e-03
5.022439174354076385e-03
4.666413180530071259e-03
4.282183945178985596e-03
3.869533771649003029e-03
3.429101780056953430e-03
2.962779253721237183e-03
2.474125474691390991e-03
1.968872733414173126e-03
1.455343328416347504e-03
9.446553885936737061e-04
4.506856203079223633e-04
-1.039076596498489380e-05
-4.209904000163078308e-04
-7.633985951542854309e-04
-1.021413132548332214e-03
-1.181932166218757629e-03
