-4.396007955074310303e-02
-4.363175481557846069e-02
-4.266421869397163391e-02
-4.110710695385932922e-02
-3.903720155358314514e-02
-3.654927387833595276e-02
-3.374657779932022095e-02
-3.073184564709663391e-02
-2.759943529963493347e-02
-2.443018555641174316e-02
-2.128903940320014954e-02
-1.822453737258911133e-02
-1.527012512087821960e-02
-1.244702935218811035e-02
-9.766582399606704712e-03
-7.233150303363800049e-03
-4.846356809139251709e-03
-2.602707594633102417e-03
-4.973039031028747559e-04
1.475937664508819580e-03
3.323115408420562744e-03
5.050469189882278442e-03
6.663993000984191895e-03
8.169472217559814453e-03
9.572293609380722046e-03
1.087765768170356750e-02
1.209049299359321594e-02
1.321535557508468628e-02
1.425657793879508972e-02
1.521843299269676208e-02
1.610474660992622375e-02
1.691922917962074280e-02
1.766540110111236572e-02
1.834665983915328979e-02
1.896618306636810303e-02
1.952697709202766418e-02
2.003198117017745972e-02
2.048391848802566528e-02
2.088540047407150269e-02
2.123897522687911987e-02
2.154704555869102478e-02
2.181186899542808533e-02
2.203566208481788635e-02
2.222051844000816345e-02
2.236847952008247375e-02
2.248141914606094360e-02
2.256122604012489319e-02
2.260966226458549500e-02
2.262844890356063843e-02
2.261918783187866211e-02
2.258346974849700928e-02
2.252278104424476624e-02
2.243859320878982544e-02
2.233227901160717010e-02
2.220517024397850037e-02
2.205856516957283020e-02
2.189369499683380127e-02
2.171173132956027985e-02
2.151383087038993835e-02
2.130107395350933075e-02
2.107453532516956329e-02
2.083519846200942993e-02
2.058405987918376923e-02
2.032203972339630127e-02
2.005003392696380615e-02
1.976890489459037781e-02
1.947947777807712555e-02
1.918254606425762177e-02
1.887886226177215576e-02
1.856915652751922607e-02
1.825412921607494354e-02
1.793443411588668823e-02
1.761072315275669098e-02
1.728359796106815338e-02
1.695364154875278473e-02
1.662140712141990662e-02
1.628742739558219910e-02
1.595220528542995453e-02
1.561621949076652527e-02
1.527992729097604752e-02
1.494376175105571747e-02
1.460812985897064209e-02
1.427342556416988373e-02
1.394001953303813934e-02
1.360824704170227051e-02
1.327844895422458649e-02
1.295092608779668808e-02
1.262596808373928070e-02
1.230384875088930130e-02
1.198482234030961990e-02
1.166912261396646500e-02
1.135697215795516968e-02
1.104857306927442551e-02
1.074411533772945404e-02
1.044377218931913376e-02
1.014770474284887314e-02
9.856056421995162964e-03
9.568961337208747864e-03
9.286537766456604004e-03
9.008892811834812164e-03
8.736118674278259277e-03
8.468302898108959198e-03
8.205514401197433472e-03
7.947820238769054413e-03
7.695264182984828949e-03
7.447894662618637085e-03
7.205740548670291901e-03
6.968827918171882629e-03
6.737170275300741196e-03
6.510776933282613754e-03
6.289646029472351074e-03
6.073771044611930847e-03
5.863137077540159225e-03
5.657724104821681976e-03
5.457505583763122559e-03
5.262446124106645584e-03
5.072511266916990280e-03
4.887654911726713181e-03
4.707830492407083511e-03
4.532985389232635498e-03
4.363063257187604904e-03
4.198004025965929031e-03
4.037743434309959412e-03
3.882214194163680077e-03
3.731347154825925827e-03
3.585069440305233002e-03
3.443305380642414093e-03
3.305977908894419670e-03
3.173008095473051071e-03
3.044313983991742134e-03
2.919813385233283043e-03
2.799422712996602058e-03
2.683056984096765518e-03
2.570630284026265144e-03
2.462055068463087082e-03
2.357245422899723053e-03
2.256112638860940933e-03
2.158570336177945137e-03
2.064529573544859886e-03
1.973903272300958633e-03
1.886602491140365601e-03
1.802541431970894337e-03
1.721632317639887333e-03
1.643789582885801792e-03
1.568927080370485783e-03
1.496960408985614777e-03
1.427805051207542419e-03
1.361378468573093414e-03
1.297598471865057945e-03
1.236384036019444466e-03
1.177655300125479698e-03
1.121334033086895943e-03
1.067342585884034634e-03
1.015605288557708263e-03
9.660472278483211994e-04
9.185955277644097805e-04
8.731781854294240475e-04
8.297250024043023586e-04
7.881671772338449955e-04
7.484374218620359898e-04
7.104699034243822098e-04
6.742006517015397549e-04
6.395667442120611668e-04
6.065073539502918720e-04
5.749628762714564800e-04
5.448752199299633503e-04
5.161882145330309868e-04
4.888469120487570763e-04
4.627981106750667095e-04
4.379901220090687275e-04
4.143725673202425241e-04
3.918970178347080946e-04
3.705160925164818764e-04
3.501842438708990812e-04
3.308570303488522768e-04
3.124919021502137184e-04
2.950472699012607336e-04
2.784832613542675972e-04
2.627612557262182236e-04
2.478439419064670801e-04
2.336954057682305574e-04
2.202809555456042290e-04
2.075672382488846779e-04
1.955220213858410716e-04
1.841143821366131306e-04
1.733145763864740729e-04
1.630939514143392444e-04
1.534249458927661180e-04
1.442811626475304365e-04
1.356372667942196131e-04
1.274688838748261333e-04
1.197526871692389250e-04
1.124663103837519884e-04
1.055882967193610966e-04
9.909815707942470908e-05
9.297623182646930218e-05
8.720376354176551104e-05
8.176277333404868841e-05
7.663608994334936142e-05
7.180736429290845990e-05
6.726090214215219021e-05
6.298180960584431887e-05
5.895582944503985345e-05
5.516940291272476315e-05
5.160959335626102984e-05
4.826407894142903388e-05
4.512114901444874704e-05
4.216964953229762614e-05
3.939898670068942010e-05
3.679907604237087071e-05
3.436034967307932675e-05
3.207371628377586603e-05
2.993055022670887411e-05
2.792268242046702653e-05
2.604235123726539314e-05
2.428221887385006994e-05
2.263532223878428340e-05
2.109508568537421525e-05
1.965528463188093156e-05
1.831003828556276858e-05
1.705378053884487599e-05
1.588127270224504173e-05
1.478756530559621751e-05
1.376799718855181709e-05
1.281816821574466303e-05
1.193395110021810979e-05
1.111146048060618341e-05
1.034704109770245850e-05
9.637271432438865304e-06
8.978941878012847155e-06
8.369048373424448073e-06
7.804785127518698573e-06
7.283530067070387304e-06
6.802845291531411931e-06
6.360461611620848998e-06
5.954277639830252156e-06
5.582346602750476450e-06
5.242874976829625666e-06
4.934214757668087259e-06
4.654858003050321713e-06
4.403432285471353680e-06
4.178694780421210453e-06
3.979529083153465763e-06
3.804942025453783572e-06
3.654058673419058323e-06
3.526119826346985064e-06
3.420479742999305017e-06
3.336604322612402029e-06
3.274067694292170927e-06
3.232552899135043845e-06
3.211848024875507690e-06
3.211848024875507690e-06
3.232552899135043845e-06
3.274067694292170927e-06
3.336604322612402029e-06
3.420479742999305017e-06
3.526119826346985064e-06
3.654058673419058323e-06
3.804942025453783572e-06
3.979529083153465763e-06
4.178694780421210453e-06
4.403432285471353680e-06
4.654858003050321713e-06
4.934214757668087259e-06
5.242874976829625666e-06
5.582346602750476450e-06
5.954277639830252156e-06
6.360461611620848998e-06
6.802845291531411931e-06
7.283530067070387304e-06
7.804785127518698573e-06
8.369048373424448073e-06
8.978941878012847155e-06
9.637271432438865304e-06
1.034704109770245850e-05
1.111146048060618341e-05
1.193395110021810979e-05
1.281816821574466303e-05
1.376799718855181709e-05
1.478756530559621751e-05
1.588127270224504173e-05
1.705378053884487599e-05
1.831003828556276858e-05
1.965528463188093156e-05
2.109508568537421525e-05
2.263532223878428340e-05
2.428221887385006994e-05
2.604235123726539314e-05
2.792268242046702653e-05
2.993055022670887411e-05
3.207371628377586603e-05
3.436034967307932675e-05
3.679907604237087071e-05
3.939898670068942010e-05
4.216964953229762614e-05
4.512114901444874704e-05
4.826407894142903388e-05
5.160959335626102984e-05
5.516940291272476315e-05
5.895582944503985345e-05
6.298180960584431887e-05
6.726090214215219021e-05
7.180736429290845990e-05
7.663608994334936142e-05
8.176277333404868841e-05
8.720376354176551104e-05
9.297623182646930218e-05
9.909815707942470908e-05
1.055882967193610966e-04
1.124663103837519884e-04
1.197526871692389250e-04
1.274688838748261333e-04
1.356372667942196131e-04
1.442811626475304365e-04
1.534249458927661180e-04
1.630939514143392444e-04
1.733145763864740729e-04
1.841143821366131306e-04
1.955220213858410716e-04
2.075672382488846779e-04
2.202809555456042290e-04
2.336954057682305574e-04
2.478439419064670801e-04
2.627612557262182236e-04
2.784832613542675972e-04
2.950472699012607336e-04
3.124919021502137184e-04
3.308570303488522768e-04
3.501842438708990812e-04
3.705160925164818764e-04
3.918970178347080946e-04
4.143725673202425241e-04
4.379901220090687275e-04
4.627981106750667095e-04
4.888469120487570763e-04
5.161882145330309868e-04
5.448752199299633503e-04
5.749628762714564800e-04
6.065073539502918720e-04
6.395667442120611668e-04
6.742006517015397549e-04
7.104699034243822098e-04
7.484374218620359898e-04
7.881671772338449955e-04
8.297250024043023586e-04
8.731781854294240475e-04
9.185955277644097805e-04
9.660472278483211994e-04
1.015605288557708263e-03
1.067342585884034634e-03
1.121334033086895943e-03
1.177655300125479698e-03
1.236384036019444466e-03
1.297598471865057945e-03
1.361378468573093414e-03
1.427805051207542419e-03
1.496960408985614777e-03
1.568927080370485783e-03
1.643789582885801792e-03
1.721632317639887333e-03
1.802541431970894337e-03
1.886602491140365601e-03
1.973903272300958633e-03
2.064529573544859886e-03
2.158570336177945137e-03
2.256112638860940933e-03
2.357245422899723053e-03
2.462055068463087082e-03
2.570630284026265144e-03
2.683056984096765518e-03
2.799422712996602058e-03
2.919813385233283043e-03
3.044313983991742134e-03
3.173008095473051071e-03
3.305977908894419670e-03
3.443305380642414093e-03
3.585069440305233002e-03
3.731347154825925827e-03
3.882214194163680077e-03
4.037743434309959412e-03
4.198004025965929031e-03
4.363063257187604904e-03
4.532985389232635498e-03
4.707830492407083511e-03
4.887654911726713181e-03
5.072511266916990280e-03
5.262446124106645584e-03
5.457505583763122559e-03
5.657724104821681976e-03
5.863137077540159225e-03
6.073771044611930847e-03
6.289646029472351074e-03
6.510776933282613754e-03
6.737170275300741196e-03
6.968827918171882629e-03
7.205740548670291901e-03
7.447894662618637085e-03
7.695264182984828949e-03
7.947820238769054413e-03
8.205514401197433472e-03
8.468302898108959198e-03
8.736118674278259277e-03
9.008892811834812164e-03
9.286537766456604004e-03
9.568961337208747864e-03
9.856056421995162964e-03
1.014770474284887314e-02
1.044377218931913376e-02
1.074411533772945404e-02
1.104857306927442551e-02
1.135697215795516968e-02
1.166912261396646500e-02
1.198482234030961990e-02
1.230384875088930130e-02
1.262596808373928070e-02
1.295092608779668808e-02
1.327844895422458649e-02
1.360824704170227051e-02
1.394001953303813934e-02
1.427342556416988373e-02
1.460812985897064209e-02
1.494376175105571747e-02
1.527992729097604752e-02
1.561621949076652527e-02
1.595220528542995453e-02
1.628742739558219910e-02
1.662140712141990662e-02
1.695364154875278473e-02
1.728359796106815338e-02
1.761072315275669098e-02
1.793443411588668823e-02
1.825412921607494354e-02
1.856915652751922607e-02
1.887886226177215576e-02
1.918254606425762177e-02
1.947947777807712555e-02
1.976890489459037781e-02
2.005003392696380615e-02
2.032203972339630127e-02
2.058405987918376923e-02
2.083519846200942993e-02
2.107453532516956329e-02
2.130107395350933075e-02
2.151383087038993835e-02
2.171173132956027985e-02
2.189369499683380127e-02
2.205856516957283020e-02
2.220517024397850037e-02
2.233227901160717010e-02
2.243859320878982544e-02
2.252278104424476624e-02
2.258346974849700928e-02
2.261918783187866211e-02
2.262844890356063843e-02
2.260966226458549500e-02
2.256122604012489319e-02
2.248141914606094360e-02
2.236847952008247375e-02
2.222051844000816345e-02
2.203566208481788635e-02
2.181186899542808533e-02
2.154704555869102478e-02
2.123897522687911987e-02
2.088540047407150269e-02
2.048391848802566528e-02
2.003198117017745972e-02
1.952697709202766418e-02
1.896618306636810303e-02
1.834665983915328979e-02
1.766540110111236572e-02
1.691922917962074280e-02
1.610474660992622375e-02
1.521843299269676208e-02
1.425657793879508972e-02
1.321535557508468628e-02
1.209049299359321594e-02
1.087765768170356750e-02
9.572293609380722046e-03
8.169472217559814453e-03
6.663993000984191895e-03
5.050469189882278442e-03
3.323115408420562744e-03
1.475937664508819580e-03
-4.973039031028747559e-04
-2.602707594633102417e-03
-4.846356809139251709e-03
-7.233150303363800049e-03
-9.766582399606704712e-03
-1.244702935218811035e-02
-1.527012512087821960e-02
-1.822453737258911133e-02
-2.128903940320014954e-02
-2.443018555641174316e-02
-2.759943529963493347e-02
-3.073184564709663391e-02
-3.374657779932022095e-02
-3.654927387833595276e-02
-3.903720155358314514e-02
-4.110710695385932922e-02
-4.266421869397163391e-02
-4.363175481557846069e-02
-4.396007955074310303e-02
-4.363175481557846069e-02
-4.266421869397163391e-02
-4.110710695385932922e-02
-3.903720155358314514e-02
-3.654927387833595276e-02
-3.374657779932022095e-02
-3.073184564709663391e-02
-2.759943529963493347e-02
-2.443018555641174316e-02
-2.128903940320014954e-02
-1.822453737258911133e-02
-1.527012512087821960e-02
-1.244702935218811035e-02
-9.766582399606704712e-03
-7.233150303363800049e-03
-4.846356809139251709e-03
-2.602707594633102417e-03
-4.973039031028747559e-04
1.475937664508819580e-03
3.323115408420562744e-03
5.050469189882278442e-03
6.663993000984191895e-03
8.169472217559814453e-03
9.572293609380722046e-03
1.087765768170356750e-02
1.209049299359321594e-02
1.321535557508468628e-02
1.425657793879508972e-02
1.521843299269676208e-02
1.610474660992622375e-02
1.691922917962074280e-02
1.766540110111236572e-02
1.834665983915328979e-02
1.896618306636810303e-02
1.952697709202766418e-02
2.003198117017745972e-02
2.048391848802566528e-02
2.088540047407150269e-02
2.123897522687911987e-02
2.154704555869102478e-02
2.181186899542808533e-02
2.203566208481788635e-02
2.222051844000816345e-02
2.236847952008247375e-02
2.248141914606094360e-02
2.256122604012489319e-02
2.260966226458549500e-02
2.262844890356063843e-02
2.261918783187866211e-02
2.258346974849700928e-02
2.252278104424476624e-02
2.243859320878982544e-02
2.233227901160717010e-02
2.220517024397850037e-02
2.205856516957283020e-02
2.189369499683380127e-02
2.171173132956027985e-02
2.151383087038993835e-02
2.130107395350933075e-02
2.107453532516956329e-02
2.083519846200942993e-02
2.058405987918376923e-02
2.032203972339630127e-02
2.005003392696380615e-02
1.976890489459037781e-02
1.947947777807712555e-02
1.918254606425762177e-02
1.887886226177215576e-02
1.856915652751922607e-02
1.825412921607494354e-02
1.793443411588668823e-02
1.761072315275669098e-02
1.728359796106815338e-02
1.695364154875278473e-02
1.662140712141990662e-02
1.628742739558219910e-02
1.595220528542995453e-02
1.561621949076652527e-02
1.527992729097604752e-02
1.494376175105571747e-02
1.460812985897064209e-02
1.427342556416988373e-02
1.394001953303813934e-02
1.360824704170227051e-02
1.327844895422458649e-02
1.295092608779668808e-02
1.262596808373928070e-02
1.230384875088930130e-02
1.198482234030961990e-02
1.166912261396646500e-02
1.135697215795516968e-02
1.104857306927442551e-02
1.074411533772945404e-02
1.044377218931913376e-02
1.014770474284887314e-02
9.856056421995162964e-03
9.568961337208747864e-03
9.286537766456604004e-03
9.008892811834812164e-03
8.736118674278259277e-03
8.468302898108959198e-03
8.205514401197433472e-03
7.947820238769054413e-03
7.695264182984828949e-03
7.447894662618637085e-03
7.205740548670291901e-03
6.968827918171882629e-03
6.737170275300741196e-03
6.510776933282613754e-03
6.289646029472351074e-03
6.073771044611930847e-03
5.863137077540159225e-03
5.657724104821681976e-03
5.457505583763122559e-03
5.262446124106645584e-03
5.072511266916990280e-03
4.887654911726713181e-03
4.707830492407083511e-03
4.532985389232635498e-03
4.363063257187604904e-03
4.198004025965929031e-03
4.037743434309959412e-03
3.882214194163680077e-03
3.731347154825925827e-03
3.585069440305233002e-03
3.443305380642414093e-03
3.305977908894419670e-03
3.173008095473051071e-03
3.044313983991742134e-03
2.919813385233283043e-03
2.799422712996602058e-03
2.683056984096765518e-03
2.570630284026265144e-03
2.462055068463087082e-03
2.357245422899723053e-03
2.256112638860940933e-03
2.158570336177945137e-03
2.064529573544859886e-03
1.973903272300958633e-03
1.886602491140365601e-03
1.802541431970894337e-03
1.721632317639887333e-03
1.643789582885801792e-03
1.568927080370485783e-03
1.496960408985614777e-03
1.427805051207542419e-03
1.361378468573093414e-03
1.297598471865057945e-03
1.236384036019444466e-03
1.177655300125479698e-03
1.121334033086895943e-03
1.067342585884034634e-03
1.015605288557708263e-03
9.660472278483211994e-04
9.185955277644097805e-04
8.731781854294240475e-04
8.297250024043023586e-04
7.881671772338449955e-04
7.484374218620359898e-04
7.104699034243822098e-04
6.742006517015397549e-04
6.395667442120611668e-04
6.065073539502918720e-04
5.749628762714564800e-04
5.448752199299633503e-04
5.161882145330309868e-04
4.888469120487570763e-04
4.627981106750667095e-04
4.379901220090687275e-04
4.143725673202425241e-04
3.918970178347080946e-04
3.705160925164818764e-04
3.501842438708990812e-04
3.308570303488522768e-04
3.124919021502137184e-04
2.950472699012607336e-04
2.784832613542675972e-04
2.627612557262182236e-04
2.478439419064670801e-04
2.336954057682305574e-04
2.202809555456042290e-04
2.075672382488846779e-04
1.955220213858410716e-04
1.841143821366131306e-04
1.733145763864740729e-04
1.630939514143392444e-04
1.534249458927661180e-04
1.442811626475304365e-04
1.356372667942196131e-04
1.274688838748261333e-04
1.197526871692389250e-04
1.124663103837519884e-04
1.055882967193610966e-04
9.909815707942470908e-05
9.297623182646930218e-05
8.720376354176551104e-05
8.176277333404868841e-05
7.663608994334936142e-05
7.180736429290845990e-05
6.726090214215219021e-05
6.298180960584431887e-05
5.895582944503985345e-05
5.516940291272476315e-05
5.160959335626102984e-05
4.826407894142903388e-05
4.512114901444874704e-05
4.216964953229762614e-05
3.939898670068942010e-05
3.679907604237087071e-05
3.436034967307932675e-05
3.207371628377586603e-05
2.993055022670887411e-05
2.792268242046702653e-05
2.604235123726539314e-05
2.428221887385006994e-05
2.263532223878428340e-05
2.109508568537421525e-05
1.965528463188093156e-05
1.831003828556276858e-05
1.705378053884487599e-05
1.588127270224504173e-05
1.478756530559621751e-05
1.376799718855181709e-05
1.281816821574466303e-05
1.193395110021810979e-05
1.111146048060618341e-05
1.034704109770245850e-05
9.637271432438865304e-06
8.978941878012847155e-06
8.369048373424448073e-06
7.804785127518698573e-06
7.283530067070387304e-06
6.802845291531411931e-06
6.360461611620848998e-06
5.954277639830252156e-06
5.582346602750476450e-06
5.242874976829625666e-06
4.934214757668087259e-06
4.654858003050321713e-06
4.403432285471353680e-06
4.178694780421210453e-06
3.979529083153465763e-06
3.804942025453783572e-06
3.654058673419058323e-06
3.526119826346985064e-06
3.420479742999305017e-06
3.336604322612402029e-06
3.274067694292170927e-06
3.232552899135043845e-06
3.211848024875507690e-06
3.211848024875507690e-06
3.232552899135043845e-06
3.274067694292170927e-06
3.336604322612402029e-06
3.420479742999305017e-06
3.526119826346985064e-06
3.654058673419058323e-06
3.804942025453783572e-06
3.979529083153465763e-06
4.178694780421210453e-06
4.403432285471353680e-06
4.654858003050321713e-06
4.934214757668087259e-06
5.242874976829625666e-06
5.582346602750476450e-06
5.954277639830252156e-06
6.360461611620848998e-06
6.802845291531411931e-06
7.283530067070387304e-06
7.804785127518698573e-06
8.369048373424448073e-06
8.978941878012847155e-06
9.637271432438865304e-06
1.034704109770245850e-05
1.111146048060618341e-05
1.193395110021810979e-05
1.281816821574466303e-05
1.376799718855181709e-05
1.478756530559621751e-05
1.588127270224504173e-05
1.705378053884487599e-05
1.831003828556276858e-05
1.965528463188093156e-05
2.109508568537421525e-05
2.263532223878428340e-05
2.428221887385006994e-05
2.604235123726539314e-05
2.792268242046702653e-05
2.993055022670887411e-05
3.207371628377586603e-05
3.436034967307932675e-05
3.679907604237087071e-05
3.939898670068942010e-05
4.216964953229762614e-05
4.512114901444874704e-05
4.826407894142903388e-05
5.160959335626102984e-05
5.516940291272476315e-05
5.895582944503985345e-05
6.298180960584431887e-05
6.726090214215219021e-05
7.180736429290845990e-05
7.663608994334936142e-05
8.176277333404868841e-05
8.720376354176551104e-05
9.297623182646930218e-05
9.909815707942470908e-05
1.055882967193610966e-04
1.124663103837519884e-04
1.197526871692389250e-04
1.274688838748261333e-04
1.356372667942196131e-04
1.442811626475304365e-04
1.534249458927661180e-04
1.630939514143392444e-04
1.733145763864740729e-04
1.841143821366131306e-04
1.955220213858410716e-04
2.075672382488846779e-04
2.202809555456042290e-04
2.336954057682305574e-04
2.478439419064670801e-04
2.627612557262182236e-04
2.784832613542675972e-04
2.950472699012607336e-04
3.124919021502137184e-04
3.308570303488522768e-04
3.501842438708990812e-04
3.705160925164818764e-04
3.918970178347080946e-04
4.143725673202425241e-04
4.379901220090687275e-04
4.627981106750667095e-04
4.888469120487570763e-04
5.161882145330309868e-04
5.448752199299633503e-04
5.749628762714564800e-04
6.065073539502918720e-04
6.395667442120611668e-04
6.742006517015397549e-04
7.104699034243822098e-04
7.484374218620359898e-04
7.881671772338449955e-04
8.297250024043023586e-04
8.731781854294240475e-04
9.185955277644097805e-04
9.660472278483211994e-04
1.015605288557708263e-03
1.067342585884034634e-03
1.121334033086895943e-03
1.177655300125479698e-03
1.236384036019444466e-03
1.297598471865057945e-03
1.361378468573093414e-03
1.427805051207542419e-03
1.496960408985614777e-03
1.568927080370485783e-03
1.643789582885801792e-03
1.721632317639887333e-03
1.802541431970894337e-03
1.886602491140365601e-03
1.973903272300958633e-03
2.064529573544859886e-03
2.158570336177945137e-03
2.256112638860940933e-03
2.357245422899723053e-03
2.462055068463087082e-03
2.570630284026265144e-03
2.683056984096765518e-03
2.799422712996602058e-03
2.919813385233283043e-03
3.044313983991742134e-03
3.173008095473051071e-03
3.305977908894419670e-03
3.443305380642414093e-03
3.585069440305233002e-03
3.731347154825925827e-03
3.882214194163680077e-03
4.037743434309959412e-03
4.198004025965929031e-03
4.363063257187604904e-03
4.532985389232635498e-03
4.707830492407083511e-03
4.887654911726713181e-03
5.072511266916990280e-03
5.262446124106645584e-03
5.457505583763122559e-03
5.657724104821681976e-03
5.863137077540159225e-03
6.073771044611930847e-03
6.289646029472351074e-03
6.510776933282613754e-03
6.737170275300741196e-03
6.968827918171882629e-03
7.205740548670291901e-03
7.447894662618637085e-03
7.695264182984828949e-03
7.947820238769054413e-03
8.205514401197433472e-03
8.468302898108959198e-03
8.736118674278259277e-03
9.008892811834812164e-03
9.286537766456604004e-03
9.568961337208747864e-03
9.856056421995162964e-03
1.014770474284887314e-02
1.044377218931913376e-02
1.074411533772945404e-02
1.104857306927442551e-02
1.135697215795516968e-02
1.166912261396646500e-02
1.198482234030961990e-02
1.230384875088930130e-02
1.262596808373928070e-02
1.295092608779668808e-02
1.327844895422458649e-02
1.360824704170227051e-02
1.394001953303813934e-02
1.427342556416988373e-02
1.460812985897064209e-02
1.494376175105571747e-02
1.527992729097604752e-02
1.561621949076652527e-02
1.595220528542995453e-02
1.628742739558219910e-02
1.662140712141990662e-02
1.695364154875278473e-02
1.728359796106815338e-02
1.761072315275669098e-02
1.793443411588668823e-02
1.825412921607494354e-02
1.856915652751922607e-02
1.887886226177215576e-02
1.918254606425762177e-02
1.947947777807712555e-02
1.976890489459037781e-02
2.005003392696380615e-02
2.032203972339630127e-02
2.058405987918376923e-02
2.083519846200942993e-02
2.107453532516956329e-02
2.130107395350933075e-02
2.151383087038993835e-02
2.171173132956027985e-02
2.189369499683380127e-02
2.205856516957283020e-02
2.220517024397850037e-02
2.233227901160717010e-02
2.243859320878982544e-02
2.252278104424476624e-02
2.258346974849700928e-02
2.261918783187866211e-02
2.262844890356063843e-02
2.260966226458549500e-02
2.256122604012489319e-02
2.248141914606094360e-02
2.236847952008247375e-02
2.222051844000816345e-02
2.203566208481788635e-02
2.181186899542808533e-02
2.154704555869102478e-02
2.123897522687911987e-02
2.088540047407150269e-02
2.048391848802566528e-02
2.003198117017745972e-02
1.952697709202766418e-02
1.896618306636810303e-02
1.834665983915328979e-02
1.766540110111236572e-02
1.691922917962074280e-02
1.610474660992622375e-02
1.521843299269676208e-02
1.425657793879508972e-02
1.321535557508468628e-02
1.209049299359321594e-02
1.087765768170356750e-02
9.572293609380722046e-03
8.169472217559814453e-03
6.663993000984191895e-03
5.050469189882278442e-03
3.323115408420562744e-03
1.475937664508819580e-03
-4.973039031028747559e-04
-2.602707594633102417e-03
-4.846356809139251709e-03
-7.233150303363800049e-03
-9.766582399606704712e-03
-1.244702935218811035e-02
-1.527012512087821960e-02
-1.822453737258911133e-02
-2.128903940320014954e-02
-2.443018555641174316e-02
-2.759943529963493347e-02
-3.073184564709663391e-02
-3.374657779932022095e-02
-3.654927387833595276e-02
-3.903720155358314514e-02
-4.110710695385932922e-02
-4.266421869397163391e-02
-4.363175481557846069e-02
