3.438972956442670607e-17
2.216231077909469604e-03
4.312807694077491760e-03
6.180452182888984680e-03
7.729170843958854675e-03
8.894519880414009094e-03
9.640536271035671234e-03
9.959595277905464172e-03
9.869261644780635834e-03
9.407506324350833893e-03
8.626777678728103638e-03
7.588418200612068176e-03
6.357559934258460999e-03
4.999253898859024048e-03
3.575632348656654358e-03
2.144251018762588501e-03
7.573291659355163574e-04
-5.384590476751327515e-04
-1.701944041997194290e-03
-2.696935087442398071e-03
-3.491876646876335144e-03
-4.059445112943649292e-03
-4.376186057925224304e-03
-4.422192461788654327e-03
-4.180897958576679230e-03
-3.638893365859985352e-03
-2.785783261060714722e-03
-1.614046050235629082e-03
-1.189811155200004578e-04
1.701456727460026741e-03
3.846629522740840912e-03
6.313404068350791931e-03
9.096145629882812500e-03
1.218692306429147720e-02
1.557547971606254578e-02
1.924939081072807312e-02
2.319421619176864624e-02
2.739359438419342041e-02
3.182926774024963379e-02
3.648144379258155823e-02
4.132870957255363464e-02
4.634831100702285767e-02
5.151628702878952026e-02
5.680761486291885376e-02
6.219634413719177246e-02
6.765586882829666138e-02
7.315900176763534546e-02
7.867812365293502808e-02
8.418547362089157104e-02
8.965317904949188232e-02
9.505359828472137451e-02
1.003592088818550110e-01
1.055430769920349121e-01
1.105787977576255798e-01
1.154407113790512085e-01
1.201040297746658325e-01
1.245450228452682495e-01
1.287409961223602295e-01
1.326705962419509888e-01
1.363137662410736084e-01
1.396519094705581665e-01
1.426679491996765137e-01
1.453463882207870483e-01
1.476733982563018799e-01
1.496369242668151855e-01
1.512265205383300781e-01
1.524335443973541260e-01
1.532512754201889038e-01
1.536746472120285034e-01
1.537004411220550537e-01
1.533272117376327515e-01
1.525551974773406982e-01
1.513864845037460327e-01
1.498247832059860229e-01
1.478753387928009033e-01
1.455450654029846191e-01
1.428423970937728882e-01
1.397771388292312622e-01
1.363604515790939331e-01
1.326048523187637329e-01
1.285239011049270630e-01
1.241323649883270264e-01
1.194460391998291016e-01
1.144815012812614441e-01
1.092562675476074219e-01
1.037884652614593506e-01
9.809689223766326904e-02
9.220085293054580688e-02
8.612000942230224609e-02
7.987441122531890869e-02
7.348426431417465210e-02
6.696992367506027222e-02
6.035175919532775879e-02
5.365012586116790771e-02
4.688517004251480103e-02
4.007688909769058228e-02
3.324487805366516113e-02
2.640843391418457031e-02
1.958636380732059479e-02
1.279700547456741333e-02
6.058033555746078491e-03
-6.133988499641418457e-04
-7.200837135314941406e-03
-1.368860527873039246e-02
-2.006178349256515503e-02
-2.630619332194328308e-02
-3.240852802991867065e-02
-3.835632652044296265e-02
-4.413796216249465942e-02
-4.974276199936866760e-02
-5.516093969345092773e-02
-6.038353219628334045e-02
-6.540257483720779419e-02
-7.021096348762512207e-02
-7.480252534151077271e-02
-7.917194068431854248e-02
-8.331478387117385864e-02
-8.722744882106781006e-02
-9.090724587440490723e-02
-9.435219317674636841e-02
-9.756118804216384888e-02
-1.005338728427886963e-01
-1.032705903053283691e-01
-1.057724207639694214e-01
-1.080410629510879517e-01
-1.100789308547973633e-01
-1.118889302015304565e-01
-1.134746819734573364e-01
-1.148401647806167603e-01
-1.159899458289146423e-01
-1.169290244579315186e-01
-1.176628321409225464e-01
-1.181971281766891479e-01
-1.185380667448043823e-01
-1.186920478940010071e-01
-1.186657771468162537e-01
-1.184661462903022766e-01
-1.181003451347351074e-01
-1.175756156444549561e-01
-1.168993562459945679e-01
-1.160791218280792236e-01
-1.151224374771118164e-01
-1.140369474887847900e-01
-1.128302812576293945e-01
-1.115100383758544922e-01
-1.100837811827659607e-01
-1.085590347647666931e-01
-1.069432273507118225e-01
-1.052436530590057373e-01
-1.034675315022468567e-01
-1.016218811273574829e-01
-9.971363097429275513e-02
-9.774949401617050171e-02
-9.573600441217422485e-02
-9.367950260639190674e-02
-9.158612787723541260e-02
-8.946180343627929688e-02
-8.731222897768020630e-02
-8.514289557933807373e-02
-8.295901119709014893e-02
-8.076561242341995239e-02
-7.856745272874832153e-02
-7.636903226375579834e-02
-7.417468726634979248e-02
-7.198841124773025513e-02
-6.981401145458221436e-02
-6.765507161617279053e-02
-6.551490724086761475e-02
-6.339661777019500732e-02
-6.130308285355567932e-02
-5.923692882061004639e-02
-5.720059573650360107e-02
-5.519630014896392822e-02
-5.322604626417160034e-02
-5.129164457321166992e-02
-4.939470812678337097e-02
-4.753666743636131287e-02
-4.571878537535667419e-02
-4.394213110208511353e-02
-4.220760986208915710e-02
-4.051598906517028809e-02
-3.886787965893745422e-02
-3.726374730467796326e-02
-3.570391610264778137e-02
-3.418860584497451782e-02
-3.271788358688354492e-02
-3.129174932837486267e-02
-2.991005778312683105e-02
-2.857259102165699005e-02
-2.727903053164482117e-02
-2.602898702025413513e-02
-2.482197619974613190e-02
-2.365745045244693756e-02
-2.253481000661849976e-02
-2.145338803529739380e-02
-2.041245810687541962e-02
-1.941125839948654175e-02
-1.844898238778114319e-02
-1.752479001879692078e-02
-1.663780771195888519e-02
-1.578712835907936096e-02
-1.497183460742235184e-02
-1.419098209589719772e-02
-1.344361435621976852e-02
-1.272876653820276260e-02
-1.204545889049768448e-02
-1.139271911233663559e-02
-1.076956000179052353e-02
-1.017500367015600204e-02
-9.608075954020023346e-03
-9.067803621292114258e-03
-8.553227409720420837e-03
-8.063391782343387604e-03
-7.597357034683227539e-03
-7.154195103794336319e-03
-6.732990965247154236e-03
-6.332847289741039276e-03
-5.952881183475255966e-03
-5.592228844761848450e-03
-5.250042770057916641e-03
-4.925495479255914688e-03
-4.617778118699789047e-03
-4.326100461184978485e-03
-4.049693234264850616e-03
-3.787806723266839981e-03
-3.539709607139229774e-03
-3.304691752418875694e-03
-3.082061652094125748e-03
-2.871148288249969482e-03
-2.671297639608383179e-03
-2.481876173987984657e-03
-2.302268054336309433e-03
-2.131873508915305138e-03
-1.970111858099699020e-03
-1.816417789086699486e-03
-1.670242287218570709e-03
-1.531050540506839752e-03
-1.398323336616158485e-03
-1.271553453989326954e-03
-1.150247757323086262e-03
-1.033924403600394726e-03
-9.221121435984969139e-04
-8.143507293425500393e-04
-7.101885275915265083e-04
-6.091824616305530071e-04
-5.108966724947094917e-04
-4.149017040617763996e-04
-3.207738045603036880e-04
-2.280932385474443436e-04
-1.364440977340564132e-04
-4.541277303360402584e-05
4.541277303360402584e-05
1.364440977340564132e-04
2.280932385474443436e-04
3.207738045603036880e-04
4.149017040617763996e-04
5.108966724947094917e-04
6.091824616305530071e-04
7.101885275915265083e-04
8.143507293425500393e-04
9.221121435984969139e-04
1.033924403600394726e-03
1.150247757323086262e-03
1.271553453989326954e-03
1.398323336616158485e-03
1.531050540506839752e-03
1.670242287218570709e-03
1.816417789086699486e-03
1.970111858099699020e-03
2.131873508915305138e-03
2.302268054336309433e-03
2.481876173987984657e-03
2.671297639608383179e-03
2.871148288249969482e-03
3.082061652094125748e-03
3.304691752418875694e-03
3.539709607139229774e-03
3.787806723266839981e-03
4.049693234264850616e-03
4.326100461184978485e-03
4.617778118699789047e-03
4.925495479255914688e-03
5.250042770057916641e-03
5.592228844761848450e-03
5.952881183475255966e-03
6.332847289741039276e-03
6.732990965247154236e-03
7.154195103794336319e-03
7.597357034683227539e-03
8.063391782343387604e-03
8.553227409720420837e-03
9.067803621292114258e-03
9.608075954020023346e-03
1.017500367015600204e-02
1.076956000179052353e-02
1.139271911233663559e-02
1.204545889049768448e-02
1.272876653820276260e-02
1.344361435621976852e-02
1.419098209589719772e-02
1.497183460742235184e-02
1.578712835907936096e-02
1.663780771195888519e-02
1.752479001879692078e-02
1.844898238778114319e-02
1.941125839948654175e-02
2.041245810687541962e-02
2.145338803529739380e-02
2.253481000661849976e-02
2.365745045244693756e-02
2.482197619974613190e-02
2.602898702025413513e-02
2.727903053164482117e-02
2.857259102165699005e-02
2.991005778312683105e-02
3.129174932837486267e-02
3.271788358688354492e-02
3.418860584497451782e-02
3.570391610264778137e-02
3.726374730467796326e-02
3.886787965893745422e-02
4.051598906517028809e-02
4.220760986208915710e-02
4.394213110208511353e-02
4.571878537535667419e-02
4.753666743636131287e-02
4.939470812678337097e-02
5.129164457321166992e-02
5.322604626417160034e-02
5.519630014896392822e-02
5.720059573650360107e-02
5.923692882061004639e-02
6.130308285355567932e-02
6.339661777019500732e-02
6.551490724086761475e-02
6.765507161617279053e-02
6.981401145458221436e-02
7.198841124773025513e-02
7.417468726634979248e-02
7.636903226375579834e-02
7.856745272874832153e-02
8.076561242341995239e-02
8.295901119709014893e-02
8.514289557933807373e-02
8.731222897768020630e-02
8.946180343627929688e-02
9.158612787723541260e-02
9.367950260639190674e-02
9.573600441217422485e-02
9.774949401617050171e-02
9.971363097429275513e-02
1.016218811273574829e-01
1.034675315022468567e-01
1.052436530590057373e-01
1.069432273507118225e-01
1.085590347647666931e-01
1.100837811827659607e-01
1.115100383758544922e-01
1.128302812576293945e-01
1.140369474887847900e-01
1.151224374771118164e-01
1.160791218280792236e-01
1.168993562459945679e-01
1.175756156444549561e-01
1.181003451347351074e-01
1.184661462903022766e-01
1.186657771468162537e-01
1.186920478940010071e-01
1.185380667448043823e-01
1.181971281766891479e-01
1.176628321409225464e-01
1.169290244579315186e-01
1.159899458289146423e-01
1.148401647806167603e-01
1.134746819734573364e-01
1.118889302015304565e-01
1.100789308547973633e-01
1.080410629510879517e-01
1.057724207639694214e-01
1.032705903053283691e-01
1.005338728427886963e-01
9.756118804216384888e-02
9.435219317674636841e-02
9.090724587440490723e-02
8.722744882106781006e-02
8.331478387117385864e-02
7.917194068431854248e-02
7.480252534151077271e-02
7.021096348762512207e-02
6.540257483720779419e-02
6.038353219628334045e-02
5.516093969345092773e-02
4.974276199936866760e-02
4.413796216249465942e-02
3.835632652044296265e-02
3.240852802991867065e-02
2.630619332194328308e-02
2.006178349256515503e-02
1.368860527873039246e-02
7.200837135314941406e-03
6.133988499641418457e-04
-6.058033555746078491e-03
-1.279700547456741333e-02
-1.958636380732059479e-02
-2.640843391418457031e-02
-3.324487805366516113e-02
-4.007688909769058228e-02
-4.688517004251480103e-02
-5.365012586116790771e-02
-6.035175919532775879e-02
-6.696992367506027222e-02
-7.348426431417465210e-02
-7.987441122531890869e-02
-8.612000942230224609e-02
-9.220085293054580688e-02
-9.809689223766326904e-02
-1.037884652614593506e-01
-1.092562675476074219e-01
-1.144815012812614441e-01
-1.194460391998291016e-01
-1.241323649883270264e-01
-1.285239011049270630e-01
-1.326048523187637329e-01
-1.363604515790939331e-01
-1.397771388292312622e-01
-1.428423970937728882e-01
-1.455450654029846191e-01
-1.478753387928009033e-01
-1.498247832059860229e-01
-1.513864845037460327e-01
-1.525551974773406982e-01
-1.533272117376327515e-01
-1.537004411220550537e-01
-1.536746472120285034e-01
-1.532512754201889038e-01
-1.524335443973541260e-01
-1.512265205383300781e-01
-1.496369242668151855e-01
-1.476733982563018799e-01
-1.453463882207870483e-01
-1.426679491996765137e-01
-1.396519094705581665e-01
-1.363137662410736084e-01
-1.326705962419509888e-01
-1.287409961223602295e-01
-1.245450228452682495e-01
-1.201040297746658325e-01
-1.154407113790512085e-01
-1.105787977576255798e-01
-1.055430769920349121e-01
-1.003592088818550110e-01
-9.505359828472137451e-02
-8.965317904949188232e-02
-8.418547362089157104e-02
-7.867812365293502808e-02
-7.315900176763534546e-02
-6.765586882829666138e-02
-6.219634413719177246e-02
-5.680761486291885376e-02
-5.151628702878952026e-02
-4.634831100702285767e-02
-4.132870957255363464e-02
-3.648144379258155823e-02
-3.182926774024963379e-02
-2.739359438419342041e-02
-2.319421619176864624e-02
-1.924939081072807312e-02
-1.557547971606254578e-02
-1.218692306429147720e-02
-9.096145629882812500e-03
-6.313404068350791931e-03
-3.846629522740840912e-03
-1.701456727460026741e-03
1.189811155200004578e-04
1.614046050235629082e-03
2.785783261060714722e-03
3.638893365859985352e-03
4.180897958576679230e-03
4.422192461788654327e-03
4.376186057925224304e-03
4.059445112943649292e-03
3.491876646876335144e-03
2.696935087442398071e-03
1.701944041997194290e-03
5.384590476751327515e-04
-7.573291659355163574e-04
-2.144251018762588501e-03
-3.575632348656654358e-03
-4.999253898859024048e-03
-6.357559934258460999e-03
-7.588418200612068176e-03
-8.626777678728103638e-03
-9.407506324350833893e-03
-9.869261644780635834e-03
-9.959595277905464172e-03
-9.640536271035671234e-03
-8.894519880414009094e-03
-7.729170843958854675e-03
-6.180452182888984680e-03
-4.312807694077491760e-03
-2.216231077909469604e-03
3.438972956442670607e-17
2.216231077909469604e-03
4.312807694077491760e-03
6.180452182888984680e-03
7.729170843958854675e-03
8.894519880414009094e-03
9.640536271035671234e-03
9.959595277905464172e-03
9.869261644780635834e-03
9.407506324350833893e-03
8.626777678728103638e-03
7.588418200612068176e-03
6.357559934258460999e-03
4.999253898859024048e-03
3.575632348656654358e-03
2.144251018762588501e-03
7.573291659355163574e-04
-5.384590476751327515e-04
-1.701944041997194290e-03
-2.696935087442398071e-03
-3.491876646876335144e-03
-4.059445112943649292e-03
-4.376186057925224304e-03
-4.422192461788654327e-03
-4.180897958576679230e-03
-3.638893365859985352e-03
-2.785783261060714722e-03
-1.614046050235629082e-03
-1.189811155200004578e-04
1.701456727460026741e-03
3.846629522740840912e-03
6.313404068350791931e-03
9.096145629882812500e-03
1.218692306429147720e-02
1.557547971606254578e-02
1.924939081072807312e-02
2.319421619176864624e-02
2.739359438419342041e-02
3.182926774024963379e-02
3.648144379258155823e-02
4.132870957255363464e-02
4.634831100702285767e-02
5.151628702878952026e-02
5.680761486291885376e-02
6.219634413719177246e-02
6.765586882829666138e-02
7.315900176763534546e-02
7.867812365293502808e-02
8.418547362089157104e-02
8.965317904949188232e-02
9.505359828472137451e-02
1.003592088818550110e-01
1.055430769920349121e-01
1.105787977576255798e-01
1.154407113790512085e-01
1.201040297746658325e-01
1.245450228452682495e-01
1.287409961223602295e-01
1.326705962419509888e-01
1.363137662410736084e-01
1.396519094705581665e-01
1.426679491996765137e-01
1.453463882207870483e-01
1.476733982563018799e-01
1.496369242668151855e-01
1.512265205383300781e-01
1.524335443973541260e-01
1.532512754201889038e-01
1.536746472120285034e-01
1.537004411220550537e-01
1.533272117376327515e-01
1.525551974773406982e-01
1.513864845037460327e-01
1.498247832059860229e-01
1.478753387928009033e-01
1.455450654029846191e-01
1.428423970937728882e-01
1.397771388292312622e-01
1.363604515790939331e-01
1.326048523187637329e-01
1.285239011049270630e-01
1.241323649883270264e-01
1.194460391998291016e-01
1.144815012812614441e-01
1.092562675476074219e-01
1.037884652614593506e-01
9.809689223766326904e-02
9.220085293054580688e-02
8.612000942230224609e-02
7.987441122531890869e-02
7.348426431417465210e-02
6.696992367506027222e-02
6.035175919532775879e-02
5.365012586116790771e-02
4.688517004251480103e-02
4.007688909769058228e-02
3.324487805366516113e-02
2.640843391418457031e-02
1.958636380732059479e-02
1.279700547456741333e-02
6.058033555746078491e-03
-6.133988499641418457e-04
-7.200837135314941406e-03
-1.368860527873039246e-02
-2.006178349256515503e-02
-2.630619332194328308e-02
-3.240852802991867065e-02
-3.835632652044296265e-02
-4.413796216249465942e-02
-4.974276199936866760e-02
-5.516093969345092773e-02
-6.038353219628334045e-02
-6.540257483720779419e-02
-7.021096348762512207e-02
-7.480252534151077271e-02
-7.917194068431854248e-02
-8.331478387117385864e-02
-8.722744882106781006e-02
-9.090724587440490723e-02
-9.435219317674636841e-02
-9.756118804216384888e-02
-1.005338728427886963e-01
-1.032705903053283691e-01
-1.057724207639694214e-01
-1.080410629510879517e-01
-1.100789308547973633e-01
-1.118889302015304565e-01
-1.134746819734573364e-01
-1.148401647806167603e-01
-1.159899458289146423e-01
-1.169290244579315186e-01
-1.176628321409225464e-01
-1.181971281766891479e-01
-1.185380667448043823e-01
-1.186920478940010071e-01
-1.186657771468162537e-01
-1.184661462903022766e-01
-1.181003451347351074e-01
-1.175756156444549561e-01
-1.168993562459945679e-01
-1.160791218280792236e-01
-1.151224374771118164e-01
-1.140369474887847900e-01
-1.128302812576293945e-01
-1.115100383758544922e-01
-1.100837811827659607e-01
-1.085590347647666931e-01
-1.069432273507118225e-01
-1.052436530590057373e-01
-1.034675315022468567e-01
-1.016218811273574829e-01
-9.971363097429275513e-02
-9.774949401617050171e-02
-9.573600441217422485e-02
-9.367950260639190674e-02
-9.158612787723541260e-02
-8.946180343627929688e-02
-8.731222897768020630e-02
-8.514289557933807373e-02
-8.295901119709014893e-02
-8.076561242341995239e-02
-7.856745272874832153e-02
-7.636903226375579834e-02
-7.417468726634979248e-02
-7.198841124773025513e-02
-6.981401145458221436e-02
-6.765507161617279053e-02
-6.551490724086761475e-02
-6.339661777019500732e-02
-6.130308285355567932e-02
-5.923692882061004639e-02
-5.720059573650360107e-02
-5.519630014896392822e-02
-5.322604626417160034e-02
-5.129164457321166992e-02
-4.939470812678337097e-02
-4.753666743636131287e-02
-4.571878537535667419e-02
-4.394213110208511353e-02
-4.220760986208915710e-02
-4.051598906517028809e-02
-3.886787965893745422e-02
-3.726374730467796326e-02
-3.570391610264778137e-02
-3.418860584497451782e-02
-3.271788358688354492e-02
-3.129174932837486267e-02
-2.991005778312683105e-02
-2.857259102165699005e-02
-2.727903053164482117e-02
-2.602898702025413513e-02
-2.482197619974613190e-02
-2.365745045244693756e-02
-2.253481000661849976e-02
-2.145338803529739380e-02
-2.041245810687541962e-02
-1.941125839948654175e-02
-1.844898238778114319e-02
-1.752479001879692078e-02
-1.663780771195888519e-02
-1.578712835907936096e-02
-1.497183460742235184e-02
-1.419098209589719772e-02
-1.344361435621976852e-02
-1.272876653820276260e-02
-1.204545889049768448e-02
-1.139271911233663559e-02
-1.076956000179052353e-02
-1.017500367015600204e-02
-9.608075954020023346e-03
-9.067803621292114258e-03
-8.553227409720420837e-03
-8.063391782343387604e-03
-7.597357034683227539e-03
-7.154195103794336319e-03
-6.732990965247154236e-03
-6.332847289741039276e-03
-5.952881183475255966e-03
-5.592228844761848450e-03
-5.250042770057916641e-03
-4.925495479255914688e-03
-4.617778118699789047e-03
-4.326100461184978485e-03
-4.049693234264850616e-03
-3.787806723266839981e-03
-3.539709607139229774e-03
-3.304691752418875694e-03
-3.082061652094125748e-03
-2.871148288249969482e-03
-2.671297639608383179e-03
-2.481876173987984657e-03
-2.302268054336309433e-03
-2.131873508915305138e-03
-1.970111858099699020e-03
-1.816417789086699486e-03
-1.670242287218570709e-03
-1.531050540506839752e-03
-1.398323336616158485e-03
-1.271553453989326954e-03
-1.150247757323086262e-03
-1.033924403600394726e-03
-9.221121435984969139e-04
-8.143507293425500393e-04
-7.101885275915265083e-04
-6.091824616305530071e-04
-5.108966724947094917e-04
-4.149017040617763996e-04
-3.207738045603036880e-04
-2.280932385474443436e-04
-1.364440977340564132e-04
-4.541277303360402584e-05
4.541277303360402584e-05
1.364440977340564132e-04
2.280932385474443436e-04
3.207738045603036880e-04
4.149017040617763996e-04
5.108966724947094917e-04
6.091824616305530071e-04
7.101885275915265083e-04
8.143507293425500393e-04
9.221121435984969139e-04
1.033924403600394726e-03
1.150247757323086262e-03
1.271553453989326954e-03
1.398323336616158485e-03
1.531050540506839752e-03
1.670242287218570709e-03
1.816417789086699486e-03
1.970111858099699020e-03
2.131873508915305138e-03
2.302268054336309433e-03
2.481876173987984657e-03
2.671297639608383179e-03
2.871148288249969482e-03
3.082061652094125748e-03
3.304691752418875694e-03
3.539709607139229774e-03
3.787806723266839981e-03
4.049693234264850616e-03
4.326100461184978485e-03
4.617778118699789047e-03
4.925495479255914688e-03
5.250042770057916641e-03
5.592228844761848450e-03
5.952881183475255966e-03
6.332847289741039276e-03
6.732990965247154236e-03
7.154195103794336319e-03
7.597357034683227539e-03
8.063391782343387604e-03
8.553227409720420837e-03
9.067803621292114258e-03
9.608075954020023346e-03
1.017500367015600204e-02
1.076956000179052353e-02
1.139271911233663559e-02
1.204545889049768448e-02
1.272876653820276260e-02
1.344361435621976852e-02
1.419098209589719772e-02
1.497183460742235184e-02
1.578712835907936096e-02
1.663780771195888519e-02
1.752479001879692078e-02
1.844898238778114319e-02
1.941125839948654175e-02
2.041245810687541962e-02
2.145338803529739380e-02
2.253481000661849976e-02
2.365745045244693756e-02
2.482197619974613190e-02
2.602898702025413513e-02
2.727903053164482117e-02
2.857259102165699005e-02
2.991005778312683105e-02
3.129174932837486267e-02
3.271788358688354492e-02
3.418860584497451782e-02
3.570391610264778137e-02
3.726374730467796326e-02
3.886787965893745422e-02
4.051598906517028809e-02
4.220760986208915710e-02
4.394213110208511353e-02
4.571878537535667419e-02
4.753666743636131287e-02
4.939470812678337097e-02
5.129164457321166992e-02
5.322604626417160034e-02
5.519630014896392822e-02
5.720059573650360107e-02
5.923692882061004639e-02
6.130308285355567932e-02
6.339661777019500732e-02
6.551490724086761475e-02
6.765507161617279053e-02
6.981401145458221436e-02
7.198841124773025513e-02
7.417468726634979248e-02
7.636903226375579834e-02
7.856745272874832153e-02
8.076561242341995239e-02
8.295901119709014893e-02
8.514289557933807373e-02
8.731222897768020630e-02
8.946180343627929688e-02
9.158612787723541260e-02
9.367950260639190674e-02
9.573600441217422485e-02
9.774949401617050171e-02
9.971363097429275513e-02
1.016218811273574829e-01
1.034675315022468567e-01
1.052436530590057373e-01
1.069432273507118225e-01
1.085590347647666931e-01
1.100837811827659607e-01
1.115100383758544922e-01
1.128302812576293945e-01
1.140369474887847900e-01
1.151224374771118164e-01
1.160791218280792236e-01
1.168993562459945679e-01
1.175756156444549561e-01
1.181003451347351074e-01
1.184661462903022766e-01
1.186657771468162537e-01
1.186920478940010071e-01
1.185380667448043823e-01
1.181971281766891479e-01
1.176628321409225464e-01
1.169290244579315186e-01
1.159899458289146423e-01
1.148401647806167603e-01
1.134746819734573364e-01
1.118889302015304565e-01
1.100789308547973633e-01
1.080410629510879517e-01
1.057724207639694214e-01
1.032705903053283691e-01
1.005338728427886963e-01
9.756118804216384888e-02
9.435219317674636841e-02
9.090724587440490723e-02
8.722744882106781006e-02
8.331478387117385864e-02
7.917194068431854248e-02
7.480252534151077271e-02
7.021096348762512207e-02
6.540257483720779419e-02
6.038353219628334045e-02
5.516093969345092773e-02
4.974276199936866760e-02
4.413796216249465942e-02
3.835632652044296265e-02
3.240852802991867065e-02
2.630619332194328308e-02
2.006178349256515503e-02
1.368860527873039246e-02
7.200837135314941406e-03
6.133988499641418457e-04
-6.058033555746078491e-03
-1.279700547456741333e-02
-1.958636380732059479e-02
-2.640843391418457031e-02
-3.324487805366516113e-02
-4.007688909769058228e-02
-4.688517004251480103e-02
-5.365012586116790771e-02
-6.035175919532775879e-02
-6.696992367506027222e-02
-7.348426431417465210e-02
-7.987441122531890869e-02
-8.612000942230224609e-02
-9.220085293054580688e-02
-9.809689223766326904e-02
-1.037884652614593506e-01
-1.092562675476074219e-01
-1.144815012812614441e-01
-1.194460391998291016e-01
-1.241323649883270264e-01
-1.285239011049270630e-01
-1.326048523187637329e-01
-1.363604515790939331e-01
-1.397771388292312622e-01
-1.428423970937728882e-01
-1.455450654029846191e-01
-1.478753387928009033e-01
-1.498247832059860229e-01
-1.513864845037460327e-01
-1.525551974773406982e-01
-1.533272117376327515e-01
-1.537004411220550537e-01
-1.536746472120285034e-01
-1.532512754201889038e-01
-1.524335443973541260e-01
-1.512265205383300781e-01
-1.496369242668151855e-01
-1.476733982563018799e-01
-1.453463882207870483e-01
-1.426679491996765137e-01
-1.396519094705581665e-01
-1.363137662410736084e-01
-1.326705962419509888e-01
-1.287409961223602295e-01
-1.245450228452682495e-01
-1.201040297746658325e-01
-1.154407113790512085e-01
-1.105787977576255798e-01
-1.055430769920349121e-01
-1.003592088818550110e-01
-9.505359828472137451e-02
-8.965317904949188232e-02
-8.418547362089157104e-02
-7.867812365293502808e-02
-7.315900176763534546e-02
-6.765586882829666138e-02
-6.219634413719177246e-02
-5.680761486291885376e-02
-5.151628702878952026e-02
-4.634831100702285767e-02
-4.132870957255363464e-02
-3.648144379258155823e-02
-3.182926774024963379e-02
-2.739359438419342041e-02
-2.319421619176864624e-02
-1.924939081072807312e-02
-1.557547971606254578e-02
-1.218692306429147720e-02
-9.096145629882812500e-03
-6.313404068350791931e-03
-3.846629522740840912e-03
-1.701456727460026741e-03
1.189811155200004578e-04
1.614046050235629082e-03
2.785783261060714722e-03
3.638893365859985352e-03
4.180897958576679230e-03
4.422192461788654327e-03
4.376186057925224304e-03
4.059445112943649292e-03
3.491876646876335144e-03
2.696935087442398071e-03
1.701944041997194290e-03
5.384590476751327515e-04
-7.573291659355163574e-04
-2.144251018762588501e-03
-3.575632348656654358e-03
-4.999253898859024048e-03
-6.357559934258460999e-03
-7.588418200612068176e-03
-8.626777678728103638e-03
-9.407506324350833893e-03
-9.869261644780635834e-03
-9.959595277905464172e-03
-9.640536271035671234e-03
-8.894519880414009094e-03
-7.729170843958854675e-03
-6.180452182888984680e-03
-4.312807694077491760e-03
-2.216231077909469604e-03
