-4.438651683947429349e-19
-8.248053491115570068e-04
-1.754239201545715332e-03
-2.882028464227914810e-03
-4.282040521502494812e-03
-6.002817302942276001e-03
-8.066079579293727875e-03
-1.046901941299438477e-02
-1.318932697176933289e-02
-1.619142666459083557e-02
-1.943270675837993622e-02
-2.286889962852001190e-02
-2.645767293870449066e-02
-3.016070090234279633e-02
-3.394459187984466553e-02
-3.778064250946044922e-02
-4.164405167102813721e-02
-4.551339894533157349e-02
-4.936959594488143921e-02
-5.319534987211227417e-02
-5.697466805577278137e-02
-6.069268658757209778e-02
-6.433527171611785889e-02
-6.788910925388336182e-02
-7.134154438972473145e-02
-7.468071579933166504e-02
-7.789535075426101685e-02
-8.097489923238754272e-02
-8.390947431325912476e-02
-8.669003844261169434e-02
-8.930819481611251831e-02
-9.175617247819900513e-02
-9.402705729007720947e-02
-9.611461311578750610e-02
-9.801329672336578369e-02
-9.971842169761657715e-02
-1.012258827686309814e-01
-1.025323122739791870e-01
-1.036350727081298828e-01
-1.045322567224502563e-01
-1.052226126194000244e-01
-1.057055518031120300e-01
-1.059811562299728394e-01
-1.060501411557197571e-01
-1.059138849377632141e-01
-1.055743321776390076e-01
-1.050340384244918823e-01
-1.042961105704307556e-01
-1.033642143011093140e-01
-1.022424846887588501e-01
-1.009356305003166199e-01
-9.944876283407211304e-02
-9.778746962547302246e-02
-9.595771878957748413e-02
-9.396588057279586792e-02
-9.181870520114898682e-02
-8.952319622039794922e-02
-8.708672225475311279e-02
-8.451688289642333984e-02
-8.182154595851898193e-02
-7.900875806808471680e-02
-7.608669996261596680e-02
-7.306376099586486816e-02
-6.994842737913131714e-02
-6.674924492835998535e-02
-6.347483396530151367e-02
-6.013385206460952759e-02
-5.673492699861526489e-02
-5.328666418790817261e-02
-4.979765042662620544e-02
-4.627632722258567810e-02
-4.273108765482902527e-02
-3.917017951607704163e-02
-3.560165315866470337e-02
-3.203346952795982361e-02
-2.847334928810596466e-02
-2.492877654731273651e-02
-2.140709012746810913e-02
-1.791527122259140015e-02
-1.446014177054166794e-02
-1.104820147156715393e-02
-7.685656659305095673e-03
-4.378451965749263763e-03
-1.132203266024589539e-03
2.047795802354812622e-03
5.156552419066429138e-03
8.189402520656585693e-03
1.114200521260499954e-02
1.401041448116302490e-02
1.679090410470962524e-02
1.948018372058868408e-02
2.207525819540023804e-02
2.457347139716148376e-02
2.697245404124259949e-02
2.927024848759174347e-02
3.146513551473617554e-02
3.355574980378150940e-02
3.554103523492813110e-02
3.742019087076187134e-02
3.919277340173721313e-02
4.085860401391983032e-02
4.241771996021270752e-02
4.387049376964569092e-02
4.521748423576354980e-02
4.645957052707672119e-02
4.759778082370758057e-02
4.863340780138969421e-02
4.956793040037155151e-02
5.040303245186805725e-02
5.114058032631874084e-02
5.178257822990417480e-02
5.233122035861015320e-02
5.278882011771202087e-02
5.315783619880676270e-02
5.344083160161972046e-02
5.364049598574638367e-02
5.375958979129791260e-02
5.380096286535263062e-02
5.376753956079483032e-02
5.366228520870208740e-02
5.348824337124824524e-02
5.324846133589744568e-02
5.294603481888771057e-02
5.258407443761825562e-02
5.216567590832710266e-02
5.169395357370376587e-02
5.117202177643775940e-02
5.060293525457382202e-02
4.998977482318878174e-02
4.933552443981170654e-02
4.864318668842315674e-02
4.791567847132682800e-02
4.715588688850402832e-02
4.636662453413009644e-02
4.555064067244529724e-02
4.471061751246452332e-02
4.384918510913848877e-02
4.296886920928955078e-02
4.207213222980499268e-02
4.116134345531463623e-02
4.023879766464233398e-02
3.930670395493507385e-02
3.836717456579208374e-02
3.742223605513572693e-02
3.647383674979209900e-02
3.552381694316864014e-02
3.457393869757652283e-02
3.362585976719856262e-02
3.268117457628250122e-02
3.174133971333503723e-02
3.080777451395988464e-02
2.988178282976150513e-02
2.896458283066749573e-02
2.805731259286403656e-02
2.716103382408618927e-02
2.627671509981155396e-02
2.540524490177631378e-02
2.454744279384613037e-02
2.370404638350009918e-02
2.287572994828224182e-02
2.206308022141456604e-02
2.126663923263549805e-02
2.048685587942600250e-02
1.972414739429950714e-02
1.897883974015712738e-02
1.825122907757759094e-02
1.754153706133365631e-02
1.684994623064994812e-02
1.617657765746116638e-02
1.552151609212160110e-02
1.488479692488908768e-02
1.426641829311847687e-02
1.366633083671331406e-02
1.308445911854505539e-02
1.252068765461444855e-02
1.197487395256757736e-02
1.144683826714754105e-02
1.093638222664594650e-02
1.044328045099973679e-02
9.967284277081489563e-03
9.508122690021991730e-03
9.065510705113410950e-03
8.639144711196422577e-03
8.228704333305358887e-03
7.833859883248806000e-03
7.454268634319305420e-03
7.089578546583652496e-03
6.739429663866758347e-03
6.403455510735511780e-03
6.081283558160066605e-03
5.772539414465427399e-03
5.476843565702438354e-03
5.193815100938081741e-03
4.923073109239339828e-03
4.664239007979631424e-03
4.416931886225938797e-03
4.180775489658117294e-03
3.955394495278596878e-03
3.740420565009117126e-03
3.535486292093992233e-03
3.340231487527489662e-03
3.154298523440957069e-03
2.977338852360844612e-03
2.809008350595831871e-03
2.648969879373908043e-03
2.496893284842371941e-03
2.352457027882337570e-03
2.215344458818435669e-03
2.085248939692974091e-03
1.961871050298213959e-03
1.844918122515082359e-03
1.734107034280896187e-03
1.629163045436143875e-03
1.529817585833370686e-03
1.435812446288764477e-03
1.346896402537822723e-03
1.262826262973248959e-03
1.183366752229630947e-03
1.108291326090693474e-03
1.037380308844149113e-03
9.704220574349164963e-04
9.072124375961720943e-04
8.475544746033847332e-04
7.912583532743155956e-04
7.381417672149837017e-04
6.880282307974994183e-04
6.407487089745700359e-04
5.961401038803160191e-04
5.540455458685755730e-04
5.143141606822609901e-04
4.768005746882408857e-04
4.413650895003229380e-04
4.078730125911533833e-04
3.761948028113692999e-04
3.462055174168199301e-04
3.177847538609057665e-04
2.908162423409521580e-04
2.651877875905483961e-04
2.407907450105994940e-04
2.175201079808175564e-04
1.952739694388583302e-04
1.739534200169146061e-04
1.534621551400050521e-04
1.337063586106523871e-04
1.145944333984516561e-04
9.603660873835906386e-05
7.794486737111583352e-05
6.023251626174896955e-05
4.281406654627062380e-05
2.560490247560665011e-05
8.521057679899968207e-06
-8.521057679899968207e-06
-2.560490247560665011e-05
-4.281406654627062380e-05
-6.023251626174896955e-05
-7.794486737111583352e-05
-9.603660873835906386e-05
-1.145944333984516561e-04
-1.337063586106523871e-04
-1.534621551400050521e-04
-1.739534200169146061e-04
-1.952739694388583302e-04
-2.175201079808175564e-04
-2.407907450105994940e-04
-2.651877875905483961e-04
-2.908162423409521580e-04
-3.177847538609057665e-04
-3.462055174168199301e-04
-3.761948028113692999e-04
-4.078730125911533833e-04
-4.413650895003229380e-04
-4.768005746882408857e-04
-5.143141606822609901e-04
-5.540455458685755730e-04
-5.961401038803160191e-04
-6.407487089745700359e-04
-6.880282307974994183e-04
-7.381417672149837017e-04
-7.912583532743155956e-04
-8.475544746033847332e-04
-9.072124375961720943e-04
-9.704220574349164963e-04
-1.037380308844149113e-03
-1.108291326090693474e-03
-1.183366752229630947e-03
-1.262826262973248959e-03
-1.346896402537822723e-03
-1.435812446288764477e-03
-1.529817585833370686e-03
-1.629163045436143875e-03
-1.734107034280896187e-03
-1.844918122515082359e-03
-1.961871050298213959e-03
-2.085248939692974091e-03
-2.215344458818435669e-03
-2.352457027882337570e-03
-2.496893284842371941e-03
-2.648969879373908043e-03
-2.809008350595831871e-03
-2.977338852360844612e-03
-3.154298523440957069e-03
-3.340231487527489662e-03
-3.535486292093992233e-03
-3.740420565009117126e-03
-3.955394495278596878e-03
-4.180775489658117294e-03
-4.416931886225938797e-03
-4.664239007979631424e-03
-4.923073109239339828e-03
-5.193815100938081741e-03
-5.476843565702438354e-03
-5.772539414465427399e-03
-6.081283558160066605e-03
-6.403455510735511780e-03
-6.739429663866758347e-03
-7.089578546583652496e-03
-7.454268634319305420e-03
-7.833859883248806000e-03
-8.228704333305358887e-03
-8.639144711196422577e-03
-9.065510705113410950e-03
-9.508122690021991730e-03
-9.967284277081489563e-03
-1.044328045099973679e-02
-1.093638222664594650e-02
-1.144683826714754105e-02
-1.197487395256757736e-02
-1.252068765461444855e-02
-1.308445911854505539e-02
-1.366633083671331406e-02
-1.426641829311847687e-02
-1.488479692488908768e-02
-1.552151609212160110e-02
-1.617657765746116638e-02
-1.684994623064994812e-02
-1.754153706133365631e-02
-1.825122907757759094e-02
-1.897883974015712738e-02
-1.972414739429950714e-02
-2.048685587942600250e-02
-2.126663923263549805e-02
-2.206308022141456604e-02
-2.287572994828224182e-02
-2.370404638350009918e-02
-2.454744279384613037e-02
-2.540524490177631378e-02
-2.627671509981155396e-02
-2.716103382408618927e-02
-2.805731259286403656e-02
-2.896458283066749573e-02
-2.988178282976150513e-02
-3.080777451395988464e-02
-3.174133971333503723e-02
-3.268117457628250122e-02
-3.362585976719856262e-02
-3.457393869757652283e-02
-3.552381694316864014e-02
-3.647383674979209900e-02
-3.742223605513572693e-02
-3.836717456579208374e-02
-3.930670395493507385e-02
-4.023879766464233398e-02
-4.116134345531463623e-02
-4.207213222980499268e-02
-4.296886920928955078e-02
-4.384918510913848877e-02
-4.471061751246452332e-02
-4.555064067244529724e-02
-4.636662453413009644e-02
-4.715588688850402832e-02
-4.791567847132682800e-02
-4.864318668842315674e-02
-4.933552443981170654e-02
-4.998977482318878174e-02
-5.060293525457382202e-02
-5.117202177643775940e-02
-5.169395357370376587e-02
-5.216567590832710266e-02
-5.258407443761825562e-02
-5.294603481888771057e-02
-5.324846133589744568e-02
-5.348824337124824524e-02
-5.366228520870208740e-02
-5.376753956079483032e-02
-5.380096286535263062e-02
-5.375958979129791260e-02
-5.364049598574638367e-02
-5.344083160161972046e-02
-5.315783619880676270e-02
-5.278882011771202087e-02
-5.233122035861015320e-02
-5.178257822990417480e-02
-5.114058032631874084e-02
-5.040303245186805725e-02
-4.956793040037155151e-02
-4.863340780138969421e-02
-4.759778082370758057e-02
-4.645957052707672119e-02
-4.521748423576354980e-02
-4.387049376964569092e-02
-4.241771996021270752e-02
-4.085860401391983032e-02
-3.919277340173721313e-02
-3.742019087076187134e-02
-3.554103523492813110e-02
-3.355574980378150940e-02
-3.146513551473617554e-02
-2.927024848759174347e-02
-2.697245404124259949e-02
-2.457347139716148376e-02
-2.207525819540023804e-02
-1.948018372058868408e-02
-1.679090410470962524e-02
-1.401041448116302490e-02
-1.114200521260499954e-02
-8.189402520656585693e-03
-5.156552419066429138e-03
-2.047795802354812622e-03
1.132203266024589539e-03
4.378451965749263763e-03
7.685656659305095673e-03
1.104820147156715393e-02
1.446014177054166794e-02
1.791527122259140015e-02
2.140709012746810913e-02
2.492877654731273651e-02
2.847334928810596466e-02
3.203346952795982361e-02
3.560165315866470337e-02
3.917017951607704163e-02
4.273108765482902527e-02
4.627632722258567810e-02
4.979765042662620544e-02
5.328666418790817261e-02
5.673492699861526489e-02
6.013385206460952759e-02
6.347483396530151367e-02
6.674924492835998535e-02
6.994842737913131714e-02
7.306376099586486816e-02
7.608669996261596680e-02
7.900875806808471680e-02
8.182154595851898193e-02
8.451688289642333984e-02
8.708672225475311279e-02
8.952319622039794922e-02
9.181870520114898682e-02
9.396588057279586792e-02
9.595771878957748413e-02
9.778746962547302246e-02
9.944876283407211304e-02
1.009356305003166199e-01
1.022424846887588501e-01
1.033642143011093140e-01
1.042961105704307556e-01
1.050340384244918823e-01
1.055743321776390076e-01
1.059138849377632141e-01
1.060501411557197571e-01
1.059811562299728394e-01
1.057055518031120300e-01
1.052226126194000244e-01
1.045322567224502563e-01
1.036350727081298828e-01
1.025323122739791870e-01
1.012258827686309814e-01
9.971842169761657715e-02
9.801329672336578369e-02
9.611461311578750610e-02
9.402705729007720947e-02
9.175617247819900513e-02
8.930819481611251831e-02
8.669003844261169434e-02
8.390947431325912476e-02
8.097489923238754272e-02
7.789535075426101685e-02
7.468071579933166504e-02
7.134154438972473145e-02
6.788910925388336182e-02
6.433527171611785889e-02
6.069268658757209778e-02
5.697466805577278137e-02
5.319534987211227417e-02
4.936959594488143921e-02
4.551339894533157349e-02
4.164405167102813721e-02
3.778064250946044922e-02
3.394459187984466553e-02
3.016070090234279633e-02
2.645767293870449066e-02
2.286889962852001190e-02
1.943270675837993622e-02
1.619142666459083557e-02
1.318932697176933289e-02
1.046901941299438477e-02
8.066079579293727875e-03
6.002817302942276001e-03
4.282040521502494812e-03
2.882028464227914810e-03
1.754239201545715332e-03
8.248053491115570068e-04
-4.438651683947429349e-19
-8.248053491115570068e-04
-1.754239201545715332e-03
-2.882028464227914810e-03
-4.282040521502494812e-03
-6.002817302942276001e-03
-8.066079579293727875e-03
-1.046901941299438477e-02
-1.318932697176933289e-02
-1.619142666459083557e-02
-1.943270675837993622e-02
-2.286889962852001190e-02
-2.645767293870449066e-02
-3.016070090234279633e-02
-3.394459187984466553e-02
-3.778064250946044922e-02
-4.164405167102813721e-02
-4.551339894533157349e-02
-4.936959594488143921e-02
-5.319534987211227417e-02
-5.697466805577278137e-02
-6.069268658757209778e-02
-6.433527171611785889e-02
-6.788910925388336182e-02
-7.134154438972473145e-02
-7.468071579933166504e-02
-7.789535075426101685e-02
-8.097489923238754272e-02
-8.390947431325912476e-02
-8.669003844261169434e-02
-8.930819481611251831e-02
-9.175617247819900513e-02
-9.402705729007720947e-02
-9.611461311578750610e-02
-9.801329672336578369e-02
-9.971842169761657715e-02
-1.012258827686309814e-01
-1.025323122739791870e-01
-1.036350727081298828e-01
-1.045322567224502563e-01
-1.052226126194000244e-01
-1.057055518031120300e-01
-1.059811562299728394e-01
-1.060501411557197571e-01
-1.059138849377632141e-01
-1.055743321776390076e-01
-1.050340384244918823e-01
-1.042961105704307556e-01
-1.033642143011093140e-01
-1.022424846887588501e-01
-1.009356305003166199e-01
-9.944876283407211304e-02
-9.778746962547302246e-02
-9.595771878957748413e-02
-9.396588057279586792e-02
-9.181870520114898682e-02
-8.952319622039794922e-02
-8.708672225475311279e-02
-8.451688289642333984e-02
-8.182154595851898193e-02
-7.900875806808471680e-02
-7.608669996261596680e-02
-7.306376099586486816e-02
-6.994842737913131714e-02
-6.674924492835998535e-02
-6.347483396530151367e-02
-6.013385206460952759e-02
-5.673492699861526489e-02
-5.328666418790817261e-02
-4.979765042662620544e-02
-4.627632722258567810e-02
-4.273108765482902527e-02
-3.917017951607704163e-02
-3.560165315866470337e-02
-3.203346952795982361e-02
-2.847334928810596466e-02
-2.492877654731273651e-02
-2.140709012746810913e-02
-1.791527122259140015e-02
-1.446014177054166794e-02
-1.104820147156715393e-02
-7.685656659305095673e-03
-4.378451965749263763e-03
-1.132203266024589539e-03
2.047795802354812622e-03
5.156552419066429138e-03
8.189402520656585693e-03
1.114200521260499954e-02
1.401041448116302490e-02
1.679090410470962524e-02
1.948018372058868408e-02
2.207525819540023804e-02
2.457347139716148376e-02
2.697245404124259949e-02
2.927024848759174347e-02
3.146513551473617554e-02
3.355574980378150940e-02
3.554103523492813110e-02
3.742019087076187134e-02
3.919277340173721313e-02
4.085860401391983032e-02
4.241771996021270752e-02
4.387049376964569092e-02
4.521748423576354980e-02
4.645957052707672119e-02
4.759778082370758057e-02
4.863340780138969421e-02
4.956793040037155151e-02
5.040303245186805725e-02
5.114058032631874084e-02
5.178257822990417480e-02
5.233122035861015320e-02
5.278882011771202087e-02
5.315783619880676270e-02
5.344083160161972046e-02
5.364049598574638367e-02
5.375958979129791260e-02
5.380096286535263062e-02
5.376753956079483032e-02
5.366228520870208740e-02
5.348824337124824524e-02
5.324846133589744568e-02
5.294603481888771057e-02
5.258407443761825562e-02
5.216567590832710266e-02
5.169395357370376587e-02
5.117202177643775940e-02
5.060293525457382202e-02
4.998977482318878174e-02
4.933552443981170654e-02
4.864318668842315674e-02
4.791567847132682800e-02
4.715588688850402832e-02
4.636662453413009644e-02
4.555064067244529724e-02
4.471061751246452332e-02
4.384918510913848877e-02
4.296886920928955078e-02
4.207213222980499268e-02
4.116134345531463623e-02
4.023879766464233398e-02
3.930670395493507385e-02
3.836717456579208374e-02
3.742223605513572693e-02
3.647383674979209900e-02
3.552381694316864014e-02
3.457393869757652283e-02
3.362585976719856262e-02
3.268117457628250122e-02
3.174133971333503723e-02
3.080777451395988464e-02
2.988178282976150513e-02
2.896458283066749573e-02
2.805731259286403656e-02
2.716103382408618927e-02
2.627671509981155396e-02
2.540524490177631378e-02
2.454744279384613037e-02
2.370404638350009918e-02
2.287572994828224182e-02
2.206308022141456604e-02
2.126663923263549805e-02
2.048685587942600250e-02
1.972414739429950714e-02
1.897883974015712738e-02
1.825122907757759094e-02
1.754153706133365631e-02
1.684994623064994812e-02
1.617657765746116638e-02
1.552151609212160110e-02
1.488479692488908768e-02
1.426641829311847687e-02
1.366633083671331406e-02
1.308445911854505539e-02
1.252068765461444855e-02
1.197487395256757736e-02
1.144683826714754105e-02
1.093638222664594650e-02
1.044328045099973679e-02
9.967284277081489563e-03
9.508122690021991730e-03
9.065510705113410950e-03
8.639144711196422577e-03
8.228704333305358887e-03
7.833859883248806000e-03
7.454268634319305420e-03
7.089578546583652496e-03
6.739429663866758347e-03
6.403455510735511780e-03
6.081283558160066605e-03
5.772539414465427399e-03
5.476843565702438354e-03
5.193815100938081741e-03
4.923073109239339828e-03
4.664239007979631424e-03
4.416931886225938797e-03
4.180775489658117294e-03
3.955394495278596878e-03
3.740420565009117126e-03
3.535486292093992233e-03
3.340231487527489662e-03
3.154298523440957069e-03
2.977338852360844612e-03
2.809008350595831871e-03
2.648969879373908043e-03
2.496893284842371941e-03
2.352457027882337570e-03
2.215344458818435669e-03
2.085248939692974091e-03
1.961871050298213959e-03
1.844918122515082359e-03
1.734107034280896187e-03
1.629163045436143875e-03
1.529817585833370686e-03
1.435812446288764477e-03
1.346896402537822723e-03
1.262826262973248959e-03
1.183366752229630947e-03
1.108291326090693474e-03
1.037380308844149113e-03
9.704220574349164963e-04
9.072124375961720943e-04
8.475544746033847332e-04
7.912583532743155956e-04
7.381417672149837017e-04
6.880282307974994183e-04
6.407487089745700359e-04
5.961401038803160191e-04
5.540455458685755730e-04
5.143141606822609901e-04
4.768005746882408857e-04
4.413650895003229380e-04
4.078730125911533833e-04
3.761948028113692999e-04
3.462055174168199301e-04
3.177847538609057665e-04
2.908162423409521580e-04
2.651877875905483961e-04
2.407907450105994940e-04
2.175201079808175564e-04
1.952739694388583302e-04
1.739534200169146061e-04
1.534621551400050521e-04
1.337063586106523871e-04
1.145944333984516561e-04
9.603660873835906386e-05
7.794486737111583352e-05
6.023251626174896955e-05
4.281406654627062380e-05
2.560490247560665011e-05
8.521057679899968207e-06
-8.521057679899968207e-06
-2.560490247560665011e-05
-4.281406654627062380e-05
-6.023251626174896955e-05
-7.794486737111583352e-05
-9.603660873835906386e-05
-1.145944333984516561e-04
-1.337063586106523871e-04
-1.534621551400050521e-04
-1.739534200169146061e-04
-1.952739694388583302e-04
-2.175201079808175564e-04
-2.407907450105994940e-04
-2.651877875905483961e-04
-2.908162423409521580e-04
-3.177847538609057665e-04
-3.462055174168199301e-04
-3.761948028113692999e-04
-4.078730125911533833e-04
-4.413650895003229380e-04
-4.768005746882408857e-04
-5.143141606822609901e-04
-5.540455458685755730e-04
-5.961401038803160191e-04
-6.407487089745700359e-04
-6.880282307974994183e-04
-7.381417672149837017e-04
-7.912583532743155956e-04
-8.475544746033847332e-04
-9.072124375961720943e-04
-9.704220574349164963e-04
-1.037380308844149113e-03
-1.108291326090693474e-03
-1.183366752229630947e-03
-1.262826262973248959e-03
-1.346896402537822723e-03
-1.435812446288764477e-03
-1.529817585833370686e-03
-1.629163045436143875e-03
-1.734107034280896187e-03
-1.844918122515082359e-03
-1.961871050298213959e-03
-2.085248939692974091e-03
-2.215344458818435669e-03
-2.352457027882337570e-03
-2.496893284842371941e-03
-2.648969879373908043e-03
-2.809008350595831871e-03
-2.977338852360844612e-03
-3.154298523440957069e-03
-3.340231487527489662e-03
-3.535486292093992233e-03
-3.740420565009117126e-03
-3.955394495278596878e-03
-4.180775489658117294e-03
-4.416931886225938797e-03
-4.664239007979631424e-03
-4.923073109239339828e-03
-5.193815100938081741e-03
-5.476843565702438354e-03
-5.772539414465427399e-03
-6.081283558160066605e-03
-6.403455510735511780e-03
-6.739429663866758347e-03
-7.089578546583652496e-03
-7.454268634319305420e-03
-7.833859883248806000e-03
-8.228704333305358887e-03
-8.639144711196422577e-03
-9.065510705113410950e-03
-9.508122690021991730e-03
-9.967284277081489563e-03
-1.044328045099973679e-02
-1.093638222664594650e-02
-1.144683826714754105e-02
-1.197487395256757736e-02
-1.252068765461444855e-02
-1.308445911854505539e-02
-1.366633083671331406e-02
-1.426641829311847687e-02
-1.488479692488908768e-02
-1.552151609212160110e-02
-1.617657765746116638e-02
-1.684994623064994812e-02
-1.754153706133365631e-02
-1.825122907757759094e-02
-1.897883974015712738e-02
-1.972414739429950714e-02
-2.048685587942600250e-02
-2.126663923263549805e-02
-2.206308022141456604e-02
-2.287572994828224182e-02
-2.370404638350009918e-02
-2.454744279384613037e-02
-2.540524490177631378e-02
-2.627671509981155396e-02
-2.716103382408618927e-02
-2.805731259286403656e-02
-2.896458283066749573e-02
-2.988178282976150513e-02
-3.080777451395988464e-02
-3.174133971333503723e-02
-3.268117457628250122e-02
-3.362585976719856262e-02
-3.457393869757652283e-02
-3.552381694316864014e-02
-3.647383674979209900e-02
-3.742223605513572693e-02
-3.836717456579208374e-02
-3.930670395493507385e-02
-4.023879766464233398e-02
-4.116134345531463623e-02
-4.207213222980499268e-02
-4.296886920928955078e-02
-4.384918510913848877e-02
-4.471061751246452332e-02
-4.555064067244529724e-02
-4.636662453413009644e-02
-4.715588688850402832e-02
-4.791567847132682800e-02
-4.864318668842315674e-02
-4.933552443981170654e-02
-4.998977482318878174e-02
-5.060293525457382202e-02
-5.117202177643775940e-02
-5.169395357370376587e-02
-5.216567590832710266e-02
-5.258407443761825562e-02
-5.294603481888771057e-02
-5.324846133589744568e-02
-5.348824337124824524e-02
-5.366228520870208740e-02
-5.376753956079483032e-02
-5.380096286535263062e-02
-5.375958979129791260e-02
-5.364049598574638367e-02
-5.344083160161972046e-02
-5.315783619880676270e-02
-5.278882011771202087e-02
-5.233122035861015320e-02
-5.178257822990417480e-02
-5.114058032631874084e-02
-5.040303245186805725e-02
-4.956793040037155151e-02
-4.863340780138969421e-02
-4.759778082370758057e-02
-4.645957052707672119e-02
-4.521748423576354980e-02
-4.387049376964569092e-02
-4.241771996021270752e-02
-4.085860401391983032e-02
-3.919277340173721313e-02
-3.742019087076187134e-02
-3.554103523492813110e-02
-3.355574980378150940e-02
-3.146513551473617554e-02
-2.927024848759174347e-02
-2.697245404124259949e-02
-2.457347139716148376e-02
-2.207525819540023804e-02
-1.948018372058868408e-02
-1.679090410470962524e-02
-1.401041448116302490e-02
-1.114200521260499954e-02
-8.189402520656585693e-03
-5.156552419066429138e-03
-2.047795802354812622e-03
1.132203266024589539e-03
4.378451965749263763e-03
7.685656659305095673e-03
1.104820147156715393e-02
1.446014177054166794e-02
1.791527122259140015e-02
2.140709012746810913e-02
2.492877654731273651e-02
2.847334928810596466e-02
3.203346952795982361e-02
3.560165315866470337e-02
3.917017951607704163e-02
4.273108765482902527e-02
4.627632722258567810e-02
4.979765042662620544e-02
5.328666418790817261e-02
5.673492699861526489e-02
6.013385206460952759e-02
6.347483396530151367e-02
6.674924492835998535e-02
6.994842737913131714e-02
7.306376099586486816e-02
7.608669996261596680e-02
7.900875806808471680e-02
8.182154595851898193e-02
8.451688289642333984e-02
8.708672225475311279e-02
8.952319622039794922e-02
9.181870520114898682e-02
9.396588057279586792e-02
9.595771878957748413e-02
9.778746962547302246e-02
9.944876283407211304e-02
1.009356305003166199e-01
1.022424846887588501e-01
1.033642143011093140e-01
1.042961105704307556e-01
1.050340384244918823e-01
1.055743321776390076e-01
1.059138849377632141e-01
1.060501411557197571e-01
1.059811562299728394e-01
1.057055518031120300e-01
1.052226126194000244e-01
1.045322567224502563e-01
1.036350727081298828e-01
1.025323122739791870e-01
1.012258827686309814e-01
9.971842169761657715e-02
9.801329672336578369e-02
9.611461311578750610e-02
9.402705729007720947e-02
9.175617247819900513e-02
8.930819481611251831e-02
8.669003844261169434e-02
8.390947431325912476e-02
8.097489923238754272e-02
7.789535075426101685e-02
7.468071579933166504e-02
7.134154438972473145e-02
6.788910925388336182e-02
6.433527171611785889e-02
6.069268658757209778e-02
5.697466805577278137e-02
5.319534987211227417e-02
4.936959594488143921e-02
4.551339894533157349e-02
4.164405167102813721e-02
3.778064250946044922e-02
3.394459187984466553e-02
3.016070090234279633e-02
2.645767293870449066e-02
2.286889962852001190e-02
1.943270675837993622e-02
1.619142666459083557e-02
1.318932697176933289e-02
1.046901941299438477e-02
8.066079579293727875e-03
6.002817302942276001e-03
4.282040521502494812e-03
2.882028464227914810e-03
1.754239201545715332e-03
8.248053491115570068e-04
