-1.108609945916471475e-19
6.004656897857785225e-04
1.171217299997806549e-03
1.685085822828114033e-03
2.119627781212329865e-03
2.458663424476981163e-03
2.693018410354852676e-03
2.820452442392706871e-03
2.844922477379441261e-03
2.775393892079591751e-03
2.624395769089460373e-03
2.406663727015256882e-03
2.137874253094196320e-03
1.833685208112001419e-03
1.509055960923433304e-03
1.177873462438583374e-03
8.526984602212905884e-04
5.447394214570522308e-04
2.639098092913627625e-04
1.888489350676536560e-05
-1.827601809054613113e-04
-3.344626165926456451e-04
-4.306002520024776459e-04
-4.663791041821241379e-04
-4.378136363811790943e-04
-3.416496329009532928e-04
-1.753488322719931602e-04
6.295433558989316225e-05
3.744760178960859776e-04
7.597878575325012207e-04
1.218870282173156738e-03
1.751101575791835785e-03
2.355297096073627472e-03
3.029719926416873932e-03
3.772123716771602631e-03
4.579735454171895981e-03
5.449344404041767120e-03
6.377255078405141830e-03
7.359391078352928162e-03
8.391273207962512970e-03
9.468077681958675385e-03
1.058466266840696335e-02
1.173560786992311478e-02
1.291524805128574371e-02
1.411771122366189957e-02
1.533695217221975327e-02
1.656681671738624573e-02
1.780104637145996094e-02
1.903332397341728210e-02
2.025734446942806244e-02
2.146680839359760284e-02
2.265546843409538269e-02
2.381721511483192444e-02
2.494604326784610748e-02
2.603611350059509277e-02
2.708179503679275513e-02
2.807767875492572784e-02
2.901862002909183502e-02
2.989974617958068848e-02
3.071649558842182159e-02
3.146462887525558472e-02
3.214026242494583130e-02
3.273986652493476868e-02
3.326027840375900269e-02
3.369873762130737305e-02
3.405286371707916260e-02
3.432069718837738037e-02
3.450068458914756775e-02
3.459165245294570923e-02
3.459286317229270935e-02
3.450396284461021423e-02
3.432501479983329773e-02
3.405645117163658142e-02
3.369909897446632385e-02
3.325415030121803284e-02
3.272315487265586853e-02
3.210800141096115112e-02
3.141091018915176392e-02
3.063439950346946716e-02
2.978128753602504730e-02
2.885465323925018311e-02
2.785783261060714722e-02
2.679438889026641846e-02
2.566807344555854797e-02
2.448285743594169617e-02
2.324283495545387268e-02
2.195226587355136871e-02
2.061551623046398163e-02
1.923703774809837341e-02
1.782137528061866760e-02
1.637310162186622620e-02
1.489683054387569427e-02
1.339716836810112000e-02
1.187873445451259613e-02
1.034608110785484314e-02
8.803742006421089172e-03
7.256151642650365829e-03
5.707694217562675476e-03
4.162624478340148926e-03
2.625084482133388519e-03
1.099099870771169662e-03
-4.114604089409112930e-04
-1.902868039906024933e-03
-3.371568629518151283e-03
-4.814177751541137695e-03
-6.227492354810237885e-03
-7.608493790030479431e-03
-8.954353630542755127e-03
-1.026245765388011932e-02
-1.153038628399372101e-02
-1.275590248405933380e-02
-1.393699087202548981e-02
-1.507186330854892731e-02
-1.615888997912406921e-02
-1.719669252634048462e-02
-1.818405278027057648e-02
-1.911997795104980469e-02
-2.000365965068340302e-02
-2.083447948098182678e-02
-2.161201275885105133e-02
-2.233599312603473663e-02
-2.300635352730751038e-02
-2.362317033112049103e-02
-2.418669126927852631e-02
-2.469731122255325317e-02
-2.515557780861854553e-02
-2.556216530501842499e-02
-2.591787278652191162e-02
-2.622362971305847168e-02
-2.648046985268592834e-02
-2.668952569365501404e-02
-2.685203216969966888e-02
-2.696930989623069763e-02
-2.704274095594882965e-02
-2.707379125058650970e-02
-2.706398442387580872e-02
-2.701489254832267761e-02
-2.692812867462635040e-02
-2.680535987019538879e-02
-2.664825320243835449e-02
-2.645852416753768921e-02
-2.623789571225643158e-02
-2.598809078335762024e-02
-2.571085095405578613e-02
-2.540789172053337097e-02
-2.508094348013401031e-02
-2.473170496523380280e-02
-2.436186186969280243e-02
-2.397307567298412323e-02
-2.356697991490364075e-02
-2.314517460763454437e-02
-2.270922623574733734e-02
-2.226066403090953827e-02
-2.180096320807933807e-02
-2.133157104253768921e-02
-2.085387893021106720e-02
-2.036922611296176910e-02
-1.987891085445880890e-02
-1.938417740166187286e-02
-1.888620853424072266e-02
-1.838614046573638916e-02
-1.788505911827087402e-02
-1.738398522138595581e-02
-1.688389293849468231e-02
-1.638569682836532593e-02
-1.589026488363742828e-02
-1.539839524775743484e-02
-1.491084694862365723e-02
-1.442832592874765396e-02
-1.395147666335105896e-02
-1.348090171813964844e-02
-1.301714871078729630e-02
-1.256072241812944412e-02
-1.211207360029220581e-02
-1.167161762714385986e-02
-1.123971492052078247e-02
-1.081669144332408905e-02
-1.040282938629388809e-02
-9.998371824622154236e-03
-9.603524580597877502e-03
-9.218459017574787140e-03
-8.843314833939075470e-03
-8.478190749883651733e-03
-8.123165927827358246e-03
-7.778284605592489243e-03
-7.443565409630537033e-03
-7.119001820683479309e-03
-6.804563105106353760e-03
-6.500197574496269226e-03
-6.205832585692405701e-03
-5.921376403421163559e-03
-5.646718665957450867e-03
-5.381738767027854919e-03
-5.126292817294597626e-03
-4.880230873823165894e-03
-4.643388092517852783e-03
-4.415590316057205200e-03
-4.196653142571449280e-03
-3.986383788287639618e-03
-3.784584347158670425e-03
-3.591048065572977066e-03
-3.405564697459340096e-03
-3.227920504286885262e-03
-3.057896159589290619e-03
-2.895273035392165184e-03
-2.739827148616313934e-03
-2.591336611658334732e-03
-2.449578139930963516e-03
-2.314327517524361610e-03
-2.185363788157701492e-03
-2.062464831396937370e-03
-1.945412368513643742e-03
-1.833989168517291546e-03
-1.727981027215719223e-03
-1.627176767215132713e-03
-1.531368005089461803e-03
-1.440350664779543877e-03
-1.353924046270549297e-03
-1.271890942007303238e-03
-1.194058917462825775e-03
-1.120239496231079102e-03
-1.050248509272933006e-03
-9.839065605774521828e-04
-9.210382704623043537e-04
-8.614730322733521461e-04
-8.050444885157048702e-04
-7.515912293456494808e-04
-7.009558030404150486e-04
-6.529855309054255486e-04
-6.075315759517252445e-04
-5.644500488415360451e-04
-5.236004362814128399e-04
-4.848467069678008556e-04
-4.480566421989351511e-04
-4.131015739403665066e-04
-3.798565303441137075e-04
-3.482000320218503475e-04
-3.180138592142611742e-04
-2.891827607527375221e-04
-2.615943958517163992e-04
-2.351392759010195732e-04
-2.097101969411596656e-04
-1.852024579420685768e-04
-1.615133660379797220e-04
-1.385421055601909757e-04
-1.161895852419547737e-04
-9.435807442059740424e-05
-7.295121031347662210e-05
-5.187353963265195489e-05
-3.103044946328736842e-05
-1.032788168231490999e-05
1.032788168231490999e-05
3.103044946328736842e-05
5.187353963265195489e-05
7.295121031347662210e-05
9.435807442059740424e-05
1.161895852419547737e-04
1.385421055601909757e-04
1.615133660379797220e-04
1.852024579420685768e-04
2.097101969411596656e-04
2.351392759010195732e-04
2.615943958517163992e-04
2.891827607527375221e-04
3.180138592142611742e-04
3.482000320218503475e-04
3.798565303441137075e-04
4.131015739403665066e-04
4.480566421989351511e-04
4.848467069678008556e-04
5.236004362814128399e-04
5.644500488415360451e-04
6.075315759517252445e-04
6.529855309054255486e-04
7.009558030404150486e-04
7.515912293456494808e-04
8.050444885157048702e-04
8.614730322733521461e-04
9.210382704623043537e-04
9.839065605774521828e-04
1.050248509272933006e-03
1.120239496231079102e-03
1.194058917462825775e-03
1.271890942007303238e-03
1.353924046270549297e-03
1.440350664779543877e-03
1.531368005089461803e-03
1.627176767215132713e-03
1.727981027215719223e-03
1.833989168517291546e-03
1.945412368513643742e-03
2.062464831396937370e-03
2.185363788157701492e-03
2.314327517524361610e-03
2.449578139930963516e-03
2.591336611658334732e-03
2.739827148616313934e-03
2.895273035392165184e-03
3.057896159589290619e-03
3.227920504286885262e-03
3.405564697459340096e-03
3.591048065572977066e-03
3.784584347158670425e-03
3.986383788287639618e-03
4.196653142571449280e-03
4.415590316057205200e-03
4.643388092517852783e-03
4.880230873823165894e-03
5.126292817294597626e-03
5.381738767027854919e-03
5.646718665957450867e-03
5.921376403421163559e-03
6.205832585692405701e-03
6.500197574496269226e-03
6.804563105106353760e-03
7.119001820683479309e-03
7.443565409630537033e-03
7.778284605592489243e-03
8.123165927827358246e-03
8.478190749883651733e-03
8.843314833939075470e-03
9.218459017574787140e-03
9.603524580597877502e-03
9.998371824622154236e-03
1.040282938629388809e-02
1.081669144332408905e-02
1.123971492052078247e-02
1.167161762714385986e-02
1.211207360029220581e-02
1.256072241812944412e-02
1.301714871078729630e-02
1.348090171813964844e-02
1.395147666335105896e-02
1.442832592874765396e-02
1.491084694862365723e-02
1.539839524775743484e-02
1.589026488363742828e-02
1.638569682836532593e-02
1.688389293849468231e-02
1.738398522138595581e-02
1.788505911827087402e-02
1.838614046573638916e-02
1.888620853424072266e-02
1.938417740166187286e-02
1.987891085445880890e-02
2.036922611296176910e-02
2.085387893021106720e-02
2.133157104253768921e-02
2.180096320807933807e-02
2.226066403090953827e-02
2.270922623574733734e-02
2.314517460763454437e-02
2.356697991490364075e-02
2.397307567298412323e-02
2.436186186969280243e-02
2.473170496523380280e-02
2.508094348013401031e-02
2.540789172053337097e-02
2.571085095405578613e-02
2.598809078335762024e-02
2.623789571225643158e-02
2.645852416753768921e-02
2.664825320243835449e-02
2.680535987019538879e-02
2.692812867462635040e-02
2.701489254832267761e-02
2.706398442387580872e-02
2.707379125058650970e-02
2.704274095594882965e-02
2.696930989623069763e-02
2.685203216969966888e-02
2.668952569365501404e-02
2.648046985268592834e-02
2.622362971305847168e-02
2.591787278652191162e-02
2.556216530501842499e-02
2.515557780861854553e-02
2.469731122255325317e-02
2.418669126927852631e-02
2.362317033112049103e-02
2.300635352730751038e-02
2.233599312603473663e-02
2.161201275885105133e-02
2.083447948098182678e-02
2.000365965068340302e-02
1.911997795104980469e-02
1.818405278027057648e-02
1.719669252634048462e-02
1.615888997912406921e-02
1.507186330854892731e-02
1.393699087202548981e-02
1.275590248405933380e-02
1.153038628399372101e-02
1.026245765388011932e-02
8.954353630542755127e-03
7.608493790030479431e-03
6.227492354810237885e-03
4.814177751541137695e-03
3.371568629518151283e-03
1.902868039906024933e-03
4.114604089409112930e-04
-1.099099870771169662e-03
-2.625084482133388519e-03
-4.162624478340148926e-03
-5.707694217562675476e-03
-7.256151642650365829e-03
-8.803742006421089172e-03
-1.034608110785484314e-02
-1.187873445451259613e-02
-1.339716836810112000e-02
-1.489683054387569427e-02
-1.637310162186622620e-02
-1.782137528061866760e-02
-1.923703774809837341e-02
-2.061551623046398163e-02
-2.195226587355136871e-02
-2.324283495545387268e-02
-2.448285743594169617e-02
-2.566807344555854797e-02
-2.679438889026641846e-02
-2.785783261060714722e-02
-2.885465323925018311e-02
-2.978128753602504730e-02
-3.063439950346946716e-02
-3.141091018915176392e-02
-3.210800141096115112e-02
-3.272315487265586853e-02
-3.325415030121803284e-02
-3.369909897446632385e-02
-3.405645117163658142e-02
-3.432501479983329773e-02
-3.450396284461021423e-02
-3.459286317229270935e-02
-3.459165245294570923e-02
-3.450068458914756775e-02
-3.432069718837738037e-02
-3.405286371707916260e-02
-3.369873762130737305e-02
-3.326027840375900269e-02
-3.273986652493476868e-02
-3.214026242494583130e-02
-3.146462887525558472e-02
-3.071649558842182159e-02
-2.989974617958068848e-02
-2.901862002909183502e-02
-2.807767875492572784e-02
-2.708179503679275513e-02
-2.603611350059509277e-02
-2.494604326784610748e-02
-2.381721511483192444e-02
-2.265546843409538269e-02
-2.146680839359760284e-02
-2.025734446942806244e-02
-1.903332397341728210e-02
-1.780104637145996094e-02
-1.656681671738624573e-02
-1.533695217221975327e-02
-1.411771122366189957e-02
-1.291524805128574371e-02
-1.173560786992311478e-02
-1.058466266840696335e-02
-9.468077681958675385e-03
-8.391273207962512970e-03
-7.359391078352928162e-03
-6.377255078405141830e-03
-5.449344404041767120e-03
-4.579735454171895981e-03
-3.772123716771602631e-03
-3.029719926416873932e-03
-2.355297096073627472e-03
-1.751101575791835785e-03
-1.218870282173156738e-03
-7.597878575325012207e-04
-3.744760178960859776e-04
-6.295433558989316225e-05
1.753488322719931602e-04
3.416496329009532928e-04
4.378136363811790943e-04
4.663791041821241379e-04
4.306002520024776459e-04
3.344626165926456451e-04
1.827601809054613113e-04
-1.888489350676536560e-05
-2.639098092913627625e-04
-5.447394214570522308e-04
-8.526984602212905884e-04
-1.177873462438583374e-03
-1.509055960923433304e-03
-1.833685208112001419e-03
-2.137874253094196320e-03
-2.406663727015256882e-03
-2.624395769089460373e-03
-2.775393892079591751e-03
-2.844922477379441261e-03
-2.820452442392706871e-03
-2.693018410354852676e-03
-2.458663424476981163e-03
-2.119627781212329865e-03
-1.685085822828114033e-03
-1.171217299997806549e-03
-6.004656897857785225e-04
-1.108609945916471475e-19
6.004656897857785225e-04
1.171217299997806549e-03
1.685085822828114033e-03
2.119627781212329865e-03
2.458663424476981163e-03
2.693018410354852676e-03
2.820452442392706871e-03
2.844922477379441261e-03
2.775393892079591751e-03
2.624395769089460373e-03
2.406663727015256882e-03
2.137874253094196320e-03
1.833685208112001419e-03
1.509055960923433304e-03
1.177873462438583374e-03
8.526984602212905884e-04
5.447394214570522308e-04
2.639098092913627625e-04
1.888489350676536560e-05
-1.827601809054613113e-04
-3.344626165926456451e-04
-4.306002520024776459e-04
-4.663791041821241379e-04
-4.378136363811790943e-04
-3.416496329009532928e-04
-1.753488322719931602e-04
6.295433558989316225e-05
3.744760178960859776e-04
7.597878575325012207e-04
1.218870282173156738e-03
1.751101575791835785e-03
2.355297096073627472e-03
3.029719926416873932e-03
3.772123716771602631e-03
4.579735454171895981e-03
5.449344404041767120e-03
6.377255078405141830e-03
7.359391078352928162e-03
8.391273207962512970e-03
9.468077681958675385e-03
1.058466266840696335e-02
1.173560786992311478e-02
1.291524805128574371e-02
1.411771122366189957e-02
1.533695217221975327e-02
1.656681671738624573e-02
1.780104637145996094e-02
1.903332397341728210e-02
2.025734446942806244e-02
2.146680839359760284e-02
2.265546843409538269e-02
2.381721511483192444e-02
2.494604326784610748e-02
2.603611350059509277e-02
2.708179503679275513e-02
2.807767875492572784e-02
2.901862002909183502e-02
2.989974617958068848e-02
3.071649558842182159e-02
3.146462887525558472e-02
3.214026242494583130e-02
3.273986652493476868e-02
3.326027840375900269e-02
3.369873762130737305e-02
3.405286371707916260e-02
3.432069718837738037e-02
3.450068458914756775e-02
3.459165245294570923e-02
3.459286317229270935e-02
3.450396284461021423e-02
3.432501479983329773e-02
3.405645117163658142e-02
3.369909897446632385e-02
3.325415030121803284e-02
3.272315487265586853e-02
3.210800141096115112e-02
3.141091018915176392e-02
3.063439950346946716e-02
2.978128753602504730e-02
2.885465323925018311e-02
2.785783261060714722e-02
2.679438889026641846e-02
2.566807344555854797e-02
2.448285743594169617e-02
2.324283495545387268e-02
2.195226587355136871e-02
2.061551623046398163e-02
1.923703774809837341e-02
1.782137528061866760e-02
1.637310162186622620e-02
1.489683054387569427e-02
1.339716836810112000e-02
1.187873445451259613e-02
1.034608110785484314e-02
8.803742006421089172e-03
7.256151642650365829e-03
5.707694217562675476e-03
4.162624478340148926e-03
2.625084482133388519e-03
1.099099870771169662e-03
-4.114604089409112930e-04
-1.902868039906024933e-03
-3.371568629518151283e-03
-4.814177751541137695e-03
-6.227492354810237885e-03
-7.608493790030479431e-03
-8.954353630542755127e-03
-1.026245765388011932e-02
-1.153038628399372101e-02
-1.275590248405933380e-02
-1.393699087202548981e-02
-1.507186330854892731e-02
-1.615888997912406921e-02
-1.719669252634048462e-02
-1.818405278027057648e-02
-1.911997795104980469e-02
-2.000365965068340302e-02
-2.083447948098182678e-02
-2.161201275885105133e-02
-2.233599312603473663e-02
-2.300635352730751038e-02
-2.362317033112049103e-02
-2.418669126927852631e-02
-2.469731122255325317e-02
-2.515557780861854553e-02
-2.556216530501842499e-02
-2.591787278652191162e-02
-2.622362971305847168e-02
-2.648046985268592834e-02
-2.668952569365501404e-02
-2.685203216969966888e-02
-2.696930989623069763e-02
-2.704274095594882965e-02
-2.707379125058650970e-02
-2.706398442387580872e-02
-2.701489254832267761e-02
-2.692812867462635040e-02
-2.680535987019538879e-02
-2.664825320243835449e-02
-2.645852416753768921e-02
-2.623789571225643158e-02
-2.598809078335762024e-02
-2.571085095405578613e-02
-2.540789172053337097e-02
-2.508094348013401031e-02
-2.473170496523380280e-02
-2.436186186969280243e-02
-2.397307567298412323e-02
-2.356697991490364075e-02
-2.314517460763454437e-02
-2.270922623574733734e-02
-2.226066403090953827e-02
-2.180096320807933807e-02
-2.133157104253768921e-02
-2.085387893021106720e-02
-2.036922611296176910e-02
-1.987891085445880890e-02
-1.938417740166187286e-02
-1.888620853424072266e-02
-1.838614046573638916e-02
-1.788505911827087402e-02
-1.738398522138595581e-02
-1.688389293849468231e-02
-1.638569682836532593e-02
-1.589026488363742828e-02
-1.539839524775743484e-02
-1.491084694862365723e-02
-1.442832592874765396e-02
-1.395147666335105896e-02
-1.348090171813964844e-02
-1.301714871078729630e-02
-1.256072241812944412e-02
-1.211207360029220581e-02
-1.167161762714385986e-02
-1.123971492052078247e-02
-1.081669144332408905e-02
-1.040282938629388809e-02
-9.998371824622154236e-03
-9.603524580597877502e-03
-9.218459017574787140e-03
-8.843314833939075470e-03
-8.478190749883651733e-03
-8.123165927827358246e-03
-7.778284605592489243e-03
-7.443565409630537033e-03
-7.119001820683479309e-03
-6.804563105106353760e-03
-6.500197574496269226e-03
-6.205832585692405701e-03
-5.921376403421163559e-03
-5.646718665957450867e-03
-5.381738767027854919e-03
-5.126292817294597626e-03
-4.880230873823165894e-03
-4.643388092517852783e-03
-4.415590316057205200e-03
-4.196653142571449280e-03
-3.986383788287639618e-03
-3.784584347158670425e-03
-3.591048065572977066e-03
-3.405564697459340096e-03
-3.227920504286885262e-03
-3.057896159589290619e-03
-2.895273035392165184e-03
-2.739827148616313934e-03
-2.591336611658334732e-03
-2.449578139930963516e-03
-2.314327517524361610e-03
-2.185363788157701492e-03
-2.062464831396937370e-03
-1.945412368513643742e-03
-1.833989168517291546e-03
-1.727981027215719223e-03
-1.627176767215132713e-03
-1.531368005089461803e-03
-1.440350664779543877e-03
-1.353924046270549297e-03
-1.271890942007303238e-03
-1.194058917462825775e-03
-1.120239496231079102e-03
-1.050248509272933006e-03
-9.839065605774521828e-04
-9.210382704623043537e-04
-8.614730322733521461e-04
-8.050444885157048702e-04
-7.515912293456494808e-04
-7.009558030404150486e-04
-6.529855309054255486e-04
-6.075315759517252445e-04
-5.644500488415360451e-04
-5.236004362814128399e-04
-4.848467069678008556e-04
-4.480566421989351511e-04
-4.131015739403665066e-04
-3.798565303441137075e-04
-3.482000320218503475e-04
-3.180138592142611742e-04
-2.891827607527375221e-04
-2.615943958517163992e-04
-2.351392759010195732e-04
-2.097101969411596656e-04
-1.852024579420685768e-04
-1.615133660379797220e-04
-1.385421055601909757e-04
-1.161895852419547737e-04
-9.435807442059740424e-05
-7.295121031347662210e-05
-5.187353963265195489e-05
-3.103044946328736842e-05
-1.032788168231490999e-05
1.032788168231490999e-05
3.103044946328736842e-05
5.187353963265195489e-05
7.295121031347662210e-05
9.435807442059740424e-05
1.161895852419547737e-04
1.385421055601909757e-04
1.615133660379797220e-04
1.852024579420685768e-04
2.097101969411596656e-04
2.351392759010195732e-04
2.615943958517163992e-04
2.891827607527375221e-04
3.180138592142611742e-04
3.482000320218503475e-04
3.798565303441137075e-04
4.131015739403665066e-04
4.480566421989351511e-04
4.848467069678008556e-04
5.236004362814128399e-04
5.644500488415360451e-04
6.075315759517252445e-04
6.529855309054255486e-04
7.009558030404150486e-04
7.515912293456494808e-04
8.050444885157048702e-04
8.614730322733521461e-04
9.210382704623043537e-04
9.839065605774521828e-04
1.050248509272933006e-03
1.120239496231079102e-03
1.194058917462825775e-03
1.271890942007303238e-03
1.353924046270549297e-03
1.440350664779543877e-03
1.531368005089461803e-03
1.627176767215132713e-03
1.727981027215719223e-03
1.833989168517291546e-03
1.945412368513643742e-03
2.062464831396937370e-03
2.185363788157701492e-03
2.314327517524361610e-03
2.449578139930963516e-03
2.591336611658334732e-03
2.739827148616313934e-03
2.895273035392165184e-03
3.057896159589290619e-03
3.227920504286885262e-03
3.405564697459340096e-03
3.591048065572977066e-03
3.784584347158670425e-03
3.986383788287639618e-03
4.196653142571449280e-03
4.415590316057205200e-03
4.643388092517852783e-03
4.880230873823165894e-03
5.126292817294597626e-03
5.381738767027854919e-03
5.646718665957450867e-03
5.921376403421163559e-03
6.205832585692405701e-03
6.500197574496269226e-03
6.804563105106353760e-03
7.119001820683479309e-03
7.443565409630537033e-03
7.778284605592489243e-03
8.123165927827358246e-03
8.478190749883651733e-03
8.843314833939075470e-03
9.218459017574787140e-03
9.603524580597877502e-03
9.998371824622154236e-03
1.040282938629388809e-02
1.081669144332408905e-02
1.123971492052078247e-02
1.167161762714385986e-02
1.211207360029220581e-02
1.256072241812944412e-02
1.301714871078729630e-02
1.348090171813964844e-02
1.395147666335105896e-02
1.442832592874765396e-02
1.491084694862365723e-02
1.539839524775743484e-02
1.589026488363742828e-02
1.638569682836532593e-02
1.688389293849468231e-02
1.738398522138595581e-02
1.788505911827087402e-02
1.838614046573638916e-02
1.888620853424072266e-02
1.938417740166187286e-02
1.987891085445880890e-02
2.036922611296176910e-02
2.085387893021106720e-02
2.133157104253768921e-02
2.180096320807933807e-02
2.226066403090953827e-02
2.270922623574733734e-02
2.314517460763454437e-02
2.356697991490364075e-02
2.397307567298412323e-02
2.436186186969280243e-02
2.473170496523380280e-02
2.508094348013401031e-02
2.540789172053337097e-02
2.571085095405578613e-02
2.598809078335762024e-02
2.623789571225643158e-02
2.645852416753768921e-02
2.664825320243835449e-02
2.680535987019538879e-02
2.692812867462635040e-02
2.701489254832267761e-02
2.706398442387580872e-02
2.707379125058650970e-02
2.704274095594882965e-02
2.696930989623069763e-02
2.685203216969966888e-02
2.668952569365501404e-02
2.648046985268592834e-02
2.622362971305847168e-02
2.591787278652191162e-02
2.556216530501842499e-02
2.515557780861854553e-02
2.469731122255325317e-02
2.418669126927852631e-02
2.362317033112049103e-02
2.300635352730751038e-02
2.233599312603473663e-02
2.161201275885105133e-02
2.083447948098182678e-02
2.000365965068340302e-02
1.911997795104980469e-02
1.818405278027057648e-02
1.719669252634048462e-02
1.615888997912406921e-02
1.507186330854892731e-02
1.393699087202548981e-02
1.275590248405933380e-02
1.153038628399372101e-02
1.026245765388011932e-02
8.954353630542755127e-03
7.608493790030479431e-03
6.227492354810237885e-03
4.814177751541137695e-03
3.371568629518151283e-03
1.902868039906024933e-03
4.114604089409112930e-04
-1.099099870771169662e-03
-2.625084482133388519e-03
-4.162624478340148926e-03
-5.707694217562675476e-03
-7.256151642650365829e-03
-8.803742006421089172e-03
-1.034608110785484314e-02
-1.187873445451259613e-02
-1.339716836810112000e-02
-1.489683054387569427e-02
-1.637310162186622620e-02
-1.782137528061866760e-02
-1.923703774809837341e-02
-2.061551623046398163e-02
-2.195226587355136871e-02
-2.324283495545387268e-02
-2.448285743594169617e-02
-2.566807344555854797e-02
-2.679438889026641846e-02
-2.785783261060714722e-02
-2.885465323925018311e-02
-2.978128753602504730e-02
-3.063439950346946716e-02
-3.141091018915176392e-02
-3.210800141096115112e-02
-3.272315487265586853e-02
-3.325415030121803284e-02
-3.369909897446632385e-02
-3.405645117163658142e-02
-3.432501479983329773e-02
-3.450396284461021423e-02
-3.459286317229270935e-02
-3.459165245294570923e-02
-3.450068458914756775e-02
-3.432069718837738037e-02
-3.405286371707916260e-02
-3.369873762130737305e-02
-3.326027840375900269e-02
-3.273986652493476868e-02
-3.214026242494583130e-02
-3.146462887525558472e-02
-3.071649558842182159e-02
-2.989974617958068848e-02
-2.901862002909183502e-02
-2.807767875492572784e-02
-2.708179503679275513e-02
-2.603611350059509277e-02
-2.494604326784610748e-02
-2.381721511483192444e-02
-2.265546843409538269e-02
-2.146680839359760284e-02
-2.025734446942806244e-02
-1.903332397341728210e-02
-1.780104637145996094e-02
-1.656681671738624573e-02
-1.533695217221975327e-02
-1.411771122366189957e-02
-1.291524805128574371e-02
-1.173560786992311478e-02
-1.058466266840696335e-02
-9.468077681958675385e-03
-8.391273207962512970e-03
-7.359391078352928162e-03
-6.377255078405141830e-03
-5.449344404041767120e-03
-4.579735454171895981e-03
-3.772123716771602631e-03
-3.029719926416873932e-03
-2.355297096073627472e-03
-1.751101575791835785e-03
-1.218870282173156738e-03
-7.597878575325012207e-04
-3.744760178960859776e-04
-6.295433558989316225e-05
1.753488322719931602e-04
3.416496329009532928e-04
4.378136363811790943e-04
4.663791041821241379e-04
4.306002520024776459e-04
3.344626165926456451e-04
1.827601809054613113e-04
-1.888489350676536560e-05
-2.639098092913627625e-04
-5.447394214570522308e-04
-8.526984602212905884e-04
-1.177873462438583374e-03
-1.509055960923433304e-03
-1.833685208112001419e-03
-2.137874253094196320e-03
-2.406663727015256882e-03
-2.624395769089460373e-03
-2.775393892079591751e-03
-2.844922477379441261e-03
-2.820452442392706871e-03
-2.693018410354852676e-03
-2.458663424476981163e-03
-2.119627781212329865e-03
-1.685085822828114033e-03
-1.171217299997806549e-03
-6.004656897857785225e-04
