2.992036752402782440e-03
3.109091892838478088e-03
3.452496603131294250e-03
3.999899141490459442e-03
4.717036150395870209e-03
5.561843514442443848e-03
6.488752551376819611e-03
7.453000172972679138e-03
8.413975127041339874e-03
9.337426163256168365e-03
1.019669417291879654e-02
1.097237225621938705e-02
1.165170967578887939e-02
1.222744770348072052e-02
1.269641332328319550e-02
1.305838860571384430e-02
1.331510581076145172e-02
1.346949953585863113e-02
1.352518983185291290e-02
1.348623074591159821e-02
1.335685141384601593e-02
1.314138807356357574e-02
1.284426823258399963e-02
1.246994361281394958e-02
1.202293299138545990e-02
1.150777842849493027e-02
1.092907506972551346e-02
1.029144134372472763e-02
9.599527344107627869e-03
8.858001790940761566e-03
8.071534335613250732e-03
7.244790438562631607e-03
6.382419262081384659e-03
5.489040166139602661e-03
4.569222684949636459e-03
3.627486294135451317e-03
2.668282482773065567e-03
1.695977058261632919e-03
7.148481672629714012e-04
-2.709249965846538544e-04
-1.257291063666343689e-03
-2.240308094769716263e-03
-3.216174431145191193e-03
-4.181220661848783493e-03
-5.131933838129043579e-03
-6.064960733056068420e-03
-6.977098993957042694e-03
-7.865333929657936096e-03
-8.726801723241806030e-03
-9.558839723467826843e-03
-1.035895384848117828e-02
-1.112484838813543320e-02
-1.185440644621849060e-02
-1.254570204764604568e-02
-1.319701131433248520e-02
-1.380678638815879822e-02
-1.437368895858526230e-02
-1.489656232297420502e-02
-1.537443976849317551e-02
-1.580654457211494446e-02
-1.619228534400463104e-02
-1.653124578297138214e-02
-1.682319492101669312e-02
-1.706807687878608704e-02
-1.726599223911762238e-02
-1.741721667349338531e-02
-1.752217300236225128e-02
-1.758144423365592957e-02
-1.759575493633747101e-02
-1.756595447659492493e-02
-1.749303564429283142e-02
-1.737811230123043060e-02
-1.722240447998046875e-02
-1.702724397182464600e-02
-1.679405570030212402e-02
-1.652435772120952606e-02
-1.621975377202033997e-02
-1.588190719485282898e-02
-1.551255211234092712e-02
-1.511348504573106766e-02
-1.468653231859207153e-02
-1.423357985913753510e-02
-1.375653035938739777e-02
-1.325731445103883743e-02
-1.273787021636962891e-02
-1.220015529543161392e-02
-1.164611894637346268e-02
-1.107770297676324844e-02
-1.049683801829814911e-02
-9.905434213578701019e-03
-9.305369108915328979e-03
-8.698496967554092407e-03
-8.086629211902618408e-03
-7.471531163901090622e-03
-6.854922510683536530e-03
-6.238471716642379761e-03
-5.623789969831705093e-03
-5.012424197047948837e-03
-4.405866377055644989e-03
-3.805532120168209076e-03
-3.212775103747844696e-03
-2.628877758979797363e-03
-2.055040560662746429e-03
-1.492400653660297394e-03
-9.420177666470408440e-04
-4.048733972012996674e-04
1.181317493319511414e-04
6.261651869863271713e-04
1.118474756367504597e-03
1.594386645592749119e-03
2.053296193480491638e-03
2.494678832590579987e-03
2.918077167123556137e-03
3.323112148791551590e-03
3.709465265274047852e-03
4.076893441379070282e-03
4.425215069204568863e-03
4.754310939460992813e-03
5.064125172793865204e-03
5.354661028832197189e-03
5.625974852591753006e-03
5.878175143152475357e-03
6.111427675932645798e-03
6.325937807559967041e-03
6.521956995129585266e-03
6.699783727526664734e-03
6.859746761620044708e-03
7.002219557762145996e-03
7.127599790692329407e-03
7.236323319375514984e-03
7.328846491873264313e-03
7.405653595924377441e-03
7.467247080057859421e-03
7.514155004173517227e-03
7.546913344413042068e-03
7.566077169030904770e-03
7.572208531200885773e-03
7.565885782241821289e-03
7.547681685537099838e-03
7.518184371292591095e-03
7.477978710085153580e-03
7.427650503814220428e-03
7.367784157395362854e-03
7.298958487808704376e-03
7.221751846373081207e-03
7.136730011552572250e-03
7.044456433504819870e-03
6.945478729903697968e-03
6.840338930487632751e-03
6.729563232511281967e-03
6.613668985664844513e-03
6.493157707154750824e-03
6.368515081703662872e-03
6.240212358534336090e-03
6.108706817030906677e-03
5.974436178803443909e-03
5.837822798639535904e-03
5.699273664504289627e-03
5.559172946959733963e-03
5.417893640697002411e-03
5.275786854326725006e-03
5.133188329637050629e-03
4.990412387996912003e-03
4.847759380936622620e-03
4.705511033535003662e-03
4.563931375741958618e-03
4.423267673701047897e-03
4.283749964088201523e-03
4.145591054111719131e-03
4.008990712463855743e-03
3.874128917232155800e-03
3.741173772141337395e-03
3.610276617109775543e-03
3.481575287878513336e-03
3.355193417519330978e-03
3.231241600587964058e-03
3.109816927462816238e-03
2.991005312651395798e-03
2.874879864975810051e-03
2.761503215879201889e-03
2.650926820933818817e-03
2.543192356824874878e-03
2.438331954181194305e-03
2.336368663236498833e-03
2.237317385151982307e-03
2.141184406355023384e-03
2.047968097031116486e-03
1.957661937922239304e-03
1.870250445790588856e-03
1.785713830031454563e-03
1.704026595689356327e-03
1.625157892704010010e-03
1.549071981571614742e-03
1.475729630328714848e-03
1.405087066814303398e-03
1.337097724899649620e-03
1.271712011657655239e-03
1.208877074532210827e-03
1.148538663983345032e-03
1.090639620088040829e-03
1.035121502354741096e-03
9.819249389693140984e-04
9.309885790571570396e-04
8.822506642900407314e-04
8.356490870937705040e-04
7.911206339485943317e-04
7.486023823730647564e-04
7.080314680933952332e-04
6.693450850434601307e-04
6.324806599877774715e-04
5.973764928057789803e-04
5.639712326228618622e-04
5.322042852640151978e-04
5.020163953304290771e-04
4.733488894999027252e-04
4.461443750187754631e-04
4.203466523904353380e-04
3.959009482059627771e-04
3.727534785866737366e-04
3.508522931952029467e-04
3.301465767435729504e-04
3.105872019659727812e-04
2.921264676842838526e-04
2.747183898463845253e-04
2.583185560069978237e-04
2.428840525681152940e-04
2.283737267134711146e-04
2.147480554413050413e-04
2.019691455643624067e-04
1.900008355733007193e-04
1.788085937732830644e-04
1.683594746282324195e-04
1.586223515914753079e-04
1.495676260674372315e-04
1.411673583788797259e-04
1.333953114226460457e-04
1.262268633581697941e-04
1.196389421238563955e-04
1.136101345764473081e-04
1.081206573871895671e-04
1.031521678669378161e-04
9.868804772850126028e-05
9.471317025600001216e-05
9.121395851252600551e-05
8.817834896035492420e-05
8.559587877243757248e-05
8.345750393345952034e-05
8.175577386282384396e-05
8.048469317145645618e-05
7.963978714542463422e-05
7.921809446997940540e-05
7.921809446997940540e-05
7.963978714542463422e-05
8.048469317145645618e-05
8.175577386282384396e-05
8.345750393345952034e-05
8.559587877243757248e-05
8.817834896035492420e-05
9.121395851252600551e-05
9.471317025600001216e-05
9.868804772850126028e-05
1.031521678669378161e-04
1.081206573871895671e-04
1.136101345764473081e-04
1.196389421238563955e-04
1.262268633581697941e-04
1.333953114226460457e-04
1.411673583788797259e-04
1.495676260674372315e-04
1.586223515914753079e-04
1.683594746282324195e-04
1.788085937732830644e-04
1.900008355733007193e-04
2.019691455643624067e-04
2.147480554413050413e-04
2.283737267134711146e-04
2.428840525681152940e-04
2.583185560069978237e-04
2.747183898463845253e-04
2.921264676842838526e-04
3.105872019659727812e-04
3.301465767435729504e-04
3.508522931952029467e-04
3.727534785866737366e-04
3.959009482059627771e-04
4.203466523904353380e-04
4.461443750187754631e-04
4.733488894999027252e-04
5.020163953304290771e-04
5.322042852640151978e-04
5.639712326228618622e-04
5.973764928057789803e-04
6.324806599877774715e-04
6.693450850434601307e-04
7.080314680933952332e-04
7.486023823730647564e-04
7.911206339485943317e-04
8.356490870937705040e-04
8.822506642900407314e-04
9.309885790571570396e-04
9.819249389693140984e-04
1.035121502354741096e-03
1.090639620088040829e-03
1.148538663983345032e-03
1.208877074532210827e-03
1.271712011657655239e-03
1.337097724899649620e-03
1.405087066814303398e-03
1.475729630328714848e-03
1.549071981571614742e-03
1.625157892704010010e-03
1.704026595689356327e-03
1.785713830031454563e-03
1.870250445790588856e-03
1.957661937922239304e-03
2.047968097031116486e-03
2.141184406355023384e-03
2.237317385151982307e-03
2.336368663236498833e-03
2.438331954181194305e-03
2.543192356824874878e-03
2.650926820933818817e-03
2.761503215879201889e-03
2.874879864975810051e-03
2.991005312651395798e-03
3.109816927462816238e-03
3.231241600587964058e-03
3.355193417519330978e-03
3.481575287878513336e-03
3.610276617109775543e-03
3.741173772141337395e-03
3.874128917232155800e-03
4.008990712463855743e-03
4.145591054111719131e-03
4.283749964088201523e-03
4.423267673701047897e-03
4.563931375741958618e-03
4.705511033535003662e-03
4.847759380936622620e-03
4.990412387996912003e-03
5.133188329637050629e-03
5.275786854326725006e-03
5.417893640697002411e-03
5.559172946959733963e-03
5.699273664504289627e-03
5.837822798639535904e-03
5.974436178803443909e-03
6.108706817030906677e-03
6.240212358534336090e-03
6.368515081703662872e-03
6.493157707154750824e-03
6.613668985664844513e-03
6.729563232511281967e-03
6.840338930487632751e-03
6.945478729903697968e-03
7.044456433504819870e-03
7.136730011552572250e-03
7.221751846373081207e-03
7.298958487808704376e-03
7.367784157395362854e-03
7.427650503814220428e-03
7.477978710085153580e-03
7.518184371292591095e-03
7.547681685537099838e-03
7.565885782241821289e-03
7.572208531200885773e-03
7.566077169030904770e-03
7.546913344413042068e-03
7.514155004173517227e-03
7.467247080057859421e-03
7.405653595924377441e-03
7.328846491873264313e-03
7.236323319375514984e-03
7.127599790692329407e-03
7.002219557762145996e-03
6.859746761620044708e-03
6.699783727526664734e-03
6.521956995129585266e-03
6.325937807559967041e-03
6.111427675932645798e-03
5.878175143152475357e-03
5.625974852591753006e-03
5.354661028832197189e-03
5.064125172793865204e-03
4.754310939460992813e-03
4.425215069204568863e-03
4.076893441379070282e-03
3.709465265274047852e-03
3.323112148791551590e-03
2.918077167123556137e-03
2.494678832590579987e-03
2.053296193480491638e-03
1.594386645592749119e-03
1.118474756367504597e-03
6.261651869863271713e-04
1.181317493319511414e-04
-4.048733972012996674e-04
-9.420177666470408440e-04
-1.492400653660297394e-03
-2.055040560662746429e-03
-2.628877758979797363e-03
-3.212775103747844696e-03
-3.805532120168209076e-03
-4.405866377055644989e-03
-5.012424197047948837e-03
-5.623789969831705093e-03
-6.238471716642379761e-03
-6.854922510683536530e-03
-7.471531163901090622e-03
-8.086629211902618408e-03
-8.698496967554092407e-03
-9.305369108915328979e-03
-9.905434213578701019e-03
-1.049683801829814911e-02
-1.107770297676324844e-02
-1.164611894637346268e-02
-1.220015529543161392e-02
-1.273787021636962891e-02
-1.325731445103883743e-02
-1.375653035938739777e-02
-1.423357985913753510e-02
-1.468653231859207153e-02
-1.511348504573106766e-02
-1.551255211234092712e-02
-1.588190719485282898e-02
-1.621975377202033997e-02
-1.652435772120952606e-02
-1.679405570030212402e-02
-1.702724397182464600e-02
-1.722240447998046875e-02
-1.737811230123043060e-02
-1.749303564429283142e-02
-1.756595447659492493e-02
-1.759575493633747101e-02
-1.758144423365592957e-02
-1.752217300236225128e-02
-1.741721667349338531e-02
-1.726599223911762238e-02
-1.706807687878608704e-02
-1.682319492101669312e-02
-1.653124578297138214e-02
-1.619228534400463104e-02
-1.580654457211494446e-02
-1.537443976849317551e-02
-1.489656232297420502e-02
-1.437368895858526230e-02
-1.380678638815879822e-02
-1.319701131433248520e-02
-1.254570204764604568e-02
-1.185440644621849060e-02
-1.112484838813543320e-02
-1.035895384848117828e-02
-9.558839723467826843e-03
-8.726801723241806030e-03
-7.865333929657936096e-03
-6.977098993957042694e-03
-6.064960733056068420e-03
-5.131933838129043579e-03
-4.181220661848783493e-03
-3.216174431145191193e-03
-2.240308094769716263e-03
-1.257291063666343689e-03
-2.709249965846538544e-04
7.148481672629714012e-04
1.695977058261632919e-03
2.668282482773065567e-03
3.627486294135451317e-03
4.569222684949636459e-03
5.489040166139602661e-03
6.382419262081384659e-03
7.244790438562631607e-03
8.071534335613250732e-03
8.858001790940761566e-03
9.599527344107627869e-03
1.029144134372472763e-02
1.092907506972551346e-02
1.150777842849493027e-02
1.202293299138545990e-02
1.246994361281394958e-02
1.284426823258399963e-02
1.314138807356357574e-02
1.335685141384601593e-02
1.348623074591159821e-02
1.352518983185291290e-02
1.346949953585863113e-02
1.331510581076145172e-02
1.305838860571384430e-02
1.269641332328319550e-02
1.222744770348072052e-02
1.165170967578887939e-02
1.097237225621938705e-02
1.019669417291879654e-02
9.337426163256168365e-03
8.413975127041339874e-03
7.453000172972679138e-03
6.488752551376819611e-03
5.561843514442443848e-03
4.717036150395870209e-03
3.999899141490459442e-03
3.452496603131294250e-03
3.109091892838478088e-03
2.992036752402782440e-03
3.109091892838478088e-03
3.452496603131294250e-03
3.999899141490459442e-03
4.717036150395870209e-03
5.561843514442443848e-03
6.488752551376819611e-03
7.453000172972679138e-03
8.413975127041339874e-03
9.337426163256168365e-03
1.019669417291879654e-02
1.097237225621938705e-02
1.165170967578887939e-02
1.222744770348072052e-02
1.269641332328319550e-02
1.305838860571384430e-02
1.331510581076145172e-02
1.346949953585863113e-02
1.352518983185291290e-02
1.348623074591159821e-02
1.335685141384601593e-02
1.314138807356357574e-02
1.284426823258399963e-02
1.246994361281394958e-02
1.202293299138545990e-02
1.150777842849493027e-02
1.092907506972551346e-02
1.029144134372472763e-02
9.599527344107627869e-03
8.858001790940761566e-03
8.071534335613250732e-03
7.244790438562631607e-03
6.382419262081384659e-03
5.489040166139602661e-03
4.569222684949636459e-03
3.627486294135451317e-03
2.668282482773065567e-03
1.695977058261632919e-03
7.148481672629714012e-04
-2.709249965846538544e-04
-1.257291063666343689e-03
-2.240308094769716263e-03
-3.216174431145191193e-03
-4.181220661848783493e-03
-5.131933838129043579e-03
-6.064960733056068420e-03
-6.977098993957042694e-03
-7.865333929657936096e-03
-8.726801723241806030e-03
-9.558839723467826843e-03
-1.035895384848117828e-02
-1.112484838813543320e-02
-1.185440644621849060e-02
-1.254570204764604568e-02
-1.319701131433248520e-02
-1.380678638815879822e-02
-1.437368895858526230e-02
-1.489656232297420502e-02
-1.537443976849317551e-02
-1.580654457211494446e-02
-1.619228534400463104e-02
-1.653124578297138214e-02
-1.682319492101669312e-02
-1.706807687878608704e-02
-1.726599223911762238e-02
-1.741721667349338531e-02
-1.752217300236225128e-02
-1.758144423365592957e-02
-1.759575493633747101e-02
-1.756595447659492493e-02
-1.749303564429283142e-02
-1.737811230123043060e-02
-1.722240447998046875e-02
-1.702724397182464600e-02
-1.679405570030212402e-02
-1.652435772120952606e-02
-1.621975377202033997e-02
-1.588190719485282898e-02
-1.551255211234092712e-02
-1.511348504573106766e-02
-1.468653231859207153e-02
-1.423357985913753510e-02
-1.375653035938739777e-02
-1.325731445103883743e-02
-1.273787021636962891e-02
-1.220015529543161392e-02
-1.164611894637346268e-02
-1.107770297676324844e-02
-1.049683801829814911e-02
-9.905434213578701019e-03
-9.305369108915328979e-03
-8.698496967554092407e-03
-8.086629211902618408e-03
-7.471531163901090622e-03
-6.854922510683536530e-03
-6.238471716642379761e-03
-5.623789969831705093e-03
-5.012424197047948837e-03
-4.405866377055644989e-03
-3.805532120168209076e-03
-3.212775103747844696e-03
-2.628877758979797363e-03
-2.055040560662746429e-03
-1.492400653660297394e-03
-9.420177666470408440e-04
-4.048733972012996674e-04
1.181317493319511414e-04
6.261651869863271713e-04
1.118474756367504597e-03
1.594386645592749119e-03
2.053296193480491638e-03
2.494678832590579987e-03
2.918077167123556137e-03
3.323112148791551590e-03
3.709465265274047852e-03
4.076893441379070282e-03
4.425215069204568863e-03
4.754310939460992813e-03
5.064125172793865204e-03
5.354661028832197189e-03
5.625974852591753006e-03
5.878175143152475357e-03
6.111427675932645798e-03
6.325937807559967041e-03
6.521956995129585266e-03
6.699783727526664734e-03
6.859746761620044708e-03
7.002219557762145996e-03
7.127599790692329407e-03
7.236323319375514984e-03
7.328846491873264313e-03
7.405653595924377441e-03
7.467247080057859421e-03
7.514155004173517227e-03
7.546913344413042068e-03
7.566077169030904770e-03
7.572208531200885773e-03
7.565885782241821289e-03
7.547681685537099838e-03
7.518184371292591095e-03
7.477978710085153580e-03
7.427650503814220428e-03
7.367784157395362854e-03
7.298958487808704376e-03
7.221751846373081207e-03
7.136730011552572250e-03
7.044456433504819870e-03
6.945478729903697968e-03
6.840338930487632751e-03
6.729563232511281967e-03
6.613668985664844513e-03
6.493157707154750824e-03
6.368515081703662872e-03
6.240212358534336090e-03
6.108706817030906677e-03
5.974436178803443909e-03
5.837822798639535904e-03
5.699273664504289627e-03
5.559172946959733963e-03
5.417893640697002411e-03
5.275786854326725006e-03
5.133188329637050629e-03
4.990412387996912003e-03
4.847759380936622620e-03
4.705511033535003662e-03
4.563931375741958618e-03
4.423267673701047897e-03
4.283749964088201523e-03
4.145591054111719131e-03
4.008990712463855743e-03
3.874128917232155800e-03
3.741173772141337395e-03
3.610276617109775543e-03
3.481575287878513336e-03
3.355193417519330978e-03
3.231241600587964058e-03
3.109816927462816238e-03
2.991005312651395798e-03
2.874879864975810051e-03
2.761503215879201889e-03
2.650926820933818817e-03
2.543192356824874878e-03
2.438331954181194305e-03
2.336368663236498833e-03
2.237317385151982307e-03
2.141184406355023384e-03
2.047968097031116486e-03
1.957661937922239304e-03
1.870250445790588856e-03
1.785713830031454563e-03
1.704026595689356327e-03
1.625157892704010010e-03
1.549071981571614742e-03
1.475729630328714848e-03
1.405087066814303398e-03
1.337097724899649620e-03
1.271712011657655239e-03
1.208877074532210827e-03
1.148538663983345032e-03
1.090639620088040829e-03
1.035121502354741096e-03
9.819249389693140984e-04
9.309885790571570396e-04
8.822506642900407314e-04
8.356490870937705040e-04
7.911206339485943317e-04
7.486023823730647564e-04
7.080314680933952332e-04
6.693450850434601307e-04
6.324806599877774715e-04
5.973764928057789803e-04
5.639712326228618622e-04
5.322042852640151978e-04
5.020163953304290771e-04
4.733488894999027252e-04
4.461443750187754631e-04
4.203466523904353380e-04
3.959009482059627771e-04
3.727534785866737366e-04
3.508522931952029467e-04
3.301465767435729504e-04
3.105872019659727812e-04
2.921264676842838526e-04
2.747183898463845253e-04
2.583185560069978237e-04
2.428840525681152940e-04
2.283737267134711146e-04
2.147480554413050413e-04
2.019691455643624067e-04
1.900008355733007193e-04
1.788085937732830644e-04
1.683594746282324195e-04
1.586223515914753079e-04
1.495676260674372315e-04
1.411673583788797259e-04
1.333953114226460457e-04
1.262268633581697941e-04
1.196389421238563955e-04
1.136101345764473081e-04
1.081206573871895671e-04
1.031521678669378161e-04
9.868804772850126028e-05
9.471317025600001216e-05
9.121395851252600551e-05
8.817834896035492420e-05
8.559587877243757248e-05
8.345750393345952034e-05
8.175577386282384396e-05
8.048469317145645618e-05
7.963978714542463422e-05
7.921809446997940540e-05
7.921809446997940540e-05
7.963978714542463422e-05
8.048469317145645618e-05
8.175577386282384396e-05
8.345750393345952034e-05
8.559587877243757248e-05
8.817834896035492420e-05
9.121395851252600551e-05
9.471317025600001216e-05
9.868804772850126028e-05
1.031521678669378161e-04
1.081206573871895671e-04
1.136101345764473081e-04
1.196389421238563955e-04
1.262268633581697941e-04
1.333953114226460457e-04
1.411673583788797259e-04
1.495676260674372315e-04
1.586223515914753079e-04
1.683594746282324195e-04
1.788085937732830644e-04
1.900008355733007193e-04
2.019691455643624067e-04
2.147480554413050413e-04
2.283737267134711146e-04
2.428840525681152940e-04
2.583185560069978237e-04
2.747183898463845253e-04
2.921264676842838526e-04
3.105872019659727812e-04
3.301465767435729504e-04
3.508522931952029467e-04
3.727534785866737366e-04
3.959009482059627771e-04
4.203466523904353380e-04
4.461443750187754631e-04
4.733488894999027252e-04
5.020163953304290771e-04
5.322042852640151978e-04
5.639712326228618622e-04
5.973764928057789803e-04
6.324806599877774715e-04
6.693450850434601307e-04
7.080314680933952332e-04
7.486023823730647564e-04
7.911206339485943317e-04
8.356490870937705040e-04
8.822506642900407314e-04
9.309885790571570396e-04
9.819249389693140984e-04
1.035121502354741096e-03
1.090639620088040829e-03
1.148538663983345032e-03
1.208877074532210827e-03
1.271712011657655239e-03
1.337097724899649620e-03
1.405087066814303398e-03
1.475729630328714848e-03
1.549071981571614742e-03
1.625157892704010010e-03
1.704026595689356327e-03
1.785713830031454563e-03
1.870250445790588856e-03
1.957661937922239304e-03
2.047968097031116486e-03
2.141184406355023384e-03
2.237317385151982307e-03
2.336368663236498833e-03
2.438331954181194305e-03
2.543192356824874878e-03
2.650926820933818817e-03
2.761503215879201889e-03
2.874879864975810051e-03
2.991005312651395798e-03
3.109816927462816238e-03
3.231241600587964058e-03
3.355193417519330978e-03
3.481575287878513336e-03
3.610276617109775543e-03
3.741173772141337395e-03
3.874128917232155800e-03
4.008990712463855743e-03
4.145591054111719131e-03
4.283749964088201523e-03
4.423267673701047897e-03
4.563931375741958618e-03
4.705511033535003662e-03
4.847759380936622620e-03
4.990412387996912003e-03
5.133188329637050629e-03
5.275786854326725006e-03
5.417893640697002411e-03
5.559172946959733963e-03
5.699273664504289627e-03
5.837822798639535904e-03
5.974436178803443909e-03
6.108706817030906677e-03
6.240212358534336090e-03
6.368515081703662872e-03
6.493157707154750824e-03
6.613668985664844513e-03
6.729563232511281967e-03
6.840338930487632751e-03
6.945478729903697968e-03
7.044456433504819870e-03
7.136730011552572250e-03
7.221751846373081207e-03
7.298958487808704376e-03
7.367784157395362854e-03
7.427650503814220428e-03
7.477978710085153580e-03
7.518184371292591095e-03
7.547681685537099838e-03
7.565885782241821289e-03
7.572208531200885773e-03
7.566077169030904770e-03
7.546913344413042068e-03
7.514155004173517227e-03
7.467247080057859421e-03
7.405653595924377441e-03
7.328846491873264313e-03
7.236323319375514984e-03
7.127599790692329407e-03
7.002219557762145996e-03
6.859746761620044708e-03
6.699783727526664734e-03
6.521956995129585266e-03
6.325937807559967041e-03
6.111427675932645798e-03
5.878175143152475357e-03
5.625974852591753006e-03
5.354661028832197189e-03
5.064125172793865204e-03
4.754310939460992813e-03
4.425215069204568863e-03
4.076893441379070282e-03
3.709465265274047852e-03
3.323112148791551590e-03
2.918077167123556137e-03
2.494678832590579987e-03
2.053296193480491638e-03
1.594386645592749119e-03
1.118474756367504597e-03
6.261651869863271713e-04
1.181317493319511414e-04
-4.048733972012996674e-04
-9.420177666470408440e-04
-1.492400653660297394e-03
-2.055040560662746429e-03
-2.628877758979797363e-03
-3.212775103747844696e-03
-3.805532120168209076e-03
-4.405866377055644989e-03
-5.012424197047948837e-03
-5.623789969831705093e-03
-6.238471716642379761e-03
-6.854922510683536530e-03
-7.471531163901090622e-03
-8.086629211902618408e-03
-8.698496967554092407e-03
-9.305369108915328979e-03
-9.905434213578701019e-03
-1.049683801829814911e-02
-1.107770297676324844e-02
-1.164611894637346268e-02
-1.220015529543161392e-02
-1.273787021636962891e-02
-1.325731445103883743e-02
-1.375653035938739777e-02
-1.423357985913753510e-02
-1.468653231859207153e-02
-1.511348504573106766e-02
-1.551255211234092712e-02
-1.588190719485282898e-02
-1.621975377202033997e-02
-1.652435772120952606e-02
-1.679405570030212402e-02
-1.702724397182464600e-02
-1.722240447998046875e-02
-1.737811230123043060e-02
-1.749303564429283142e-02
-1.756595447659492493e-02
-1.759575493633747101e-02
-1.758144423365592957e-02
-1.752217300236225128e-02
-1.741721667349338531e-02
-1.726599223911762238e-02
-1.706807687878608704e-02
-1.682319492101669312e-02
-1.653124578297138214e-02
-1.619228534400463104e-02
-1.580654457211494446e-02
-1.537443976849317551e-02
-1.489656232297420502e-02
-1.437368895858526230e-02
-1.380678638815879822e-02
-1.319701131433248520e-02
-1.254570204764604568e-02
-1.185440644621849060e-02
-1.112484838813543320e-02
-1.035895384848117828e-02
-9.558839723467826843e-03
-8.726801723241806030e-03
-7.865333929657936096e-03
-6.977098993957042694e-03
-6.064960733056068420e-03
-5.131933838129043579e-03
-4.181220661848783493e-03
-3.216174431145191193e-03
-2.240308094769716263e-03
-1.257291063666343689e-03
-2.709249965846538544e-04
7.148481672629714012e-04
1.695977058261632919e-03
2.668282482773065567e-03
3.627486294135451317e-03
4.569222684949636459e-03
5.489040166139602661e-03
6.382419262081384659e-03
7.244790438562631607e-03
8.071534335613250732e-03
8.858001790940761566e-03
9.599527344107627869e-03
1.029144134372472763e-02
1.092907506972551346e-02
1.150777842849493027e-02
1.202293299138545990e-02
1.246994361281394958e-02
1.284426823258399963e-02
1.314138807356357574e-02
1.335685141384601593e-02
1.348623074591159821e-02
1.352518983185291290e-02
1.346949953585863113e-02
1.331510581076145172e-02
1.305838860571384430e-02
1.269641332328319550e-02
1.222744770348072052e-02
1.165170967578887939e-02
1.097237225621938705e-02
1.019669417291879654e-02
9.337426163256168365e-03
8.413975127041339874e-03
7.453000172972679138e-03
6.488752551376819611e-03
5.561843514442443848e-03
4.717036150395870209e-03
3.999899141490459442e-03
3.452496603131294250e-03
3.109091892838478088e-03
