-9.950 -1.26487e-13
-9.850 -2.43159e-13
-9.750 -4.62749e-13
-9.650 -8.71782e-13
-9.550 -1.62584e-12
-9.450 -3.00164e-12
-9.350 -5.48588e-12
-9.250 -9.92527e-12
-9.150 -1.77765e-11
-9.050 -3.15181e-11
-8.950 -5.53201e-11
-8.850 -9.61205e-11
-8.750 -1.65333e-10
-8.650 -2.81524e-10
-8.550 -4.74553e-10
-8.450 -7.91897e-10
-8.350 -1.30818e-09
-8.250 -2.13938e-09
-8.150 -3.4636e-09
-8.050 -5.55125e-09
-7.950 -8.80808e-09
-7.850 -1.38357e-08
-7.750 -2.15157e-08
-7.650 -3.31243e-08
-7.550 -5.04871e-08
-7.450 -7.61834e-08
-7.350 -1.13813e-07
-7.250 -1.68335e-07
-7.150 -2.465e-07
-7.050 -3.57372e-07
-6.950 -5.12963e-07
-6.850 -7.28974e-07
-6.750 -1.02564e-06
-6.650 -1.42867e-06
-6.550 -1.97016e-06
-6.450 -2.68961e-06
-6.350 -3.63463e-06
-6.250 -4.86151e-06
-6.150 -6.43517e-06
-6.050 -8.42828e-06
-5.950 -1.09192e-05
-5.850 -1.39879e-05
-5.750 -1.77095e-05
-5.650 -2.21442e-05
-5.550 -2.73221e-05
-5.450 -3.32214e-05
-5.350 -3.97384e-05
-5.250 -4.6646e-05
-5.150 -5.35369e-05
-5.050 -5.97497e-05
-4.950 -6.42712e-05
-4.850 -6.56113e-05
-4.750 -6.16438e-05
-4.650 -4.94084e-05
-4.550 -2.48683e-05
-4.450 1.73832e-05
-4.350 8.44685e-05
-4.250 0.000185626
-4.150 0.000332665
-4.050 0.000540466
-3.950 0.000827518
-3.850 0.00121648
-3.750 0.00173471
-3.650 0.00241482
-3.550 0.00329508
-3.450 0.00441978
-3.350 0.00583933
-3.250 0.00761028
-3.150 0.00979489
-3.050 0.0124606
-2.950 0.0156788
-2.850 0.0195239
-2.750 0.0240709
-2.650 0.0293936
-2.550 0.0355623
-2.450 0.0426402
-2.350 0.0506812
-2.250 0.059726
-2.150 0.0697994
-2.050 0.0809068
-1.950 0.0930319
-1.850 0.106134
-1.750 0.120146
-1.650 0.134975
-1.550 0.150499
-1.450 0.16657
-1.350 0.183016
-1.250 0.199639
-1.150 0.216225
-1.050 0.232545
-0.950 0.248357
-0.850 0.263416
-0.750 0.27748
-0.650 0.290312
-0.550 0.30169
-0.450 0.311412
-0.350 0.319302
-0.250 0.325212
-0.150 0.32903
-0.050 0.330684
 0.050 0.330139
 0.150 0.327403
 0.250 0.322526
 0.350 0.315596
 0.450 0.306739
 0.550 0.296116
 0.650 0.283918
 0.750 0.270358
 0.850 0.255669
 0.950 0.240095
 1.050 0.223886
 1.150 0.20729
 1.250 0.19055
 1.350 0.173893
 1.450 0.15753
 1.550 0.141651
 1.650 0.126418
 1.750 0.111969
 1.850 0.0984108
 1.950 0.0858233
 2.050 0.0742579
 2.150 0.0637401
 2.250 0.0542714
 2.350 0.0458324
 2.450 0.0383859
 2.550 0.0318802
 2.650 0.0262524
 2.750 0.0214321
 2.850 0.0173442
 2.950 0.0139117
 3.050 0.0110581
 3.150 0.00870943
 3.250 0.00679576
 3.350 0.00525227
 3.450 0.00402003
 3.550 0.00304642
 3.650 0.00228516
 3.750 0.00169623
 3.850 0.00124551
 3.950 0.000904333
 4.050 0.000648973
 4.150 0.000460033
 4.250 0.000321891
 4.350 0.000222127
 4.450 0.000151
 4.550 0.000100971
 4.650 6.62844e-05
 4.750 4.26039e-05
 4.850 2.67076e-05
 4.950 1.62354e-05
 5.050 9.4825e-06
 5.150 5.2362e-06
 5.250 2.64703e-06
 5.350 1.12985e-06
 5.450 2.88722e-07
 5.550 -1.39032e-07
 5.650 -3.23864e-07
 5.750 -3.73566e-07
 5.850 -3.54212e-07
 5.950 -3.04729e-07
 6.050 -2.46829e-07
 6.150 -1.9165e-07
 6.250 -1.44086e-07
 6.350 -1.05543e-07
 6.450 -7.56314e-08
 6.550 -5.31699e-08
 6.650 -3.6745e-08
 6.750 -2.50004e-08
 6.850 -1.67649e-08
 6.950 -1.109e-08
 7.050 -7.24167e-09
 7.150 -4.67034e-09
 7.250 -2.97608e-09
 7.350 -1.87446e-09
 7.450 -1.16724e-09
 7.550 -7.18773e-10
 7.650 -4.37776e-10
 7.750 -2.63757e-10
 7.850 -1.57217e-10
 7.950 -9.27213e-11
 8.050 -5.41104e-11
 8.150 -3.12487e-11
 8.250 -1.78589e-11
 8.350 -1.01011e-11
 8.450 -5.65446e-12
 8.550 -3.13281e-12
 8.650 -1.71793e-12
 8.750 -9.32433e-13
 8.850 -5.00928e-13
 8.950 -2.6637e-13
 9.050 -1.40201e-13
 9.150 -7.30431e-14
 9.250 -3.76678e-14
 9.350 -1.92277e-14
 9.450 -9.71527e-15
 9.550 -4.85906e-15
 9.650 -2.4056e-15
 9.750 -1.17887e-15
 9.850 -5.71858e-16
 9.950 -2.7459e-16
