-9.950 1.02693e-10
-9.850 1.71041e-10
-9.750 2.81775e-10
-9.650 4.59118e-10
-9.550 7.3983e-10
-9.450 1.17895e-09
-9.350 1.85769e-09
-9.250 2.89419e-09
-9.150 4.45774e-09
-9.050 6.7871e-09
-8.950 1.02137e-08
-8.850 1.51896e-08
-8.750 2.2321e-08
-8.650 3.24044e-08
-8.550 4.64658e-08
-8.450 6.57972e-08
-8.350 9.19848e-08
-8.250 1.26922e-07
-8.150 1.72793e-07
-8.050 2.32016e-07
-7.950 3.07132e-07
-7.850 4.0061e-07
-7.750 5.14569e-07
-7.650 6.5039e-07
-7.550 8.08217e-07
-7.450 9.86361e-07
-7.350 1.18062e-06
-7.250 1.38355e-06
-7.150 1.58387e-06
-7.050 1.76588e-06
-6.950 1.90932e-06
-6.850 1.98962e-06
-6.750 1.97883e-06
-6.650 1.84729e-06
-6.550 1.56631e-06
-6.450 1.11179e-06
-6.350 4.68678e-07
-6.250 -3.63939e-07
-6.150 -1.36775e-06
-6.050 -2.50086e-06
-5.950 -3.69544e-06
-5.850 -4.85875e-06
-5.750 -5.87949e-06
-5.650 -6.64137e-06
-5.550 -7.04618e-06
-5.450 -7.04834e-06
-5.350 -6.70255e-06
-5.250 -6.2255e-06
-5.150 -6.07156e-06
-5.050 -7.02042e-06
-4.950 -1.02729e-05
-4.850 -1.75487e-05
-4.750 -3.11753e-05
-4.650 -5.41571e-05
-4.550 -9.02049e-05
-4.450 -0.000143708
-4.350 -0.000219622
-4.250 -0.000323247
-4.150 -0.000459864
-4.050 -0.000634203
-3.950 -0.000849714
-3.850 -0.00110761
-3.750 -0.00140568
-3.650 -0.00173686
-3.550 -0.00208757
-3.450 -0.00243586
-3.350 -0.00274941
-3.250 -0.00298348
-3.150 -0.00307892
-3.050 -0.00296041
-2.950 -0.00253499
-2.850 -0.00169128
-2.750 -0.00029933
-2.650 0.00178841
-2.550 0.00473507
-2.450 0.008716
-2.350 0.0139139
-2.250 0.0205128
-2.150 0.02869
-2.050 0.0386077
-1.950 0.050403
-1.850 0.0641775
-1.750 0.0799871
-1.650 0.097832
-1.550 0.117648
-1.450 0.139301
-1.350 0.16258
-1.250 0.187198
-1.150 0.212795
-1.050 0.238942
-0.950 0.265152
-0.850 0.290892
-0.750 0.315604
-0.650 0.338718
-0.550 0.35968
-0.450 0.377968
-0.350 0.393113
-0.250 0.404724
-0.150 0.412499
-0.050 0.41624
 0.050 0.415861
 0.150 0.411392
 0.250 0.402977
 0.350 0.390865
 0.450 0.375401
 0.550 0.357012
 0.650 0.336184
 0.750 0.313444
 0.850 0.28934
 0.950 0.264419
 1.050 0.239208
 1.150 0.214197
 1.250 0.189825
 1.350 0.16647
 1.450 0.14444
 1.550 0.123973
 1.650 0.105236
 1.750 0.0883255
 1.850 0.0732787
 1.950 0.0600766
 2.050 0.0486544
 2.150 0.038911
 2.250 0.0307184
 2.350 0.0239304
 2.450 0.0183912
 2.550 0.0139425
 2.650 0.010429
 2.750 0.00770352
 2.850 0.0056301
 2.950 0.00408619
 3.050 0.00296387
 3.150 0.00217015
 3.250 0.00162656
 3.350 0.00126831
 3.450 0.00104307
 3.550 0.000909499
 3.650 0.000835823
 3.750 0.000798278
 3.850 0.00077972
 3.950 0.000768321
 4.050 0.000756416
 4.150 0.000739512
 4.250 0.00071545
 4.350 0.000683717
 4.450 0.000644897
 4.550 0.000600239
 4.650 0.000551337
 4.750 0.000499886
 4.850 0.000447522
 4.950 0.00039571
 5.050 0.000345682
 5.150 0.000298413
 5.250 0.000254614
 5.350 0.000214749
 5.450 0.000179064
 5.550 0.000147613
 5.650 0.000120305
 5.750 9.69291e-05
 5.850 7.71947e-05
 5.950 6.07586e-05
 6.050 4.72511e-05
 6.150 3.62964e-05
 6.250 2.7529e-05
 6.350 2.06049e-05
 6.450 1.52101e-05
 6.550 1.10643e-05
 6.650 7.92317e-06
 6.750 5.57804e-06
 6.850 3.85397e-06
 6.950 2.60701e-06
 7.050 1.72082e-06
 7.150 1.10295e-06
 7.250 6.8127e-07
 7.350 4.00415e-07
 7.450 2.18678e-07
 7.550 1.05203e-07
 7.650 3.75995e-08
 7.750 -4.88134e-11
 7.850 -1.88052e-08
 7.950 -2.61706e-08
 8.050 -2.70866e-08
 8.150 -2.46987e-08
 8.250 -2.09239e-08
 8.350 -1.6863e-08
 8.450 -1.30926e-08
 8.550 -9.86679e-09
 8.650 -7.25253e-09
 8.750 -5.21671e-09
 8.850 -3.68057e-09
 8.950 -2.55148e-09
 9.050 -1.74018e-09
 9.150 -1.16885e-09
 9.250 -7.73801e-10
 9.350 -5.05225e-10
 9.450 -3.25498e-10
 9.550 -2.07016e-10
 9.650 -1.30019e-10
 9.750 -8.06651e-11
 9.850 -4.94479e-11
 9.950 -2.99561e-11
