-9.950 1.05456e-14
-9.850 2.15322e-14
-9.750 4.35246e-14
-9.650 8.70979e-14
-9.550 1.72545e-13
-9.450 3.3839e-13
-9.350 6.56971e-13
-9.250 1.26265e-12
-9.150 2.40229e-12
-9.050 4.52445e-12
-8.950 8.43524e-12
-8.850 1.55673e-11
-8.750 2.84384e-11
-8.650 5.1424e-11
-8.550 9.20413e-11
-8.450 1.6306e-10
-8.350 2.85921e-10
-8.250 4.9621e-10
-8.150 8.52297e-10
-8.050 1.44879e-09
-7.950 2.43719e-09
-7.850 4.05715e-09
-7.750 6.6831e-09
-7.650 1.08926e-08
-7.550 1.75651e-08
-7.450 2.8022e-08
-7.350 4.4222e-08
-7.250 6.90273e-08
-7.150 1.0656e-07
-7.050 1.62666e-07
-6.950 2.45502e-07
-6.850 3.66257e-07
-6.750 5.39999e-07
-6.650 7.86608e-07
-6.550 1.13173e-06
-6.450 1.60761e-06
-6.350 2.25356e-06
-6.250 3.11573e-06
-6.150 4.24564e-06
-6.050 5.69684e-06
-5.950 7.51852e-06
-5.850 9.74516e-06
-5.750 1.23803e-05
-5.650 1.53731e-05
-5.550 1.85844e-05
-5.450 2.1742e-05
-5.350 2.43807e-05
-5.250 2.57661e-05
-5.150 2.48005e-05
-5.050 1.99103e-05
-4.950 8.91547e-06
-4.850 -1.11144e-05
-4.750 -4.40129e-05
-4.650 -9.46658e-05
-4.550 -0.000169144
-4.450 -0.000274795
-4.350 -0.000420277
-4.250 -0.000615484
-4.150 -0.000871346
-4.050 -0.00119944
-3.950 -0.00161139
-3.850 -0.00211796
-3.750 -0.00272788
-3.650 -0.0034463
-3.550 -0.00427286
-3.450 -0.0051994
-3.350 -0.0062074
-3.250 -0.00726507
-3.150 -0.00832433
-3.050 -0.00931784
-2.950 -0.0101562
-2.850 -0.0107255
-2.750 -0.010886
-2.650 -0.0104714
-2.550 -0.00928972
-2.450 -0.00712611
-2.350 -0.003747
-2.250 0.00109314
-2.150 0.00764308
-2.050 0.0161441
-1.950 0.0268173
-1.850 0.0398497
-1.750 0.0553794
-1.650 0.073481
-1.550 0.0941517
-1.450 0.117299
-1.350 0.142733
-1.250 0.170159
-1.150 0.199179
-1.050 0.229296
-0.950 0.259924
-0.850 0.290405
-0.750 0.320028
-0.650 0.348056
-0.550 0.373754
-0.450 0.396419
-0.350 0.415411
-0.250 0.430178
-0.150 0.440288
-0.050 0.445442
 0.050 0.445493
 0.150 0.440448
 0.250 0.430472
 0.350 0.415878
 0.450 0.397111
 0.550 0.374727
 0.650 0.349371
 0.750 0.32174
 0.850 0.292564
 0.950 0.262566
 1.050 0.232442
 1.150 0.202831
 1.250 0.174301
 1.350 0.147329
 1.450 0.122294
 1.550 0.0994744
 1.650 0.0790486
 1.750 0.0610997
 1.850 0.0456262
 1.950 0.0325534
 2.050 0.021747
 2.150 0.0130278
 2.250 0.00618543
 2.350 0.000991542
 2.450 -0.00278816
 2.550 -0.00538416
 2.650 -0.0070151
 2.750 -0.00788197
 2.850 -0.00816413
 2.950 -0.00801718
 3.050 -0.00757237
 3.150 -0.0069372
 3.250 -0.00619693
 3.350 -0.00541684
 3.450 -0.00464471
 3.550 -0.00391363
 3.650 -0.00324461
 3.750 -0.00264918
 3.850 -0.00213167
 3.950 -0.00169119
 4.050 -0.00132331
 4.150 -0.0010214
 4.250 -0.000777689
 4.350 -0.000584053
 4.450 -0.000432547
 4.550 -0.000315781
 4.650 -0.000227131
 4.750 -0.000160835
 4.850 -0.000112011
 4.950 -7.66191e-05
 5.050 -5.1382e-05
 5.150 -3.36963e-05
 5.250 -2.15317e-05
 5.350 -1.33341e-05
 5.450 -7.93492e-06
 5.550 -4.47172e-06
 5.650 -2.31979e-06
 5.750 -1.03523e-06
 5.850 -3.09084e-07
 5.950 6.89938e-08
 6.050 2.38752e-07
 6.150 2.90477e-07
 6.250 2.80605e-07
 6.350 2.42981e-07
 6.450 1.96813e-07
 6.550 1.5213e-07
 6.650 1.13454e-07
 6.750 8.21787e-08
 6.850 5.8064e-08
 6.950 4.01369e-08
 7.050 2.72006e-08
 7.150 1.80995e-08
 7.250 1.18385e-08
 7.350 7.61791e-09
 7.450 4.82563e-09
 7.550 3.0106e-09
 7.650 1.85046e-09
 7.750 1.12082e-09
 7.850 6.69072e-10
 7.950 3.93657e-10
 8.050 2.28274e-10
 8.150 1.30449e-10
 8.250 7.34484e-11
 8.350 4.0734e-11
 8.450 2.22427e-11
 8.550 1.1952e-11
 8.650 6.31549e-12
 8.750 3.27856e-12
 8.850 1.67006e-12
 8.950 8.33363e-13
 9.050 4.06449e-13
 9.150 1.93133e-13
 9.250 8.89889e-14
 9.350 3.94705e-14
 9.450 1.66479e-14
 9.550 6.52694e-15
 9.650 2.2615e-15
 9.750 5.92158e-16
 9.850 1.59685e-17
 9.950 -1.33212e-16
