-9.950 7.37442e-13
-9.850 1.34503e-12
-9.750 2.42746e-12
-9.650 4.33476e-12
-9.550 7.65862e-12
-9.450 1.3387e-11
-9.350 2.31493e-11
-9.250 3.95988e-11
-9.150 6.70012e-11
-9.050 1.12124e-10
-8.950 1.85562e-10
-8.850 3.03671e-10
-8.750 4.91338e-10
-8.650 7.85883e-10
-8.550 1.24239e-09
-8.450 1.94085e-09
-8.350 2.99541e-09
-8.250 4.56593e-09
-8.150 6.87172e-09
-8.050 1.02069e-08
-7.950 1.49554e-08
-7.850 2.16037e-08
-7.750 3.07442e-08
-7.650 4.30628e-08
-7.550 5.92967e-08
-7.450 8.0145e-08
-7.350 1.06105e-07
-7.250 1.372e-07
-7.150 1.72554e-07
-7.050 2.09754e-07
-6.950 2.43929e-07
-6.850 2.66464e-07
-6.750 2.63252e-07
-6.650 2.12389e-07
-6.550 8.12099e-08
-6.450 -1.77434e-07
-6.350 -6.29702e-07
-6.250 -1.36614e-06
-6.150 -2.50784e-06
-6.050 -4.21328e-06
-5.950 -6.68552e-06
-5.850 -1.01794e-05
-5.750 -1.50083e-05
-5.650 -2.1549e-05
-5.550 -3.02441e-05
-5.450 -4.16009e-05
-5.350 -5.61837e-05
-5.250 -7.45982e-05
-5.150 -9.74652e-05
-5.050 -0.00012538
-4.950 -0.000158856
-4.850 -0.000198241
-4.750 -0.000243611
-4.650 -0.000294629
-4.550 -0.000350362
-4.450 -0.000409055
-4.350 -0.000467845
-4.250 -0.000522415
-4.150 -0.00056658
-4.050 -0.000591793
-3.950 -0.000586575
-3.850 -0.000535866
-3.750 -0.000420298
-3.650 -0.000215413
-3.550 0.000109167
-3.450 0.000590576
-3.350 0.0012735
-3.250 0.0022109
-3.150 0.00346453
-3.050 0.0051053
-2.950 0.00721319
-2.850 0.00987685
-2.750 0.0131926
-2.650 0.017263
-2.550 0.0221943
-2.450 0.0280938
-2.350 0.0350661
-2.250 0.0432087
-2.150 0.0526072
-2.050 0.0633298
-1.950 0.0754218
-1.850 0.0889001
-1.750 0.103748
-1.650 0.119909
-1.550 0.137286
-1.450 0.155738
-1.350 0.175077
-1.250 0.195071
-1.150 0.215447
-1.050 0.235895
-0.950 0.256077
-0.850 0.275631
-0.750 0.294188
-0.650 0.311377
-0.550 0.32684
-0.450 0.340244
-0.350 0.351293
-0.250 0.359738
-0.150 0.365385
-0.050 0.368105
 0.050 0.367835
 0.150 0.364585
 0.250 0.358434
 0.350 0.349527
 0.450 0.338072
 0.550 0.32433
 0.650 0.308605
 0.750 0.291235
 0.850 0.272579
 0.950 0.253007
 1.050 0.232884
 1.150 0.212564
 1.250 0.192378
 1.350 0.172624
 1.450 0.153566
 1.550 0.135424
 1.650 0.118374
 1.750 0.10255
 1.850 0.0880392
 1.950 0.0748897
 2.050 0.0631117
 2.150 0.0526832
 2.250 0.0435548
 2.350 0.0356552
 2.450 0.0288968
 2.550 0.023181
 2.650 0.0184027
 2.750 0.0144547
 2.850 0.0112314
 2.950 0.00863151
 3.050 0.00656016
 3.150 0.00493063
 3.250 0.00366514
 3.350 0.00269527
 3.450 0.00196194
 3.550 0.00141503
 3.650 0.00101277
 3.750 0.000720977
 3.850 0.000512149
 3.950 0.00036457
 4.050 0.000261409
 4.150 0.000189876
 4.250 0.000140449
 4.350 0.000106191
 4.450 8.21664e-05
 4.550 6.49491e-05
 4.650 5.22245e-05
 4.750 4.24737e-05
 4.850 3.47291e-05
 4.950 2.83923e-05
 5.050 2.31021e-05
 5.150 1.86418e-05
 5.250 1.4878e-05
 5.350 1.17208e-05
 5.450 9.10082e-06
 5.550 6.95704e-06
 5.650 5.23095e-06
 5.750 3.86526e-06
 5.850 2.80442e-06
 5.950 1.99594e-06
 6.050 1.3918e-06
 6.150 9.49422e-07
 6.250 6.32255e-07
 6.350 4.09835e-07
 6.450 2.57489e-07
 6.550 1.55775e-07
 6.650 8.97721e-08
 6.750 4.83247e-08
 6.850 2.33083e-08
 6.950 8.95959e-09
 7.050 1.30101e-09
 7.150 -2.33325e-09
 7.250 -3.67352e-09
 7.350 -3.80252e-09
 7.450 -3.36851e-09
 7.550 -2.73806e-09
 7.650 -2.10211e-09
 7.750 -1.54711e-09
 7.850 -1.101e-09
 7.950 -7.61783e-10
 8.050 -5.14337e-10
 8.150 -3.39754e-10
 8.250 -2.19989e-10
 8.350 -1.39821e-10
 8.450 -8.7328e-11
 8.550 -5.36426e-11
 8.650 -3.2429e-11
 8.750 -1.93043e-11
 8.850 -1.13202e-11
 8.950 -6.54155e-12
 9.050 -3.72607e-12
 9.150 -2.09243e-12
 9.250 -1.15865e-12
 9.350 -6.32694e-13
 9.450 -3.40729e-13
 9.550 -1.80969e-13
 9.650 -9.47917e-14
 9.750 -4.89645e-14
 9.850 -2.49397e-14
 9.950 -1.25236e-14
