-9.950 -7.54071e-13
-9.850 -1.33205e-12
-9.750 -2.33071e-12
-9.650 -4.03974e-12
-9.550 -6.93689e-12
-9.450 -1.18026e-11
-9.350 -1.98997e-11
-9.250 -3.32537e-11
-9.150 -5.50849e-11
-9.050 -9.04701e-11
-8.950 -1.4735e-10
-8.850 -2.38049e-10
-8.750 -3.81564e-10
-8.650 -6.06982e-10
-8.550 -9.58575e-10
-8.450 -1.50336e-09
-8.350 -2.34229e-09
-8.250 -3.62682e-09
-8.150 -5.58331e-09
-8.050 -8.54906e-09
-7.950 -1.30253e-08
-7.850 -1.97552e-08
-7.750 -2.98385e-08
-7.650 -4.48996e-08
-7.550 -6.73335e-08
-7.450 -1.00665e-07
-7.350 -1.50073e-07
-7.250 -2.23143e-07
-7.150 -3.30966e-07
-7.050 -4.89702e-07
-6.950 -7.2282e-07
-6.850 -1.06427e-06
-6.750 -1.56295e-06
-6.650 -2.28897e-06
-6.550 -3.34235e-06
-6.450 -4.86495e-06
-6.350 -7.05689e-06
-6.250 -1.01987e-05
-6.150 -1.46813e-05
-6.050 -2.10454e-05
-5.950 -3.00344e-05
-5.850 -4.26628e-05
-5.750 -6.03046e-05
-5.650 -8.48071e-05
-5.550 -0.000118634
-5.450 -0.000165046
-5.350 -0.000228319
-5.250 -0.000314012
-5.150 -0.000429289
-5.050 -0.00058329
-4.950 -0.00078756
-4.850 -0.00105652
-4.750 -0.00140801
-4.650 -0.00186376
-4.550 -0.00244999
-4.450 -0.0031978
-4.350 -0.00414359
-4.250 -0.00532914
-4.150 -0.00680155
-4.050 -0.00861269
-3.950 -0.0108181
-3.850 -0.0134755
-3.750 -0.016642
-3.650 -0.0203709
-3.550 -0.0247076
-3.450 -0.0296837
-3.350 -0.0353107
-3.250 -0.0415731
-3.150 -0.0484199
-3.050 -0.0557562
-2.950 -0.0634353
-2.850 -0.0712507
-2.750 -0.0789297
-2.650 -0.0861298
-2.550 -0.0924374
-2.450 -0.0973704
-2.350 -0.100386
-2.250 -0.100893
-2.150 -0.0982704
-2.050 -0.09189
-1.950 -0.0811462
-1.850 -0.0654885
-1.750 -0.0444574
-1.650 -0.0177211
-1.550 0.014888
-1.450 0.0533414
-1.350 0.0973878
-1.250 0.146535
-1.150 0.200044
-1.050 0.256932
-0.950 0.315994
-0.850 0.375831
-0.750 0.434901
-0.650 0.491571
-0.550 0.544187
-0.450 0.591139
-0.350 0.630941
-0.250 0.662293
-0.150 0.684148
-0.050 0.695764
 0.050 0.696738
 0.150 0.687029
 0.250 0.666957
 0.350 0.637193
 0.450 0.598718
 0.550 0.552782
 0.650 0.500839
 0.750 0.444481
 0.850 0.385365
 0.950 0.325139
 1.050 0.265382
 1.150 0.207534
 1.250 0.152857
 1.350 0.102393
 1.450 0.0569435
 1.550 0.0170619
 1.650 -0.0169439
 1.750 -0.0449953
 1.850 -0.0672185
 1.950 -0.0839135
 2.050 -0.0955186
 2.150 -0.102573
 2.250 -0.105681
 2.350 -0.105476
 2.450 -0.102595
 2.550 -0.0976452
 2.650 -0.0911931
 2.750 -0.0837447
 2.850 -0.0757383
 2.950 -0.0675402
 3.050 -0.059445
 3.150 -0.0516788
 3.250 -0.044405
 3.350 -0.0377315
 3.450 -0.0317194
 3.550 -0.0263914
 3.650 -0.02174
 3.750 -0.0177355
 3.850 -0.0143326
 3.950 -0.0114762
 4.050 -0.00910646
 4.150 -0.0071624
 4.250 -0.00558462
 4.350 -0.00431735
 4.450 -0.00330967
 4.550 -0.00251621
 4.650 -0.00189736
 4.750 -0.00141918
 4.850 -0.00105305
 4.950 -0.000775211
 5.050 -0.000566219
 5.150 -0.000410369
 5.250 -0.000295137
 5.350 -0.00021065
 5.450 -0.000149217
 5.550 -0.000104913
 5.650 -7.32198e-05
 5.750 -5.07285e-05
 5.850 -3.48933e-05
 5.950 -2.38311e-05
 6.050 -1.61625e-05
 6.150 -1.08868e-05
 6.250 -7.28414e-06
 6.350 -4.84202e-06
 6.450 -3.19838e-06
 6.550 -2.09984e-06
 6.650 -1.37059e-06
 6.750 -8.89636e-07
 6.850 -5.7443e-07
 6.950 -3.69084e-07
 7.050 -2.36063e-07
 7.150 -1.5035e-07
 7.250 -9.53909e-08
 7.350 -6.03111e-08
 7.450 -3.80118e-08
 7.550 -2.38892e-08
 7.650 -1.49746e-08
 7.750 -9.364e-09
 7.850 -5.84211e-09
 7.950 -3.63657e-09
 8.050 -2.25843e-09
 8.150 -1.39909e-09
 8.250 -8.64408e-10
 8.350 -5.32466e-10
 8.450 -3.26897e-10
 8.550 -1.99941e-10
 8.650 -1.21779e-10
 8.750 -7.38292e-11
 8.850 -4.45317e-11
 8.950 -2.67117e-11
 9.050 -1.5927e-11
 9.150 -9.43606e-12
 9.250 -5.55267e-12
 9.350 -3.24424e-12
 9.450 -1.88141e-12
 9.550 -1.08264e-12
 9.650 -6.1802e-13
 9.750 -3.49893e-13
 9.850 -1.96423e-13
 9.950 -1.09318e-13
