-9.950 -1.77241e-17
-9.850 -4.05378e-17
-9.750 -9.18319e-17
-9.650 -2.06047e-16
-9.550 -4.57909e-16
-9.450 -1.00795e-15
-9.350 -2.19757e-15
-9.250 -4.7457e-15
-9.150 -1.0151e-14
-9.050 -2.15069e-14
-8.950 -4.51342e-14
-8.850 -9.38201e-14
-8.750 -1.93175e-13
-8.650 -3.93981e-13
-8.550 -7.95924e-13
-8.450 -1.59273e-12
-8.350 -3.1571e-12
-8.250 -6.19889e-12
-8.150 -1.20565e-11
-8.050 -2.32282e-11
-7.950 -4.43297e-11
-7.850 -8.38038e-11
-7.750 -1.56936e-10
-7.650 -2.91123e-10
-7.550 -5.34964e-10
-7.450 -9.738e-10
-7.350 -1.75595e-09
-7.250 -3.13656e-09
-7.150 -5.55004e-09
-7.050 -9.72833e-09
-6.950 -1.6892e-08
-6.850 -2.90553e-08
-6.750 -4.95075e-08
-6.650 -8.35632e-08
-6.550 -1.3972e-07
-6.450 -2.31418e-07
-6.350 -3.79691e-07
-6.250 -6.17099e-07
-6.150 -9.93497e-07
-6.050 -1.58439e-06
-5.950 -2.50284e-06
-5.850 -3.9163e-06
-5.750 -6.06991e-06
-5.650 -9.31845e-06
-5.550 -1.41694e-05
-5.450 -2.13398e-05
-5.350 -3.18311e-05
-5.250 -4.70239e-05
-5.150 -6.87977e-05
-5.050 -9.96778e-05
-4.950 -0.000143011
-4.850 -0.000203172
-4.750 -0.000285793
-4.650 -0.000398016
-4.550 -0.000548748
-4.450 -0.000748905
-4.350 -0.00101161
-4.250 -0.00135231
-4.150 -0.00178877
-4.050 -0.00234083
-3.950 -0.00302997
-3.850 -0.00387846
-3.750 -0.00490811
-3.650 -0.00613852
-3.550 -0.00758476
-3.450 -0.0092544
-3.350 -0.011144
-3.250 -0.0132349
-3.150 -0.0154887
-3.050 -0.0178422
-2.950 -0.0202029
-2.850 -0.0224439
-2.750 -0.0244004
-2.650 -0.0258668
-2.550 -0.0265965
-2.450 -0.0263025
-2.350 -0.0246625
-2.250 -0.0213256
-2.150 -0.015924
-2.050 -0.00808636
-1.950 0.00254379
-1.850 0.0162882
-1.750 0.0334117
-1.650 0.0540988
-1.550 0.0784316
-1.450 0.106369
-1.350 0.13773
-1.250 0.172182
-1.150 0.209238
-1.050 0.248255
-0.950 0.288452
-0.850 0.328925
-0.750 0.36868
-0.650 0.406665
-0.550 0.441815
-0.450 0.473097
-0.350 0.499555
-0.250 0.520354
-0.150 0.534824
-0.050 0.542486
 0.050 0.543083
 0.150 0.536591
 0.250 0.523215
 0.350 0.503389
 0.450 0.477743
 0.550 0.447082
 0.650 0.412342
 0.750 0.374546
 0.850 0.334761
 0.950 0.294049
 1.050 0.253425
 1.150 0.213822
 1.250 0.176056
 1.350 0.140804
 1.450 0.108593
 1.550 0.0797914
 1.650 0.0546156
 1.750 0.033136
 1.850 0.0152951
 1.950 0.000926742
 2.050 -0.0102217
 2.150 -0.0184659
 2.250 -0.0241622
 2.350 -0.0276859
 2.450 -0.0294136
 2.550 -0.0297073
 2.650 -0.0289028
 2.750 -0.0273009
 2.850 -0.0251629
 2.950 -0.022708
 3.050 -0.0201134
 3.150 -0.0175172
 3.250 -0.0150211
 3.350 -0.0126958
 3.450 -0.0105852
 3.550 -0.0087118
 3.650 -0.00708156
 3.750 -0.00568796
 3.850 -0.004516
 3.950 -0.00354535
 4.050 -0.00275289
 4.150 -0.00211467
 4.250 -0.00160734
 4.350 -0.00120908
 4.450 -0.000900229
 4.550 -0.00066352
 4.650 -0.000484182
 4.750 -0.000349831
 4.850 -0.000250289
 4.950 -0.000177333
 5.050 -0.000124433
 5.150 -8.64767e-05
 5.250 -5.9526e-05
 5.350 -4.0586e-05
 5.450 -2.7411e-05
 5.550 -1.83387e-05
 5.650 -1.21539e-05
 5.750 -7.97968e-06
 5.850 -5.19017e-06
 5.950 -3.34436e-06
 6.050 -2.13495e-06
 6.150 -1.35024e-06
 6.250 -8.46032e-07
 6.350 -5.25194e-07
 6.450 -3.23007e-07
 6.550 -1.96818e-07
 6.650 -1.18817e-07
 6.750 -7.10653e-08
 6.850 -4.21113e-08
 6.950 -2.4723e-08
 7.050 -1.43802e-08
 7.150 -8.28679e-09
 7.250 -4.73114e-09
 7.350 -2.67608e-09
 7.450 -1.49963e-09
 7.550 -8.32564e-10
 7.650 -4.57927e-10
 7.750 -2.49526e-10
 7.850 -1.34702e-10
 7.950 -7.20384e-11
 8.050 -3.81667e-11
 8.150 -2.00322e-11
 8.250 -1.04158e-11
 8.350 -5.36507e-12
 8.450 -2.73758e-12
 8.550 -1.38378e-12
 8.650 -6.92893e-13
 8.750 -3.43687e-13
 8.850 -1.6887e-13
 8.950 -8.21917e-14
 9.050 -3.96265e-14
 9.150 -1.89244e-14
 9.250 -8.95221e-15
 9.350 -4.19476e-15
 9.450 -1.94691e-15
 9.550 -8.95044e-16
 9.650 -4.07564e-16
 9.750 -1.83822e-16
 9.850 -8.2119e-17
 9.950 -3.63354e-17
