-9.950 -1.05465e-11
-9.850 -1.70433e-11
-9.750 -2.72965e-11
-9.650 -4.33353e-11
-9.550 -6.82097e-11
-9.450 -1.06468e-10
-9.350 -1.64843e-10
-9.250 -2.53238e-10
-9.150 -3.86128e-10
-9.050 -5.84569e-10
-8.950 -8.79046e-10
-8.850 -1.31355e-09
-8.750 -1.95137e-09
-8.650 -2.8834e-09
-8.550 -4.23998e-09
-8.450 -6.20788e-09
-8.350 -9.0546e-09
-8.250 -1.31633e-08
-8.150 -1.90826e-08
-8.050 -2.75983e-08
-7.950 -3.98348e-08
-7.850 -5.74008e-08
-7.750 -8.25947e-08
-7.650 -1.18696e-07
-7.550 -1.70373e-07
-7.450 -2.44258e-07
-7.350 -3.49747e-07
-7.250 -5.00108e-07
-7.150 -7.14016e-07
-7.050 -1.01766e-06
-6.950 -1.44761e-06
-6.850 -2.05478e-06
-6.750 -2.90968e-06
-6.650 -4.10961e-06
-6.550 -5.78815e-06
-6.450 -8.12788e-06
-6.350 -1.13771e-05
-6.250 -1.58716e-05
-6.150 -2.20632e-05
-6.050 -3.05559e-05
-5.950 -4.21523e-05
-5.850 -5.79116e-05
-5.750 -7.92216e-05
-5.650 -0.000107887
-5.550 -0.000146235
-5.450 -0.00019724
-5.350 -0.000264672
-5.250 -0.000353257
-5.150 -0.00046886
-5.050 -0.000618683
-4.950 -0.000811452
-4.850 -0.00105762
-4.750 -0.0013695
-4.650 -0.00176143
-4.550 -0.00224978
-4.450 -0.00285286
-4.350 -0.00359075
-4.250 -0.00448488
-4.150 -0.00555733
-4.050 -0.00682995
-3.950 -0.00832305
-3.850 -0.0100538
-3.750 -0.012034
-3.650 -0.0142679
-3.550 -0.0167493
-3.450 -0.0194581
-3.350 -0.0223573
-3.250 -0.0253892
-3.150 -0.0284721
-3.050 -0.0314968
-2.950 -0.0343244
-2.850 -0.0367845
-2.750 -0.0386744
-2.650 -0.03976
-2.550 -0.0397792
-2.450 -0.0384461
-2.350 -0.0354583
-2.250 -0.0305063
-2.150 -0.0232855
-2.050 -0.0135094
-1.950 -0.000925242
-1.850 0.0146699
-1.750 0.0334124
-1.650 0.0553562
-1.550 0.0804583
-1.450 0.108567
-1.350 0.139415
-1.250 0.172615
-1.150 0.207659
-1.050 0.243931
-0.950 0.280719
-0.850 0.31723
-0.750 0.35262
-0.650 0.38602
-0.550 0.416568
-0.450 0.443444
-0.350 0.465901
-0.250 0.483295
-0.150 0.495116
-0.050 0.501008
 0.050 0.500787
 0.150 0.494444
 0.250 0.482153
 0.350 0.464256
 0.450 0.441254
 0.550 0.413784
 0.650 0.382588
 0.750 0.348489
 0.850 0.312353
 0.950 0.275058
 1.050 0.237463
 1.150 0.200374
 1.250 0.164523
 1.350 0.13055
 1.450 0.09898
 1.550 0.0702227
 1.650 0.0445651
 1.750 0.0221754
 1.850 0.00310948
 1.950 -0.0126775
 2.050 -0.0253174
 2.150 -0.0350136
 2.250 -0.0420236
 2.350 -0.046643
 2.450 -0.0491892
 2.550 -0.0499872
 2.650 -0.0493568
 2.750 -0.0476024
 2.850 -0.0450052
 2.950 -0.0418174
 3.050 -0.0382585
 3.150 -0.0345141
 3.250 -0.030736
 3.350 -0.0270438
 3.450 -0.0235273
 3.550 -0.0202498
 3.650 -0.0172516
 3.750 -0.014554
 3.850 -0.012163
 3.950 -0.0100725
 4.050 -0.00826803
 4.150 -0.00672875
 4.250 -0.0054304
 4.350 -0.00434688
 4.450 -0.00345183
 4.550 -0.00271964
 4.650 -0.00212632
 4.750 -0.00164987
 4.850 -0.00127065
 4.950 -0.000971403
 5.050 -0.000737232
 5.150 -0.000555484
 5.250 -0.000415554
 5.350 -0.000308668
 5.450 -0.000227656
 5.550 -0.000166725
 5.650 -0.000121244
 5.750 -8.75516e-05
 5.850 -6.27776e-05
 5.950 -4.46967e-05
 6.050 -3.15985e-05
 6.150 -2.21801e-05
 6.250 -1.54579e-05
 6.350 -1.06956e-05
 6.450 -7.34701e-06
 6.550 -5.01001e-06
 6.650 -3.39129e-06
 6.750 -2.27858e-06
 6.850 -1.51953e-06
 6.950 -1.00571e-06
 7.050 -6.60589e-07
 7.150 -4.3058e-07
 7.250 -2.78494e-07
 7.350 -1.78729e-07
 7.450 -1.13805e-07
 7.550 -7.18955e-08
 7.650 -4.50598e-08
 7.750 -2.8016e-08
 7.850 -1.72797e-08
 7.950 -1.05722e-08
 8.050 -6.41624e-09
 8.150 -3.86252e-09
 8.250 -2.30635e-09
 8.350 -1.36597e-09
 8.450 -8.0244e-10
 8.550 -4.6756e-10
 8.650 -2.70218e-10
 8.750 -1.54899e-10
 8.850 -8.80722e-11
 8.950 -4.96699e-11
 9.050 -2.77855e-11
 9.150 -1.54178e-11
 9.250 -8.48622e-12
 9.350 -4.63344e-12
 9.450 -2.50959e-12
 9.550 -1.3484e-12
 9.650 -7.18736e-13
 9.750 -3.80068e-13
 9.850 -1.99391e-13
 9.950 -1.0378e-13
