-9.950 -9.34822e-17
-9.850 -2.0506e-16
-9.750 -4.45491e-16
-9.650 -9.58536e-16
-9.550 -2.04264e-15
-9.450 -4.31113e-15
-9.350 -9.01178e-15
-9.250 -1.86575e-14
-9.150 -3.82579e-14
-9.050 -7.76996e-14
-8.950 -1.56297e-13
-8.850 -3.11398e-13
-8.750 -6.145e-13
-8.650 -1.20108e-12
-8.550 -2.32524e-12
-8.450 -4.45875e-12
-8.350 -8.46862e-12
-8.250 -1.5932e-11
-8.150 -2.96885e-11
-8.050 -5.47988e-11
-7.950 -1.00189e-10
-7.850 -1.81445e-10
-7.750 -3.25494e-10
-7.650 -5.7839e-10
-7.550 -1.01808e-09
-7.450 -1.77511e-09
-7.350 -3.0659e-09
-7.250 -5.24543e-09
-7.150 -8.88991e-09
-7.050 -1.49248e-08
-6.950 -2.48209e-08
-6.850 -4.08907e-08
-6.750 -6.67313e-08
-6.650 -1.07878e-07
-6.550 -1.72755e-07
-6.450 -2.74047e-07
-6.350 -4.30635e-07
-6.250 -6.70317e-07
-6.150 -1.03355e-06
-6.050 -1.57853e-06
-5.950 -2.38802e-06
-5.850 -3.57826e-06
-5.750 -5.31053e-06
-5.650 -7.80582e-06
-5.550 -1.1363e-05
-5.450 -1.63805e-05
-5.350 -2.33828e-05
-5.250 -3.30491e-05
-5.150 -4.62454e-05
-5.050 -6.40578e-05
-4.950 -8.78221e-05
-4.850 -0.000119148
-4.750 -0.000159931
-4.650 -0.000212339
-4.550 -0.000278772
-4.450 -0.000361768
-4.350 -0.000463856
-4.250 -0.000587313
-4.150 -0.000733832
-4.050 -0.00090406
-3.950 -0.00109698
-3.850 -0.00130915
-3.750 -0.00153375
-3.650 -0.00175944
-3.550 -0.00196906
-3.450 -0.00213817
-3.350 -0.00223352
-3.250 -0.00221138
-3.150 -0.00201604
-3.050 -0.00157838
-2.950 -0.000814788
-2.850 0.000373476
-2.750 0.00210031
-2.650 0.00449397
-2.550 0.00769535
-2.450 0.0118552
-2.350 0.0171299
-2.250 0.0236765
-2.150 0.0316463
-2.050 0.0411772
-1.950 0.0523856
-1.850 0.0653575
-1.750 0.0801399
-1.650 0.0967319
-1.550 0.115078
-1.450 0.13506
-1.350 0.156497
-1.250 0.179139
-1.150 0.202672
-1.050 0.226722
-0.950 0.250861
-0.850 0.27462
-0.750 0.297503
-0.650 0.318999
-0.550 0.338607
-0.450 0.355849
-0.350 0.370289
-0.250 0.381552
-0.150 0.38934
-0.050 0.39344
 0.050 0.393739
 0.150 0.390223
 0.250 0.382982
 0.350 0.372205
 0.450 0.358169
 0.550 0.341233
 0.650 0.321817
 0.750 0.300392
 0.850 0.277456
 0.950 0.253521
 1.050 0.229088
 1.150 0.204639
 1.250 0.180617
 1.350 0.157415
 1.450 0.135368
 1.550 0.114748
 1.650 0.0957607
 1.750 0.078545
 1.850 0.0631773
 1.950 0.049676
 2.050 0.0380089
 2.150 0.0281005
 2.250 0.0198411
 2.350 0.0130955
 2.450 0.00771136
 2.550 0.00352731
 2.650 0.000379602
 2.750 -0.00189186
 2.850 -0.00343887
 2.950 -0.00440138
 3.050 -0.00490519
 3.150 -0.00506053
 3.250 -0.00496168
 3.350 -0.00468725
 3.450 -0.004301
 3.550 -0.00385321
 3.650 -0.00338213
 3.750 -0.0029157
 3.850 -0.00247323
 3.950 -0.00206703
 4.050 -0.0017039
 4.150 -0.00138647
 4.250 -0.00111439
 4.350 -0.000885219
 4.450 -0.000695246
 4.550 -0.000540079
 4.650 -0.000415083
 4.750 -0.000315703
 4.850 -0.000237674
 4.950 -0.00017714
 5.050 -0.000130723
 5.150 -9.553e-05
 5.250 -6.91397e-05
 5.350 -4.95627e-05
 5.450 -3.51929e-05
 5.550 -2.47546e-05
 5.650 -1.72498e-05
 5.750 -1.19084e-05
 5.850 -8.14492e-06
 5.950 -5.51943e-06
 6.050 -3.70584e-06
 6.150 -2.46533e-06
 6.250 -1.62503e-06
 6.350 -1.06135e-06
 6.450 -6.86847e-07
 6.550 -4.40427e-07
 6.650 -2.79833e-07
 6.750 -1.76172e-07
 6.850 -1.09896e-07
 6.950 -6.79259e-08
 7.050 -4.16e-08
 7.150 -2.52436e-08
 7.250 -1.51777e-08
 7.350 -9.04178e-09
 7.450 -5.33688e-09
 7.550 -3.12106e-09
 7.650 -1.80839e-09
 7.750 -1.03813e-09
 7.850 -5.90436e-10
 7.950 -3.32698e-10
 8.050 -1.85729e-10
 8.150 -1.02719e-10
 8.250 -5.62804e-11
 8.350 -3.05487e-11
 8.450 -1.64268e-11
 8.550 -8.75037e-12
 8.650 -4.61752e-12
 8.750 -2.41376e-12
 8.850 -1.24989e-12
 8.950 -6.41122e-13
 9.050 -3.25754e-13
 9.150 -1.63951e-13
 9.250 -8.17347e-14
 9.350 -4.03609e-14
 9.450 -1.97411e-14
 9.550 -9.56382e-15
 9.650 -4.58918e-15
 9.750 -2.1811e-15
 9.850 -1.02671e-15
 9.950 -4.78683e-16
