-9.950 7.69765e-12
-9.850 1.24689e-11
-9.750 1.99404e-11
-9.650 3.1472e-11
-9.550 4.90032e-11
-9.450 7.52354e-11
-9.350 1.1383e-10
-9.250 1.69593e-10
-9.150 2.48584e-10
-9.050 3.58046e-10
-8.950 5.05981e-10
-8.850 7.00105e-10
-8.750 9.45768e-10
-8.650 1.24228e-09
-8.550 1.57678e-09
-8.450 1.91468e-09
-8.350 2.18501e-09
-8.250 2.25919e-09
-8.150 1.92062e-09
-8.050 8.22707e-10
-7.950 -1.56804e-09
-7.850 -6.04731e-09
-7.750 -1.3771e-08
-7.650 -2.63808e-08
-7.550 -4.61629e-08
-7.450 -7.62495e-08
-7.350 -1.20873e-07
-7.250 -1.85694e-07
-7.150 -2.78235e-07
-7.050 -4.08466e-07
-6.950 -5.89636e-07
-6.850 -8.39473e-07
-6.750 -1.18198e-06
-6.650 -1.6501e-06
-6.550 -2.28979e-06
-6.450 -3.16611e-06
-6.350 -4.37229e-06
-6.250 -6.04306e-06
-6.150 -8.37393e-06
-6.050 -1.16487e-05
-5.950 -1.6278e-05
-5.850 -2.28519e-05
-5.750 -3.22113e-05
-5.650 -4.55422e-05
-5.550 -6.44978e-05
-5.450 -9.13545e-05
-5.350 -0.000129205
-5.250 -0.000182194
-5.150 -0.000255798
-5.050 -0.000357154
-4.950 -0.000495415
-4.850 -0.000682153
-4.750 -0.000931764
-4.650 -0.00126186
-4.550 -0.00169365
-4.450 -0.00225213
-4.350 -0.00296628
-4.250 -0.00386892
-4.150 -0.0049963
-4.050 -0.00638734
-3.950 -0.00808238
-3.850 -0.0101214
-3.750 -0.0125415
-3.650 -0.0153739
-3.550 -0.01864
-3.450 -0.0223472
-3.350 -0.0264832
-3.250 -0.0310111
-3.150 -0.0358632
-3.050 -0.0409353
-2.950 -0.0460816
-2.850 -0.0511103
-2.750 -0.0557809
-2.650 -0.059803
-2.550 -0.0628378
-2.450 -0.0645034
-2.350 -0.0643825
-2.250 -0.0620338
-2.150 -0.0570084
-2.050 -0.0488677
-1.950 -0.0372064
-1.850 -0.0216759
-1.750 -0.0020102
-1.650 0.0219493
-1.550 0.0502303
-1.450 0.08271
-1.350 0.1191
-1.250 0.158938
-1.150 0.20159
-1.050 0.246254
-0.950 0.291983
-0.850 0.337711
-0.750 0.382286
-0.650 0.424517
-0.550 0.463215
-0.450 0.497248
-0.350 0.525591
-0.250 0.547366
-0.150 0.561892
-0.050 0.568708
 0.050 0.567601
 0.150 0.558614
 0.250 0.542044
 0.350 0.518426
 0.450 0.48851
 0.550 0.453221
 0.650 0.413621
 0.750 0.370859
 0.850 0.326121
 0.950 0.28058
 1.050 0.235354
 1.150 0.191464
 1.250 0.149802
 1.350 0.111108
 1.450 0.0759548
 1.550 0.0447448
 1.650 0.0177108
 1.750 -0.00507187
 1.850 -0.0236696
 1.950 -0.0382693
 2.050 -0.0491548
 2.150 -0.056682
 2.250 -0.0612549
 2.350 -0.0633025
 2.450 -0.0632584
 2.550 -0.061544
 2.650 -0.0585545
 2.750 -0.0546489
 2.850 -0.0501435
 2.950 -0.0453082
 3.050 -0.0403658
 3.150 -0.0354934
 3.250 -0.0308258
 3.350 -0.026459
 3.450 -0.0224563
 3.550 -0.0188528
 3.650 -0.0156609
 3.750 -0.0128755
 3.850 -0.0104783
 3.950 -0.00844218
 4.050 -0.00673424
 4.150 -0.00531872
 4.250 -0.00415919
 4.350 -0.00322013
 4.450 -0.00246812
 4.550 -0.00187255
 4.650 -0.00140606
 4.750 -0.00104469
 4.850 -0.00076784
 4.950 -0.000558108
 5.050 -0.000401015
 5.150 -0.000284704
 5.250 -0.000199603
 5.350 -0.00013809
 5.450 -9.41851e-05
 5.550 -6.32568e-05
 5.650 -4.17681e-05
 5.750 -2.70546e-05
 5.850 -1.71366e-05
 5.950 -1.05641e-05
 6.050 -6.29032e-06
 6.150 -3.57041e-06
 6.250 -1.88281e-06
 6.350 -8.68028e-07
 6.450 -2.82493e-07
 6.550 3.58306e-08
 6.650 1.92638e-07
 6.750 2.55381e-07
 6.850 2.66063e-07
 6.950 2.50093e-07
 7.050 2.22312e-07
 7.150 1.90999e-07
 7.250 1.60474e-07
 7.350 1.32754e-07
 7.450 1.08575e-07
 7.550 8.80005e-08
 7.650 7.07743e-08
 7.750 5.65142e-08
 7.850 4.48119e-08
 7.950 3.52796e-08
 8.050 2.75694e-08
 8.150 2.13771e-08
 8.250 1.64411e-08
 8.350 1.25377e-08
 8.450 9.47713e-09
 8.550 7.09875e-09
 8.650 5.26784e-09
 8.750 3.87208e-09
 8.850 2.81868e-09
 8.950 2.03181e-09
 9.050 1.45013e-09
 9.150 1.02468e-09
 9.250 7.16789e-10
 9.350 4.96362e-10
 9.450 3.40245e-10
 9.550 2.30865e-10
 9.650 1.55055e-10
 9.750 1.03078e-10
 9.850 6.78262e-11
 9.950 4.41744e-11
