-9.950 -2.78806e-16
-9.850 -6.00333e-16
-9.750 -1.28016e-15
-9.650 -2.70346e-15
-9.550 -5.65415e-15
-9.450 -1.17115e-14
-9.350 -2.40246e-14
-9.250 -4.88103e-14
-9.150 -9.82157e-14
-9.050 -1.95737e-13
-8.950 -3.8636e-13
-8.850 -7.55349e-13
-8.750 -1.46267e-12
-8.650 -2.80542e-12
-8.550 -5.32975e-12
-8.450 -1.00296e-11
-8.350 -1.86955e-11
-8.250 -3.45204e-11
-8.150 -6.31405e-11
-8.050 -1.14404e-10
-7.950 -2.05348e-10
-7.850 -3.6514e-10
-7.750 -6.43219e-10
-7.650 -1.12254e-09
-7.550 -1.94085e-09
-7.450 -3.32462e-09
-7.350 -5.64238e-09
-7.250 -9.48769e-09
-7.150 -1.58069e-08
-7.050 -2.60932e-08
-6.950 -4.26787e-08
-6.850 -6.91682e-08
-6.750 -1.11076e-07
-6.650 -1.76748e-07
-6.550 -2.78687e-07
-6.450 -4.35421e-07
-6.350 -6.74115e-07
-6.250 -1.03417e-06
-6.150 -1.57209e-06
-6.050 -2.36804e-06
-5.950 -3.53444e-06
-5.850 -5.22708e-06
-5.750 -7.65936e-06
-5.650 -1.112e-05
-5.550 -1.59944e-05
-5.450 -2.27909e-05
-5.350 -3.21697e-05
-5.250 -4.49768e-05
-5.150 -6.22779e-05
-5.050 -8.5394e-05
-4.950 -0.000115931
-4.850 -0.0001558
-4.750 -0.000207222
-4.650 -0.000272699
-4.550 -0.000354956
-4.450 -0.000456812
-4.350 -0.00058099
-4.250 -0.000729819
-4.150 -0.000904826
-4.050 -0.00110618
-3.950 -0.00133198
-3.850 -0.00157735
-3.750 -0.00183333
-3.650 -0.00208563
-3.550 -0.00231312
-3.450 -0.00248621
-3.350 -0.0025652
-3.250 -0.00249846
-3.150 -0.00222085
-3.050 -0.00165228
-2.950 -0.000696648
-2.850 0.000758655
-2.750 0.00284252
-2.650 0.00569899
-2.550 0.00948504
-2.450 0.0143671
-2.350 0.0205166
-2.250 0.0281034
-2.150 0.037289
-2.050 0.0482183
-1.950 0.06101
-1.850 0.0757472
-1.750 0.092468
-1.650 0.111157
-1.550 0.131735
-1.450 0.154059
-1.350 0.17791
-1.250 0.202999
-1.150 0.228967
-1.050 0.25539
-0.950 0.281792
-0.850 0.307652
-0.750 0.332425
-0.650 0.355557
-0.550 0.376505
-0.450 0.39476
-0.350 0.409862
-0.250 0.421423
-0.150 0.42914
-0.050 0.432808
 0.050 0.432331
 0.150 0.427723
 0.250 0.419108
 0.350 0.406717
 0.450 0.390875
 0.550 0.371989
 0.650 0.350531
 0.750 0.327019
 0.850 0.301998
 0.950 0.276018
 1.050 0.249619
 1.150 0.223307
 1.250 0.197547
 1.350 0.172745
 1.450 0.149242
 1.550 0.12731
 1.650 0.107149
 1.750 0.0888895
 1.850 0.0725947
 1.950 0.0582696
 2.050 0.0458671
 2.150 0.0352975
 2.250 0.0264378
 2.350 0.0191412
 2.450 0.0132458
 2.550 0.00858233
 2.650 0.00498169
 2.750 0.0022801
 2.850 0.000323768
 2.950 -0.00102799
 3.050 -0.00190071
 3.150 -0.0024038
 3.250 -0.00263041
 3.350 -0.00265802
 3.450 -0.00254945
 3.550 -0.00235437
 3.650 -0.00211085
 3.750 -0.00184712
 3.850 -0.0015832
 3.950 -0.00133254
 4.050 -0.00110338
 4.150 -0.000900069
 4.250 -0.000724099
 4.350 -0.000574984
 4.450 -0.000450965
 4.550 -0.000349537
 4.650 -0.000267857
 4.750 -0.000203015
 4.850 -0.000152232
 4.950 -0.000112965
 5.050 -8.29731e-05
 5.150 -6.03347e-05
 5.250 -4.3441e-05
 5.350 -3.09736e-05
 5.450 -2.18723e-05
 5.550 -1.52984e-05
 5.650 -1.05994e-05
 5.750 -7.27503e-06
 5.850 -4.94682e-06
 5.950 -3.33256e-06
 6.050 -2.22437e-06
 6.150 -1.47105e-06
 6.250 -9.63934e-07
 6.350 -6.25862e-07
 6.450 -4.02648e-07
 6.550 -2.56681e-07
 6.650 -1.62137e-07
 6.750 -1.01484e-07
 6.850 -6.29406e-08
 6.950 -3.86799e-08
 7.050 -2.35537e-08
 7.150 -1.42116e-08
 7.250 -8.49646e-09
 7.350 -5.03309e-09
 7.450 -2.95412e-09
 7.550 -1.71795e-09
 7.650 -9.89869e-10
 7.750 -5.65091e-10
 7.850 -3.19615e-10
 7.950 -1.791e-10
 8.050 -9.94289e-11
 8.150 -5.46856e-11
 8.250 -2.97967e-11
 8.350 -1.60838e-11
 8.450 -8.60052e-12
 8.550 -4.55585e-12
 8.650 -2.39064e-12
 8.750 -1.24266e-12
 8.850 -6.39841e-13
 8.950 -3.26338e-13
 9.050 -1.64866e-13
 9.150 -8.24997e-14
 9.250 -4.08909e-14
 9.350 -2.00746e-14
 9.450 -9.76119e-15
 9.550 -4.70099e-15
 9.650 -2.24233e-15
 9.750 -1.05932e-15
 9.850 -4.9564e-16
 9.950 -2.29673e-16
