-9.950 8.47692e-13
-9.850 1.56716e-12
-9.750 2.86854e-12
-9.650 5.1986e-12
-9.550 9.32808e-12
-9.450 1.65723e-11
-9.350 2.91513e-11
-9.250 5.07722e-11
-9.150 8.75566e-11
-9.050 1.49503e-10
-8.950 2.52763e-10
-8.850 4.23139e-10
-8.750 7.01396e-10
-8.650 1.15122e-09
-8.550 1.87097e-09
-8.450 3.01091e-09
-8.350 4.7979e-09
-8.250 7.57059e-09
-8.150 1.18286e-08
-8.050 1.83006e-08
-7.950 2.80364e-08
-7.850 4.25307e-08
-7.750 6.38856e-08
-7.650 9.50205e-08
-7.550 1.39938e-07
-7.450 2.04056e-07
-7.350 2.94605e-07
-7.250 4.21104e-07
-7.150 5.95898e-07
-7.050 8.34752e-07
-6.950 1.15746e-06
-6.850 1.58845e-06
-6.750 2.15724e-06
-6.650 2.89876e-06
-6.550 3.85329e-06
-6.450 5.06583e-06
-6.350 6.58485e-06
-6.250 8.45989e-06
-6.150 1.0738e-05
-6.050 1.34584e-05
-5.950 1.66454e-05
-5.850 2.02995e-05
-5.750 2.43854e-05
-5.650 2.88187e-05
-5.550 3.34508e-05
-5.450 3.80527e-05
-5.350 4.22991e-05
-5.250 4.57558e-05
-5.150 4.78727e-05
-5.050 4.79864e-05
-4.950 4.5339e-05
-4.850 3.91182e-05
-4.750 2.85289e-05
-4.650 1.29042e-05
-4.550 -8.1328e-06
-4.450 -3.44444e-05
-4.350 -6.50802e-05
-4.250 -9.78936e-05
-4.150 -0.000129064
-4.050 -0.000152517
-3.950 -0.000159244
-3.850 -0.000136518
-3.750 -6.70311e-05
-3.650 7.20427e-05
-3.550 0.000310009
-3.450 0.000683608
-3.350 0.00123789
-3.250 0.00202697
-3.150 0.00311455
-3.050 0.00457411
-2.950 0.00648878
-2.850 0.00895063
-2.750 0.0120595
-2.650 0.0159209
-2.550 0.0206439
-2.450 0.0263374
-2.350 0.0331066
-2.250 0.0410483
-2.150 0.0502458
-2.050 0.0607638
-1.950 0.072643
-1.850 0.0858946
-1.750 0.100496
-1.650 0.116385
-1.550 0.133459
-1.450 0.151572
-1.350 0.170535
-1.250 0.190115
-1.150 0.210042
-1.050 0.230013
-0.950 0.249695
-0.850 0.268742
-0.750 0.286794
-0.650 0.303498
-0.550 0.318513
-0.450 0.331523
-0.350 0.342248
-0.250 0.350455
-0.150 0.355962
-0.050 0.358652
 0.050 0.358467
 0.150 0.355419
 0.250 0.349586
 0.350 0.341106
 0.450 0.330175
 0.550 0.317042
 0.650 0.301992
 0.750 0.285345
 0.850 0.267438
 0.950 0.248621
 1.050 0.229238
 1.150 0.209624
 1.250 0.190095
 1.350 0.170936
 1.450 0.1524
 1.550 0.134702
 1.650 0.118017
 1.750 0.102478
 1.850 0.0881774
 1.950 0.0751696
 2.050 0.0634735
 2.150 0.0530768
 2.250 0.0439401
 2.350 0.0360026
 2.450 0.0291864
 2.550 0.0234013
 2.650 0.0185498
 2.750 0.0145308
 2.850 0.0112433
 2.950 0.00858887
 3.050 0.00647465
 3.150 0.00481447
 3.250 0.00353022
 3.350 0.00255245
 3.450 0.00182054
 3.550 0.00128255
 3.650 0.000894805
 3.750 0.00062122
 3.850 0.000432572
 3.950 0.000305653
 4.050 0.000222419
 4.150 0.000169159
 4.250 0.000135721
 4.350 0.000114802
 4.450 0.000101329
 4.550 9.19262e-05
 4.650 8.44691e-05
 4.750 7.77274e-05
 4.850 7.108e-05
 4.950 6.42985e-05
 5.050 5.7388e-05
 5.150 5.04736e-05
 5.250 4.37248e-05
 5.350 3.73081e-05
 5.450 3.13609e-05
 5.550 2.59796e-05
 5.650 2.12178e-05
 5.750 1.7091e-05
 5.850 1.35831e-05
 5.950 1.06549e-05
 6.050 8.25206e-06
 6.150 6.31194e-06
 6.250 4.76944e-06
 6.350 3.56107e-06
 6.450 2.62779e-06
 6.550 1.91683e-06
 6.650 1.38239e-06
 6.750 9.85807e-07
 6.850 6.95232e-07
 6.950 4.84945e-07
 7.050 3.346e-07
 7.150 2.28386e-07
 7.250 1.54226e-07
 7.350 1.03045e-07
 7.450 6.81236e-08
 7.550 4.45657e-08
 7.650 2.88508e-08
 7.750 1.84836e-08
 7.850 1.17195e-08
 7.950 7.3542e-09
 8.050 4.56755e-09
 8.150 2.8078e-09
 8.250 1.70841e-09
 8.350 1.0289e-09
 8.450 6.13368e-10
 8.550 3.61942e-10
 8.650 2.11416e-10
 8.750 1.22242e-10
 8.850 6.99678e-11
 8.950 3.96434e-11
 9.050 2.22355e-11
 9.150 1.2346e-11
 9.250 6.78606e-12
 9.350 3.69251e-12
 9.450 1.98903e-12
 9.550 1.06067e-12
 9.650 5.59936e-13
 9.750 2.92631e-13
 9.850 1.51401e-13
 9.950 7.75465e-14
