-9.950 0
-9.850 0
-9.750 0
-9.650 0
-9.550 0
-9.450 0
-9.350 0
-9.250 0
-9.150 0
-9.050 0
-8.950 0
-8.850 0
-8.750 0
-8.650 0
-8.550 0
-8.450 0
-8.350 0
-8.250 0
-8.150 0
-8.050 0
-7.950 0
-7.850 0
-7.750 0
-7.650 0
-7.550 0
-7.450 0
-7.350 0
-7.250 0
-7.150 0
-7.050 0
-6.950 0
-6.850 0
-6.750 0
-6.650 0
-6.550 0
-6.450 0
-6.350 0
-6.250 0
-6.150 0
-6.050 0
-5.950 0
-5.850 0
-5.750 0
-5.650 0
-5.550 0
-5.450 0
-5.350 0
-5.250 0
-5.150 0
-5.050 0
-4.950 0
-4.850 0
-4.750 0
-4.650 0
-4.550 0
-4.450 0
-4.350 0
-4.250 0
-4.150 0
-4.050 0
-3.950 0
-3.850 0
-3.750 0
-3.650 0
-3.550 0
-3.450 0
-3.350 0
-3.250 0
-3.150 0
-3.050 0
-2.950 0
-2.850 0
-2.750 0
-2.650 0
-2.550 0
-2.450 0
-2.350 0
-2.250 0
-2.150 0
-2.050 0
-1.950 0
-1.850 0
-1.750 0
-1.650 0
-1.550 0
-1.450 0
-1.350 0
-1.250 0
-1.150 0
-1.050 0
-0.950 0
-0.850 0
-0.750 0
-0.650 0
-0.550 0
-0.450 0
-0.350 0
-0.250 0
-0.150 0
-0.050 0
 0.050 0
 0.150 0
 0.250 0
 0.350 0
 0.450 0
 0.550 0
 0.650 0
 0.750 0
 0.850 0
 0.950 0
 1.050 0
 1.150 0
 1.250 0
 1.350 0
 1.450 0
 1.550 0
 1.650 0
 1.750 0
 1.850 0
 1.950 0
 2.050 0
 2.150 0
 2.250 0
 2.350 0
 2.450 0
 2.550 0
 2.650 0
 2.750 0
 2.850 0
 2.950 0
 3.050 0
 3.150 0
 3.250 0
 3.350 0
 3.450 0
 3.550 0
 3.650 0
 3.750 0
 3.850 0
 3.950 0
 4.050 0
 4.150 0
 4.250 0
 4.350 0
 4.450 0
 4.550 0
 4.650 0
 4.750 0
 4.850 0
 4.950 0
 5.050 0
 5.150 0
 5.250 0
 5.350 0
 5.450 0
 5.550 0
 5.650 0
 5.750 0
 5.850 0
 5.950 0
 6.050 0
 6.150 0
 6.250 0
 6.350 0
 6.450 0
 6.550 0
 6.650 0
 6.750 0
 6.850 0
 6.950 0
 7.050 0
 7.150 0
 7.250 0
 7.350 0
 7.450 0
 7.550 0
 7.650 0
 7.750 0
 7.850 0
 7.950 0
 8.050 0
 8.150 0
 8.250 0
 8.350 0
 8.450 0
 8.550 0
 8.650 0
 8.750 0
 8.850 0
 8.950 0
 9.050 0
 9.150 0
 9.250 0
 9.350 0
 9.450 0
 9.550 0
 9.650 0
 9.750 0
 9.850 0
 9.950 0
