-9.950 -3.99547e-13
-9.850 -6.99103e-13
-9.750 -1.21145e-12
-9.650 -2.07922e-12
-9.550 -3.53488e-12
-9.450 -5.9537e-12
-9.350 -9.93583e-12
-9.250 -1.64327e-11
-9.150 -2.69399e-11
-9.050 -4.37903e-11
-8.950 -7.05975e-11
-8.850 -1.12923e-10
-8.750 -1.79281e-10
-8.650 -2.8265e-10
-8.550 -4.42748e-10
-8.450 -6.89467e-10
-8.350 -1.06808e-09
-8.250 -1.64714e-09
-8.150 -2.53056e-09
-8.050 -3.87609e-09
-7.950 -5.92365e-09
-7.850 -9.03888e-09
-7.750 -1.37801e-08
-7.650 -2.10007e-08
-7.550 -3.20066e-08
-7.450 -4.87948e-08
-7.350 -7.44164e-08
-7.250 -1.13522e-07
-7.150 -1.7318e-07
-7.050 -2.64088e-07
-6.950 -4.02359e-07
-6.850 -6.12132e-07
-6.750 -9.29345e-07
-6.650 -1.40715e-06
-6.550 -2.1236e-06
-6.450 -3.19247e-06
-6.350 -4.77832e-06
-6.250 -7.11726e-06
-6.150 -1.05453e-05
-6.050 -1.55366e-05
-5.950 -2.27544e-05
-5.850 -3.31187e-05
-5.750 -4.78939e-05
-5.650 -6.88019e-05
-5.550 -9.81666e-05
-5.450 -0.000139093
-5.350 -0.000195692
-5.250 -0.00027335
-5.150 -0.00037905
-5.050 -0.000521753
-4.950 -0.000712827
-4.850 -0.000966528
-4.750 -0.00130052
-4.650 -0.00173638
-4.550 -0.00230017
-4.450 -0.00302281
-4.350 -0.00394047
-4.250 -0.00509466
-4.150 -0.00653209
-4.050 -0.00830408
-3.950 -0.0104655
-3.850 -0.013073
-3.750 -0.0161825
-3.650 -0.0198458
-3.550 -0.0241063
-3.450 -0.0289934
-3.350 -0.0345162
-3.250 -0.0406564
-3.150 -0.0473604
-3.050 -0.0545307
-2.950 -0.0620182
-2.850 -0.0696148
-2.750 -0.0770469
-2.650 -0.0839722
-2.550 -0.0899787
-2.450 -0.0945871
-2.350 -0.0972593
-2.250 -0.0974101
-2.150 -0.0944257
-2.050 -0.0876869
-1.950 -0.0765972
-1.850 -0.0606156
-1.750 -0.0392919
-1.650 -0.0123025
-1.550 0.0205139
-1.450 0.0591244
-1.350 0.103276
-1.250 0.15248
-1.150 0.205999
-1.050 0.26286
-0.950 0.321869
-0.850 0.38164
-0.750 0.440644
-0.650 0.497265
-0.550 0.549862
-0.450 0.596839
-0.350 0.636719
-0.250 0.66821
-0.150 0.690271
-0.050 0.702156
 0.050 0.703458
 0.150 0.694127
 0.250 0.674472
 0.350 0.645148
 0.450 0.607119
 0.550 0.561618
 0.650 0.51008
 0.750 0.454081
 0.850 0.395263
 0.950 0.335264
 1.050 0.275651
 1.150 0.217861
 1.250 0.163151
 1.350 0.112567
 1.450 0.0669126
 1.550 0.0267484
 1.650 -0.00760912
 1.750 -0.0360716
 1.850 -0.0587544
 1.950 -0.0759466
 2.050 -0.0880753
 2.150 -0.0956694
 2.250 -0.0993231
 2.350 -0.0996622
 2.450 -0.0973139
 2.550 -0.0928815
 2.650 -0.086925
 2.750 -0.0799463
 2.850 -0.0723808
 2.950 -0.0645928
 3.050 -0.0568755
 3.150 -0.0494545
 3.250 -0.0424933
 3.350 -0.0361006
 3.450 -0.0303385
 3.550 -0.0252312
 3.650 -0.020773
 3.750 -0.0169361
 3.850 -0.0136772
 3.950 -0.0109436
 4.050 -0.00867752
 4.150 -0.00682012
 4.250 -0.00531408
 4.350 -0.00410561
 4.450 -0.00314565
 4.550 -0.00239051
 4.650 -0.00180211
 4.750 -0.00134784
 4.850 -0.00100029
 4.950 -0.000736712
 5.050 -0.000538535
 5.150 -0.000390781
 5.250 -0.000281528
 5.350 -0.000201393
 5.450 -0.000143079
 5.550 -0.000100972
 5.650 -7.07951e-05
 5.750 -4.93278e-05
 5.850 -3.41648e-05
 5.950 -2.35288e-05
 6.050 -1.61176e-05
 6.150 -1.09863e-05
 6.250 -7.45488e-06
 6.350 -5.03819e-06
 6.450 -3.39295e-06
 6.550 -2.27818e-06
 6.650 -1.52599e-06
 6.750 -1.02027e-06
 6.850 -6.81267e-07
 6.950 -4.54537e-07
 7.050 -3.03146e-07
 7.150 -2.02161e-07
 7.250 -1.34828e-07
 7.350 -8.99323e-08
 7.450 -5.99853e-08
 7.550 -3.99988e-08
 7.650 -2.66527e-08
 7.750 -1.77377e-08
 7.850 -1.17827e-08
 7.950 -7.80706e-09
 8.050 -5.15613e-09
 8.150 -3.39192e-09
 8.250 -2.22102e-09
 8.350 -1.44665e-09
 8.450 -9.36735e-10
 8.550 -6.02656e-10
 8.650 -3.8504e-10
 8.750 -2.44194e-10
 8.850 -1.5367e-10
 8.950 -9.59217e-11
 9.050 -5.93735e-11
 9.150 -3.64339e-11
 9.250 -2.21596e-11
 9.350 -1.33561e-11
 9.450 -7.97606e-12
 9.550 -4.71879e-12
 9.650 -2.7654e-12
 9.750 -1.60518e-12
 9.850 -9.22777e-13
 9.950 -5.25345e-13
