-9.950 6.6388e-12
-9.850 1.05209e-11
-9.750 1.64559e-11
-9.650 2.53916e-11
-9.550 3.86266e-11
-9.450 5.78862e-11
-9.350 8.53724e-11
-9.250 1.23748e-10
-9.150 1.75976e-10
-9.050 2.44897e-10
-8.950 3.32327e-10
-8.850 4.37359e-10
-8.750 5.53367e-10
-8.650 6.62928e-10
-8.550 7.29509e-10
-8.450 6.84151e-10
-8.350 4.04564e-10
-8.250 -3.17251e-10
-8.150 -1.82453e-09
-8.050 -4.67082e-09
-7.950 -9.73285e-09
-7.850 -1.83792e-08
-7.750 -3.2721e-08
-7.650 -5.59824e-08
-7.550 -9.30458e-08
-7.450 -1.51251e-07
-7.350 -2.41559e-07
-7.250 -3.8024e-07
-7.150 -5.91314e-07
-7.050 -9.10037e-07
-6.950 -1.38788e-06
-6.850 -2.09959e-06
-6.750 -3.15304e-06
-6.650 -4.70307e-06
-6.550 -6.97054e-06
-6.450 -1.02685e-05
-6.350 -1.50375e-05
-6.250 -2.18937e-05
-6.150 -3.16926e-05
-6.050 -4.56127e-05
-5.950 -6.52657e-05
-5.850 -9.28386e-05
-5.750 -0.000131275
-5.650 -0.000184502
-5.550 -0.000257719
-5.450 -0.000357745
-5.350 -0.000493443
-5.250 -0.000676229
-5.150 -0.000920659
-5.050 -0.00124511
-4.950 -0.00167254
-4.850 -0.00223133
-4.750 -0.00295612
-4.650 -0.0038887
-4.550 -0.00507886
-4.450 -0.006585
-4.350 -0.00847462
-4.250 -0.0108244
-4.150 -0.0137199
-4.050 -0.0172541
-3.950 -0.0215259
-3.850 -0.0266367
-3.750 -0.0326864
-3.650 -0.0397679
-3.550 -0.0479594
-3.450 -0.0573164
-3.350 -0.0678613
-3.250 -0.0795719
-3.150 -0.0923695
-3.050 -0.106106
-2.950 -0.120552
-2.850 -0.135387
-2.750 -0.150185
-2.650 -0.164419
-2.550 -0.177452
-2.450 -0.188546
-2.350 -0.196872
-2.250 -0.201534
-2.150 -0.201591
-2.050 -0.196096
-1.950 -0.184139
-1.850 -0.164894
-1.750 -0.137673
-1.650 -0.101977
-1.550 -0.0575543
-1.450 -0.0044392
-1.350 0.0570049
-1.250 0.126062
-1.150 0.201655
-1.050 0.282352
-0.950 0.366397
-0.850 0.451755
-0.750 0.536181
-0.650 0.617301
-0.550 0.692708
-0.450 0.760062
-0.350 0.817201
-0.250 0.862235
-0.150 0.893641
-0.050 0.910334
 0.050 0.911726
 0.150 0.897751
 0.250 0.868871
 0.350 0.826055
 0.450 0.770727
 0.550 0.704703
 0.650 0.630097
 0.750 0.549228
 0.850 0.464513
 0.950 0.378361
 1.050 0.293078
 1.150 0.210774
 1.250 0.133298
 1.350 0.0621785
 1.450 -0.0014085
 1.550 -0.0566527
 1.650 -0.103106
 1.750 -0.14066
 1.850 -0.169513
 1.950 -0.190121
 2.050 -0.203151
 2.150 -0.209422
 2.250 -0.209851
 2.350 -0.205406
 2.450 -0.197054
 2.550 -0.185728
 2.650 -0.172296
 2.750 -0.157534
 2.850 -0.142119
 2.950 -0.126615
 3.050 -0.111476
 3.150 -0.0970512
 3.250 -0.0835914
 3.350 -0.0712603
 3.450 -0.0601477
 3.550 -0.0502822
 3.650 -0.0416442
 3.750 -0.0341781
 3.850 -0.0278029
 3.950 -0.0224215
 4.050 -0.0179286
 4.150 -0.0142169
 4.250 -0.0111813
 4.350 -0.00872312
 4.450 -0.00675122
 4.550 -0.00518402
 4.650 -0.00394966
 4.750 -0.00298601
 4.850 -0.0022402
 4.950 -0.00166789
 5.050 -0.00123241
 5.150 -0.000903769
 5.250 -0.000657799
 5.350 -0.000475198
 5.450 -0.000340735
 5.550 -0.000242514
 5.650 -0.00017134
 5.750 -0.000120177
 5.850 -8.36894e-05
 5.950 -5.78731e-05
 6.050 -3.97501e-05
 6.150 -2.71261e-05
 6.250 -1.83993e-05
 6.350 -1.24112e-05
 6.450 -8.33162e-06
 6.550 -5.57091e-06
 6.650 -3.71426e-06
 6.750 -2.47241e-06
 6.850 -1.64555e-06
 6.950 -1.09684e-06
 7.050 -7.33389e-07
 7.150 -4.9269e-07
 7.250 -3.33003e-07
 7.350 -2.26657e-07
 7.450 -1.55423e-07
 7.550 -1.0735e-07
 7.650 -7.46232e-08
 7.750 -5.21376e-08
 7.850 -3.65501e-08
 7.950 -2.56593e-08
 8.050 -1.80034e-08
 8.150 -1.26e-08
 8.250 -8.78046e-09
 8.350 -6.08252e-09
 8.450 -4.18263e-09
 8.550 -2.85145e-09
 8.650 -1.92509e-09
 8.750 -1.2858e-09
 8.850 -8.4885e-10
 8.950 -5.53407e-10
 9.050 -3.55983e-10
 9.150 -2.25724e-10
 9.250 -1.40941e-10
 9.350 -8.65525e-11
 9.450 -5.21979e-11
 9.550 -3.08553e-11
 9.650 -1.78322e-11
 9.750 -1.00403e-11
 9.850 -5.47899e-12
 9.950 -2.87455e-12
