-9.950 -4.36003e-13
-9.850 -8.15877e-13
-9.750 -1.5127e-12
-9.650 -2.77899e-12
-9.550 -5.05871e-12
-9.450 -9.12483e-12
-9.350 -1.63101e-11
-9.250 -2.88904e-11
-9.150 -5.07143e-11
-9.050 -8.82281e-11
-8.950 -1.52126e-10
-8.850 -2.59983e-10
-8.750 -4.40404e-10
-8.650 -7.3952e-10
-8.550 -1.23103e-09
-8.450 -2.0316e-09
-8.350 -3.32423e-09
-8.250 -5.3934e-09
-8.150 -8.67743e-09
-8.050 -1.38458e-08
-7.950 -2.19122e-08
-7.850 -3.43987e-08
-7.750 -5.35722e-08
-7.650 -8.27808e-08
-7.550 -1.26932e-07
-7.450 -1.93161e-07
-7.350 -2.91771e-07
-7.250 -4.37526e-07
-7.150 -6.51435e-07
-7.050 -9.63194e-07
-6.950 -1.4145e-06
-6.850 -2.06352e-06
-6.750 -2.99092e-06
-6.650 -4.30781e-06
-6.550 -6.16644e-06
-6.450 -8.77407e-06
-6.350 -1.24113e-05
-6.250 -1.74555e-05
-6.150 -2.44116e-05
-6.050 -3.39505e-05
-5.950 -4.69586e-05
-5.850 -6.45982e-05
-5.750 -8.83844e-05
-5.650 -0.000120276
-5.550 -0.000162788
-5.450 -0.000219122
-5.350 -0.000293317
-5.250 -0.000390425
-5.150 -0.000516701
-5.050 -0.000679806
-4.950 -0.000889018
-4.850 -0.00115543
-4.750 -0.00149213
-4.650 -0.00191433
-4.550 -0.00243941
-4.450 -0.00308684
-4.350 -0.00387797
-4.250 -0.0048356
-4.150 -0.00598326
-4.050 -0.00734421
-3.950 -0.00894005
-3.850 -0.010789
-3.750 -0.0129035
-3.650 -0.0152878
-3.550 -0.0179346
-3.450 -0.0208218
-3.350 -0.0239086
-3.250 -0.0271318
-3.150 -0.0304019
-3.050 -0.0335995
-2.950 -0.036573
-2.850 -0.0391364
-2.750 -0.0410685
-2.650 -0.0421148
-2.550 -0.04199
-2.450 -0.0403837
-2.350 -0.0369684
-2.250 -0.0314096
-2.150 -0.0233791
-2.050 -0.0125695
-1.950 0.00128905
-1.850 0.0184109
-1.750 0.0389372
-1.650 0.0629188
-1.550 0.0903012
-1.450 0.120912
-1.350 0.154452
-1.250 0.190494
-1.150 0.228483
-1.050 0.267747
-0.950 0.307511
-0.850 0.346916
-0.750 0.385054
-0.650 0.420987
-0.550 0.453795
-0.450 0.482599
-0.350 0.506607
-0.250 0.525141
-0.150 0.537668
-0.050 0.543824
 0.050 0.543428
 0.150 0.536492
 0.250 0.523222
 0.350 0.504003
 0.450 0.479388
 0.550 0.450072
 0.650 0.416861
 0.750 0.38064
 0.850 0.342337
 0.950 0.302885
 1.050 0.263191
 1.150 0.224105
 1.250 0.186389
 1.350 0.150703
 1.450 0.117585
 1.550 0.0874467
 1.650 0.0605689
 1.750 0.0371073
 1.850 0.0171008
 1.950 0.000484027
 2.050 -0.0128967
 2.150 -0.0232661
 2.250 -0.0309021
 2.350 -0.0361177
 2.450 -0.0392447
 2.550 -0.0406187
 2.650 -0.0405667
 2.750 -0.0393965
 2.850 -0.0373897
 2.950 -0.0347961
 3.050 -0.0318311
 3.150 -0.0286749
 3.250 -0.0254731
 3.350 -0.022339
 3.450 -0.0193563
 3.550 -0.0165833
 3.650 -0.014056
 3.750 -0.0117927
 3.850 -0.00979731
 3.950 -0.00806314
 4.050 -0.00657573
 4.150 -0.00531556
 4.250 -0.00426016
 4.350 -0.0033859
 4.450 -0.00266918
 4.550 -0.00208745
 4.650 -0.00161978
 4.750 -0.00124728
 4.850 -0.000953217
 4.950 -0.000723085
 5.050 -0.000544502
 5.150 -0.00040706
 5.250 -0.000302132
 5.350 -0.000222658
 5.450 -0.00016293
 5.550 -0.000118385
 5.650 -8.54149e-05
 5.750 -6.11942e-05
 5.850 -4.35332e-05
 5.950 -3.07505e-05
 6.050 -2.15669e-05
 6.150 -1.50177e-05
 6.250 -1.03816e-05
 6.350 -7.12424e-06
 6.450 -4.85263e-06
 6.550 -3.28044e-06
 6.650 -2.20061e-06
 6.750 -1.46469e-06
 6.850 -9.67093e-07
 6.950 -6.33321e-07
 7.050 -4.11265e-07
 7.150 -2.64763e-07
 7.250 -1.68932e-07
 7.350 -1.06796e-07
 7.450 -6.68701e-08
 7.550 -4.14544e-08
 7.650 -2.54314e-08
 7.750 -1.54309e-08
 7.850 -9.25464e-09
 7.950 -5.48193e-09
 8.050 -3.20406e-09
 8.150 -1.84564e-09
 8.250 -1.04619e-09
 8.350 -5.82418e-10
 8.450 -3.17575e-10
 8.550 -1.68967e-10
 8.650 -8.72317e-11
 8.750 -4.33149e-11
 8.850 -2.0376e-11
 8.950 -8.81607e-12
 9.050 -3.2656e-12
 9.150 -7.85207e-13
 9.250 1.93979e-13
 9.350 4.83698e-13
 9.450 4.8747e-13
 9.550 3.95052e-13
 9.650 2.88325e-13
 9.750 1.9738e-13
 9.850 1.29209e-13
 9.950 8.17506e-14
