-9.950 -9.78643e-12
-9.850 -1.67694e-11
-9.750 -2.84487e-11
-9.650 -4.77827e-11
-9.550 -7.94613e-11
-9.450 -1.30837e-10
-9.350 -2.1331e-10
-9.250 -3.44366e-10
-9.150 -5.50524e-10
-9.050 -8.7158e-10
-8.950 -1.3666e-09
-8.850 -2.12234e-09
-8.750 -3.26487e-09
-8.650 -4.97553e-09
-8.550 -7.51256e-09
-8.450 -1.12401e-08
-8.350 -1.6667e-08
-8.250 -2.44976e-08
-8.150 -3.56994e-08
-8.050 -5.1591e-08
-7.950 -7.3957e-08
-7.850 -1.05199e-07
-7.750 -1.48532e-07
-7.650 -2.0825e-07
-7.550 -2.90064e-07
-7.450 -4.01575e-07
-7.350 -5.52899e-07
-7.250 -7.57525e-07
-7.150 -1.03349e-06
-7.050 -1.40502e-06
-6.950 -1.90477e-06
-6.850 -2.57702e-06
-6.750 -3.48201e-06
-6.650 -4.70208e-06
-6.550 -6.35005e-06
-6.450 -8.58086e-06
-6.350 -1.16074e-05
-6.250 -1.5722e-05
-6.150 -2.13255e-05
-6.050 -2.89653e-05
-5.950 -3.93866e-05
-5.850 -5.3598e-05
-5.750 -7.29565e-05
-5.650 -9.92753e-05
-5.550 -0.000134958
-5.450 -0.000183165
-5.350 -0.000248014
-5.250 -0.000334817
-5.150 -0.000450357
-5.050 -0.000603203
-4.950 -0.000804054
-4.850 -0.0010661
-4.750 -0.00140539
-4.650 -0.00184119
-4.550 -0.00239626
-4.450 -0.00309703
-4.350 -0.00397365
-4.250 -0.00505977
-4.150 -0.00639206
-4.050 -0.00800929
-3.950 -0.00995097
-3.850 -0.0122554
-3.750 -0.0149572
-3.650 -0.0180838
-3.550 -0.0216519
-3.450 -0.0256623
-3.350 -0.030095
-3.250 -0.0349033
-3.150 -0.040008
-3.050 -0.0452914
-2.950 -0.0505917
-2.850 -0.055699
-2.750 -0.060352
-2.650 -0.0642373
-2.550 -0.0669908
-2.450 -0.0682029
-2.350 -0.0674266
-2.250 -0.06419
-2.150 -0.0580124
-2.050 -0.0484242
-1.950 -0.03499
-1.850 -0.0173342
-1.750 0.00483191
-1.650 0.0316833
-1.550 0.0632562
-1.450 0.099426
-1.350 0.139891
-1.250 0.184162
-1.150 0.231561
-1.050 0.281232
-0.950 0.332154
-0.850 0.383172
-0.750 0.433035
-0.650 0.480438
-0.550 0.524074
-0.450 0.562688
-0.350 0.595132
-0.250 0.620414
-0.150 0.637747
-0.050 0.646583
 0.050 0.646642
 0.150 0.637922
 0.250 0.620706
 0.350 0.595539
 0.450 0.563212
 0.550 0.524718
 0.650 0.48121
 0.750 0.433947
 0.850 0.384242
 0.950 0.333403
 1.050 0.282687
 1.150 0.233253
 1.250 0.186121
 1.350 0.142149
 1.450 0.102011
 1.550 0.0661887
 1.650 0.0349771
 1.750 0.00849018
 1.850 -0.0133195
 1.950 -0.0306393
 2.050 -0.0437698
 2.150 -0.0530977
 2.250 -0.059068
 2.350 -0.0621577
 2.450 -0.0628526
 2.550 -0.0616267
 2.650 -0.0589265
 2.750 -0.0551585
 2.850 -0.0506811
 2.950 -0.0458007
 3.050 -0.0407697
 3.150 -0.0357887
 3.250 -0.0310095
 3.350 -0.0265401
 3.450 -0.0224508
 3.550 -0.0187801
 3.650 -0.0155412
 3.750 -0.0127274
 3.850 -0.010318
 3.950 -0.00828242
 4.050 -0.00658442
 4.150 -0.00518502
 4.250 -0.00404497
 4.350 -0.0031265
 4.450 -0.00239447
 4.550 -0.00181711
 4.650 -0.0013664
 4.750 -0.00101807
 4.850 -0.000751529
 4.950 -0.00054957
 5.050 -0.000398045
 5.150 -0.000285478
 5.250 -0.000202685
 5.350 -0.000142408
 5.450 -9.89802e-05
 5.550 -6.80296e-05
 5.650 -4.62194e-05
 5.750 -3.10317e-05
 5.850 -2.0588e-05
 5.950 -1.3502e-05
 6.050 -8.76228e-06
 6.150 -5.63991e-06
 6.250 -3.61582e-06
 6.350 -2.32539e-06
 6.450 -1.51618e-06
 6.550 -1.0162e-06
 6.650 -7.10409e-07
 6.750 -5.23403e-07
 6.850 -4.0697e-07
 6.950 -3.31165e-07
 7.050 -2.78044e-07
 7.150 -2.37336e-07
 7.250 -2.03511e-07
 7.350 -1.73841e-07
 7.450 -1.47154e-07
 7.550 -1.23063e-07
 7.650 -1.01515e-07
 7.750 -8.25418e-08
 7.850 -6.61417e-08
 7.950 -5.22368e-08
 8.050 -4.0671e-08
 8.150 -3.12276e-08
 8.250 -2.36528e-08
 8.350 -1.76792e-08
 8.450 -1.30441e-08
 8.550 -9.50319e-09
 8.650 -6.83817e-09
 8.750 -4.86106e-09
 8.850 -3.41457e-09
 8.950 -2.3705e-09
 9.050 -1.62672e-09
 9.150 -1.10364e-09
 9.250 -7.40345e-10
 9.350 -4.91124e-10
 9.450 -3.22213e-10
 9.550 -2.09089e-10
 9.650 -1.34212e-10
 9.750 -8.5223e-11
 9.850 -5.35375e-11
 9.950 -3.32751e-11
