-9.950 3.41772e-14
-9.850 6.484e-14
-9.750 1.21673e-13
-9.650 2.2582e-13
-9.550 4.14485e-13
-9.450 7.52309e-13
-9.350 1.35014e-12
-9.250 2.39555e-12
-9.150 4.20161e-12
-9.050 7.28354e-12
-8.950 1.24768e-11
-8.850 2.11158e-11
-8.750 3.52974e-11
-8.650 5.82609e-11
-8.550 9.49185e-11
-8.450 1.52571e-10
-8.350 2.41825e-10
-8.250 3.77697e-10
-8.150 5.80797e-10
-8.050 8.78339e-10
-7.950 1.30444e-09
-7.850 1.89868e-09
-7.750 2.70127e-09
-7.650 3.74163e-09
-7.550 5.01588e-09
-7.450 6.44545e-09
-7.350 7.80535e-09
-7.250 8.60465e-09
-7.150 7.89354e-09
-7.050 3.95995e-09
-6.950 -6.13711e-09
-6.850 -2.72713e-08
-6.750 -6.72917e-08
-6.650 -1.38544e-07
-6.550 -2.60053e-07
-6.450 -4.6062e-07
-6.350 -7.83148e-07
-6.250 -1.29061e-06
-6.150 -2.07419e-06
-6.050 -3.26424e-06
-5.950 -5.04483e-06
-5.850 -7.6729e-06
-5.750 -1.1503e-05
-5.650 -1.70191e-05
-5.550 -2.48743e-05
-5.450 -3.59405e-05
-5.350 -5.1369e-05
-5.250 -7.26619e-05
-5.150 -0.000101757
-5.050 -0.000141124
-4.950 -0.000193869
-4.850 -0.000263845
-4.750 -0.000355762
-4.650 -0.000475283
-4.550 -0.000629099
-4.450 -0.000824949
-4.350 -0.00107158
-4.250 -0.00137858
-4.150 -0.00175613
-4.050 -0.00221447
-3.950 -0.00276326
-3.850 -0.00341056
-3.750 -0.00416155
-3.650 -0.00501691
-3.550 -0.00597078
-3.450 -0.00700836
-3.350 -0.00810326
-3.250 -0.00921445
-3.150 -0.0102832
-3.050 -0.0112298
-2.950 -0.0119511
-2.850 -0.0123176
-2.750 -0.0121724
-2.650 -0.0113304
-2.550 -0.00957972
-2.450 -0.00668425
-2.350 -0.00238892
-2.250 0.00357328
-2.150 0.0114716
-2.050 0.021566
-1.950 0.0340929
-1.850 0.0492506
-1.750 0.0671828
-1.650 0.0879625
-1.550 0.111577
-1.450 0.137916
-1.350 0.166759
-1.250 0.197772
-1.150 0.230508
-1.050 0.264409
-0.950 0.29882
-0.850 0.333006
-0.750 0.366175
-0.650 0.397506
-0.550 0.426178
-0.450 0.451411
-0.350 0.472488
-0.250 0.488799
-0.150 0.49986
-0.050 0.505338
 0.050 0.505071
 0.150 0.499069
 0.250 0.487519
 0.350 0.470775
 0.450 0.449337
 0.550 0.423834
 0.650 0.394994
 0.750 0.363607
 0.850 0.330495
 0.950 0.29648
 1.050 0.262348
 1.150 0.228826
 1.250 0.196556
 1.350 0.166079
 1.450 0.137825
 1.550 0.112108
 1.650 0.0891271
 1.750 0.0689743
 1.850 0.0516431
 1.950 0.0370436
 2.050 0.0250177
 2.150 0.0153556
 2.250 0.00781236
 2.350 0.00212289
 2.450 -0.00198411
 2.550 -0.00477468
 2.650 -0.00650033
 2.750 -0.00739127
 2.850 -0.00765184
 2.950 -0.00745813
 3.050 -0.00695743
 3.150 -0.00626901
 3.250 -0.00548617
 3.350 -0.00467891
 3.450 -0.00389709
 3.550 -0.00317378
 3.650 -0.00252851
 3.750 -0.00197033
 3.850 -0.00150057
 3.950 -0.00111517
 4.050 -0.000806652
 4.150 -0.000565631
 4.250 -0.000382006
 4.350 -0.000245793
 4.450 -0.000147685
 4.550 -7.93889e-05
 4.650 -3.37818e-05
 4.750 -4.94728e-06
 4.850 1.18827e-05
 4.950 2.0438e-05
 5.050 2.35491e-05
 5.150 2.32968e-05
 5.250 2.11571e-05
 5.350 1.8134e-05
 5.450 1.48751e-05
 5.550 1.17683e-05
 5.650 9.01945e-06
 5.750 6.71294e-06
 5.850 4.85666e-06
 5.950 3.41467e-06
 6.050 2.32963e-06
 6.150 1.53743e-06
 6.250 9.76064e-07
 6.350 5.90394e-07
 6.450 3.34199e-07
 6.550 1.70462e-07
 6.650 7.06649e-08
 6.750 1.35943e-08
 6.850 -1.6014e-08
 6.950 -2.87809e-08
 7.050 -3.18408e-08
 7.150 -2.98011e-08
 7.250 -2.55004e-08
 7.350 -2.05843e-08
 7.450 -1.59248e-08
 7.550 -1.1916e-08
 7.650 -8.67377e-09
 7.750 -6.16575e-09
 7.850 -4.2919e-09
 7.950 -2.93134e-09
 8.050 -1.96739e-09
 8.150 -1.29906e-09
 8.250 -8.44653e-10
 8.350 -5.41204e-10
 8.450 -3.4193e-10
 8.550 -2.13119e-10
 8.650 -1.31098e-10
 8.750 -7.9618e-11
 8.850 -4.77525e-11
 8.950 -2.82918e-11
 9.050 -1.65616e-11
 9.150 -9.58076e-12
 9.250 -5.4781e-12
 9.350 -3.09637e-12
 9.450 -1.73032e-12
 9.550 -9.56096e-13
 9.650 -5.22419e-13
 9.750 -2.82306e-13
 9.850 -1.50883e-13
 9.950 -7.97644e-14
